Rk,Player,Age,Team,Pos,G,GS,MP,PER,TS%,3PAr,FTr,ORB%,DRB%,TRB%,AST%,STL%,BLK%,TOV%,USG%,OWS,DWS,WS,WS/48,OBPM,DBPM,BPM,VORP,Awards,Player-additional,Year
1,Andre Iguodala,25,PHI,SF,82,82,3269,18.4,0.56,0.228,0.454,3.3,14.0,8.6,22.4,2.1,0.9,13.9,22.3,5.6,3.5,9.2,0.134,2.6,0.6,3.2,4.3,DPOY-13,iguodan01,2009
2,Joe Johnson,27,ATL,SG,79,79,3124,18.2,0.534,0.292,0.255,2.4,10.5,6.5,26.4,1.4,0.5,11.0,26.6,5.1,2.5,7.6,0.116,2.7,-0.9,1.8,3.1,AS,johnsjo02,2009
3,O.J. Mayo,21,MEM,SG,82,82,3120,14.2,0.539,0.295,0.219,2.2,10.1,6.1,15.5,1.6,0.3,13.8,24.5,1.5,1.8,3.4,0.052,0.2,-1.4,-1.3,0.6,ROY-2,mayooj01,2009
4,Antawn Jamison,32,WAS,PF,81,81,3096,20.6,0.549,0.221,0.314,7.2,20.5,13.7,9.1,1.6,0.7,7.1,25.9,6.6,1.6,8.1,0.126,3.3,-1.7,1.6,2.8,,jamisan01,2009
5,Raymond Felton,24,CHA,PG,82,81,3086,13.7,0.483,0.191,0.251,2.2,10.2,6.2,31.1,2.2,0.8,15.9,21.9,0.6,3.7,4.3,0.066,-0.6,0.4,-0.1,1.4,,feltora01,2009
6,Tayshaun Prince,28,DET,SF,82,82,3057,15.0,0.516,0.138,0.238,4.9,13.7,9.2,13.8,0.8,1.3,8.2,19.2,3.7,2.5,6.2,0.098,1.4,-0.2,1.2,2.5,,princta01,2009
7,LeBron James,24,CLE,SF,81,81,3054,31.7,0.591,0.238,0.472,4.3,19.0,11.9,38.0,2.4,2.4,11.0,33.8,13.7,6.5,20.3,0.318,9.5,3.7,13.2,11.8,MVP-1DPOY-2ASNBA1,jamesle01,2009
8,Dirk Nowitzki,30,DAL,PF,81,81,3050,23.1,0.564,0.105,0.337,3.3,22.1,12.8,12.1,1.0,1.5,7.8,30.3,7.5,3.4,10.9,0.171,3.7,-0.3,3.4,4.2,MVP-10ASNBA1,nowitdi01,2009
9,Dwyane Wade,27,MIA,SG,79,79,3048,30.4,0.574,0.16,0.443,3.5,12.2,7.8,40.3,3.0,2.8,11.6,36.2,10.3,4.4,14.7,0.232,8.2,2.4,10.6,9.6,MVP-3DPOY-3ASNBA1,wadedw01,2009
10,Paul Pierce,31,BOS,SF,81,81,3035,17.7,0.582,0.257,0.468,2.4,15.4,9.2,16.3,1.4,0.7,13.8,25.4,5.5,4.8,10.3,0.164,2.4,0.7,3.1,3.9,MVP-7ASNBA2,piercpa01,2009
11,LaMarcus Aldridge,23,POR,PF,81,81,3004,19.1,0.529,0.023,0.269,9.5,15.6,12.5,9.3,1.4,2.0,8.0,23.7,6.1,3.3,9.5,0.151,1.7,-0.4,1.3,2.5,,aldrila01,2009
12,Chris Paul,23,NOH,PG,78,78,3002,30.0,0.599,0.14,0.418,2.8,14.6,8.7,54.5,3.9,0.3,13.5,27.5,13.3,5.0,18.3,0.292,7.2,3.8,11.0,9.9,MVP-5DPOY-6ASNBA2,paulch01,2009
13,Derrick Rose,20,CHI,PG,81,80,3000,16.0,0.516,0.06,0.207,3.7,8.4,6.1,28.8,1.1,0.4,13.3,22.6,3.4,1.5,4.9,0.078,1.1,-1.5,-0.4,1.2,ROY-1,rosede01,2009
14,Ben Gordon,25,CHI,SG,82,76,2999,17.0,0.573,0.321,0.29,2.0,8.8,5.4,15.9,1.2,0.5,11.9,25.0,5.2,1.7,6.9,0.11,2.4,-1.3,1.1,2.3,,gordobe01,2009
15,Pau Gasol,28,LAL,C,81,81,2999,22.2,0.617,0.002,0.42,10.0,19.3,14.7,14.8,0.9,2.1,11.3,20.4,9.8,4.2,13.9,0.223,4.0,0.5,4.5,5.0,ASNBA3,gasolpa01,2009
16,David West,28,NOH,PF,76,76,2982,18.9,0.54,0.019,0.321,6.5,19.7,13.1,10.9,0.9,1.9,10.0,26.5,4.2,3.5,7.8,0.125,1.3,-0.6,0.6,2.0,AS,westda01,2009
17,Andre Miller,32,PHI,PG,82,82,2976,18.6,0.548,0.051,0.393,4.9,9.9,7.4,30.2,2.0,0.4,14.0,21.8,6.2,2.5,8.8,0.141,2.4,0.0,2.4,3.3,,millean02,2009
18,Kobe Bryant,30,LAL,SG,82,82,2960,24.4,0.561,0.196,0.329,3.5,12.8,8.2,23.8,2.1,1.0,9.7,32.2,8.6,4.0,12.7,0.206,5.6,0.3,5.9,5.9,MVP-2DPOY-7ASNBA1,bryanko01,2009
19,John Salmons,29,2TM,SF,79,74,2959,16.0,0.58,0.276,0.317,2.3,10.8,6.5,14.5,1.4,0.6,11.7,21.3,4.7,0.8,5.6,0.09,1.6,-1.3,0.3,1.7,,salmojo01,2009
20,John Salmons,29,SAC,SF,53,53,1980,16.0,0.573,0.247,0.312,2.5,10.6,6.5,17.3,1.5,0.3,12.6,21.9,2.9,0.1,3.0,0.072,1.5,-1.7,-0.2,0.9,,salmojo01,2009
21,John Salmons,29,CHI,SF,26,21,979,16.0,0.596,0.338,0.33,1.9,11.2,6.6,8.8,1.3,1.1,9.7,20.2,1.9,0.7,2.6,0.127,1.8,-0.5,1.3,0.8,,salmojo01,2009
22,Vince Carter,32,NJN,SG,80,80,2946,19.3,0.545,0.291,0.305,3.0,13.8,8.3,23.7,1.5,1.1,9.8,26.8,5.7,1.8,7.5,0.123,3.3,-0.8,2.4,3.3,,cartevi01,2009
23,Rudy Gay,22,MEM,SF,79,78,2945,15.3,0.528,0.192,0.273,4.5,13.9,9.1,8.7,1.8,1.6,12.6,25.6,0.7,2.6,3.3,0.054,0.0,-1.1,-1.1,0.7,,gayru01,2009
24,Richard Jefferson,28,MIL,SF,82,82,2939,15.4,0.554,0.239,0.424,2.2,13.3,7.5,11.7,1.2,0.4,10.2,24.6,4.2,2.4,6.6,0.109,1.0,-0.8,0.2,1.6,,jefferi01,2009
25,Chris Bosh,24,TOR,C,77,77,2928,22.1,0.569,0.039,0.489,8.7,22.1,15.5,11.6,1.2,2.0,10.2,26.9,6.6,3.1,9.7,0.159,3.0,-0.4,2.7,3.5,AS,boshch01,2009
26,Chris Duhon,26,NYK,PG,79,78,2906,12.2,0.569,0.477,0.307,1.6,7.8,4.6,27.9,1.2,0.2,22.2,14.9,3.1,1.0,4.2,0.069,-0.2,-1.4,-1.5,0.3,,duhonch01,2009
27,Brandon Roy,24,POR,SG,78,78,2903,24.0,0.573,0.167,0.383,4.4,11.6,7.9,25.4,1.7,0.6,9.0,27.4,10.9,2.6,13.5,0.223,6.0,0.1,6.2,6.0,MVP-9ASNBA2,roybr01,2009
28,Jason Kidd,35,DAL,PG,81,81,2886,16.9,0.55,0.523,0.17,3.4,16.4,9.9,34.7,2.9,1.0,21.8,13.5,4.6,3.9,8.5,0.141,1.6,1.9,3.6,4.0,,kiddja01,2009
29,Kevin Durant,20,OKC,SF,74,74,2885,20.8,0.577,0.165,0.377,3.0,16.4,9.6,13.5,1.7,1.4,12.2,28.3,5.2,2.7,7.9,0.132,3.4,-0.1,3.3,3.8,,duranke01,2009
30,Ray Allen,33,BOS,SG,79,79,2876,17.3,0.624,0.467,0.239,2.9,8.6,5.9,12.6,1.3,0.4,10.4,20.8,7.4,3.7,11.1,0.186,3.7,0.3,4.0,4.3,AS,allenra02,2009
31,Jeff Green,22,OKC,PF,78,78,2873,13.9,0.536,0.231,0.287,4.7,16.3,10.4,9.1,1.4,0.8,12.6,21.2,1.8,2.4,4.2,0.07,-0.6,-0.6,-1.2,0.6,,greenje02,2009
32,Rashard Lewis,29,ORL,PF,79,79,2859,16.8,0.58,0.509,0.247,3.7,13.9,8.9,12.5,1.5,1.3,11.6,22.0,4.7,4.8,9.5,0.16,2.7,1.0,3.7,4.1,AS,lewisra02,2009
33,Mo Williams,26,CLE,PG,81,81,2834,17.2,0.588,0.373,0.202,2.1,9.4,5.9,20.1,1.3,0.3,12.7,23.4,6.1,3.7,9.8,0.165,2.4,-0.1,2.3,3.1,AS,willima01,2009
34,David Lee,25,NYK,C,81,74,2824,19.0,0.59,0.003,0.347,9.6,27.9,18.4,10.1,1.4,0.6,12.0,19.2,5.9,3.1,9.0,0.154,1.0,-0.2,0.8,2.0,,leeda02,2009
35,Dwight Howard,23,ORL,C,79,79,2821,25.4,0.6,0.002,0.867,13.8,29.5,21.8,7.3,1.4,5.9,15.1,26.1,6.2,7.6,13.8,0.234,2.1,2.4,4.5,4.7,MVP-4DPOY-1ASNBA1,howardw01,2009
36,Hedo Türkoğlu,29,ORL,SF,77,77,2815,14.8,0.541,0.367,0.38,1.8,14.2,8.2,22.5,1.2,0.5,14.6,23.0,3.0,4.4,7.3,0.125,0.5,0.7,1.3,2.4,DPOY-16,turkohe01,2009
37,Chauncey Billups,32,2TM,PG,79,79,2789,18.8,0.592,0.405,0.467,1.4,8.4,5.0,28.9,1.7,0.5,13.0,21.7,7.9,2.2,10.1,0.174,3.8,-0.5,3.4,3.8,MVP-6ASNBA3,billuch01,2009
38,Chauncey Billups,32,DET,PG,2,2,70,17.5,0.492,0.333,0.476,1.7,15.5,8.5,33.0,2.4,1.1,13.6,20.0,0.1,0.1,0.2,0.124,0.4,0.5,1.0,0.1,,billuch01,2009
39,Chauncey Billups,32,DEN,PG,77,77,2719,18.8,0.595,0.407,0.467,1.4,8.2,4.9,28.8,1.7,0.5,13.0,21.8,7.8,2.1,9.9,0.176,3.9,-0.5,3.4,3.7,,billuch01,2009
40,Boris Diaw,26,2TM,PF,81,59,2754,14.4,0.565,0.205,0.166,5.3,13.8,9.6,21.2,1.2,1.6,18.5,19.7,1.9,2.8,4.7,0.082,0.8,0.3,1.2,2.2,,diawbo01,2009
41,Boris Diaw,26,PHO,PF,22,0,538,12.5,0.6,0.099,0.184,5.4,12.5,9.1,12.1,1.0,1.2,19.5,15.5,0.5,0.2,0.7,0.062,0.2,-0.4,-0.1,0.3,,diawbo01,2009
42,Boris Diaw,26,CHA,PF,59,59,2216,14.9,0.558,0.225,0.163,5.3,14.1,9.7,23.4,1.2,1.6,18.3,20.8,1.4,2.6,4.0,0.086,1.0,0.5,1.5,1.9,,diawbo01,2009
43,Mike Bibby,30,ATL,PG,79,79,2740,16.3,0.544,0.426,0.17,1.6,10.3,6.0,24.2,1.9,0.3,10.6,20.6,4.4,2.5,6.9,0.121,2.0,0.0,2.0,2.8,,bibbymi01,2009
44,Wilson Chandler,21,NYK,SF,82,70,2735,12.9,0.515,0.298,0.204,3.5,14.7,8.9,9.9,1.3,2.0,10.8,20.5,1.0,2.1,3.1,0.054,-1.0,0.0,-1.0,0.7,,chandwi01,2009
45,Jarrett Jack,25,IND,SG,82,53,2716,13.1,0.554,0.259,0.308,1.8,9.5,5.6,18.6,1.6,0.5,16.0,18.5,2.3,1.8,4.1,0.073,-1.0,-0.5,-1.4,0.4,,jackja01,2009
46,Emeka Okafor,26,CHA,C,82,81,2691,18.0,0.581,0.0,0.478,12.7,25.2,19.0,3.5,1.0,4.2,13.4,18.9,3.7,4.6,8.2,0.147,-0.1,0.3,0.2,1.5,,okafoem01,2009
47,Eric Gordon,20,LAC,SG,78,65,2677,14.9,0.593,0.374,0.388,1.9,6.9,4.3,13.6,1.5,1.0,13.5,20.7,3.9,0.7,4.6,0.082,0.6,-1.0,-0.4,1.0,ROY-5,gordoer01,2009
48,Gerald Wallace,26,CHA,SF,71,71,2669,18.6,0.585,0.162,0.56,5.2,20.3,12.8,12.4,2.5,2.1,12.8,20.5,4.9,4.6,9.5,0.172,1.3,2.3,3.5,3.7,,wallage01,2009
49,Russell Westbrook,20,OKC,PG,82,65,2668,15.2,0.489,0.118,0.391,7.6,9.7,8.6,27.5,2.1,0.4,17.6,25.8,-0.1,2.0,1.9,0.035,-0.1,-0.9,-1.0,0.7,ROY-4,westbru01,2009
50,Al Thornton,25,LAC,SF,71,67,2654,12.6,0.502,0.075,0.298,5.2,11.0,8.0,6.9,1.2,1.7,9.9,22.6,0.2,1.0,1.3,0.023,-2.3,-1.8,-4.1,-1.4,,thornal01,2009
51,Rajon Rondo,22,BOS,PG,80,80,2642,18.8,0.543,0.063,0.353,4.8,13.9,9.6,39.7,3.0,0.3,19.2,19.2,4.8,5.1,9.9,0.179,1.9,2.1,4.0,4.0,DPOY-10,rondora01,2009
52,Anthony Parker,33,TOR,SG,80,71,2637,12.1,0.524,0.32,0.192,2.0,12.0,7.1,15.7,2.0,0.4,12.2,16.3,1.4,2.0,3.4,0.063,-1.1,0.4,-0.7,0.8,,parkean01,2009
53,Mario Chalmers,22,MIA,PG,82,82,2626,13.3,0.548,0.47,0.292,1.7,8.8,5.2,23.5,3.3,0.2,18.1,16.3,2.1,3.1,5.2,0.095,-1.4,1.1,-0.4,1.0,ROY-11,chalmma01,2009
54,Rasual Butler,29,NOH,SF,82,74,2614,11.8,0.541,0.447,0.137,2.3,10.2,6.3,4.8,1.1,2.0,6.5,16.8,2.2,2.4,4.6,0.084,0.0,-0.5,-0.5,1.0,,butlera01,2009
55,Ryan Gomes,26,MIN,SF,82,76,2614,12.5,0.518,0.293,0.186,4.6,13.3,8.8,8.7,1.3,0.6,10.8,20.4,1.3,1.3,2.5,0.046,-0.5,-1.2,-1.7,0.2,,gomesry01,2009
56,Ronnie Brewer,23,UTA,SF,81,80,2605,16.1,0.565,0.103,0.425,4.6,9.1,6.9,10.9,2.7,0.9,10.1,18.8,3.9,2.9,6.8,0.126,0.5,1.0,1.5,2.3,,brewero02,2009
57,Yao Ming,28,HOU,C,77,77,2589,22.7,0.618,0.001,0.426,9.6,24.1,17.1,10.0,0.6,4.2,16.0,26.2,5.6,5.0,10.6,0.196,1.6,1.6,3.1,3.3,MVP-12ASNBA2,mingya01,2009
58,Caron Butler,28,WAS,SG,67,67,2585,18.8,0.552,0.194,0.371,5.2,13.8,9.4,19.7,2.2,0.6,14.3,25.9,3.4,1.1,4.5,0.083,2.0,-1.1,0.9,1.9,,butleca01,2009
59,Thaddeus Young,20,PHI,PF,75,71,2580,15.3,0.549,0.171,0.197,6.4,11.1,8.8,5.8,2.1,0.7,10.2,20.5,3.0,2.5,5.5,0.102,0.4,-0.5,-0.1,1.2,,youngth01,2009
60,Udonis Haslem,28,MIA,PF,75,75,2560,13.1,0.553,0.0,0.264,7.8,21.2,14.4,5.3,0.9,0.8,10.3,14.7,3.0,2.6,5.7,0.106,-1.4,-0.9,-2.3,-0.2,,hasleud01,2009
61,Al Harrington,28,2TM,PF,73,56,2546,15.9,0.547,0.388,0.243,4.1,15.8,9.8,6.8,1.7,0.6,10.7,25.7,1.9,2.0,3.9,0.073,0.7,-0.9,-0.2,1.2,,harrial01,2009
62,Al Harrington,28,GSW,PF,5,5,166,8.8,0.417,0.4,0.143,6.6,11.8,9.2,8.9,2.1,0.0,8.6,20.9,-0.2,0.1,-0.1,-0.03,-1.5,-0.9,-2.3,0.0,,harrial01,2009
63,Al Harrington,28,NYK,PF,68,51,2380,16.4,0.555,0.387,0.25,4.0,16.1,9.8,6.6,1.7,0.7,10.8,26.0,2.1,1.9,4.0,0.08,0.9,-0.9,0.0,1.2,,harrial01,2009
64,Tim Duncan,32,SAS,C,75,75,2524,24.4,0.549,0.002,0.436,9.6,27.9,18.9,19.3,0.8,3.7,11.1,28.5,5.0,5.0,10.1,0.191,3.4,2.0,5.4,4.7,MVP-11DPOY-11ASNBA2,duncati01,2009
65,Marc Gasol,24,MEM,C,82,75,2521,16.7,0.59,0.002,0.567,9.6,20.0,14.7,9.7,1.3,2.9,16.6,18.3,3.7,2.7,6.4,0.121,-0.3,0.2,-0.1,1.2,ROY-8,gasolma01,2009
66,Rodney Stuckey,22,DET,PG,79,65,2517,14.8,0.508,0.085,0.318,3.2,9.8,6.5,26.1,1.7,0.3,14.3,23.0,1.7,2.2,3.8,0.073,-0.5,-0.1,-0.5,0.9,,stuckro01,2009
67,Nenê,26,DEN,C,77,76,2510,18.8,0.645,0.007,0.519,8.7,18.7,13.8,7.1,1.9,3.1,14.4,18.1,5.6,3.7,9.3,0.177,0.9,1.1,2.0,2.6,,hilarne01,2009
68,Mike Conley,21,MEM,PG,82,61,2508,14.3,0.548,0.297,0.27,1.2,12.5,6.8,23.7,1.9,0.3,14.9,17.9,2.7,1.9,4.5,0.086,0.0,-0.3,-0.3,1.1,,conlemi01,2009
69,Deron Williams,24,UTA,PG,68,68,2505,21.1,0.573,0.23,0.39,1.1,8.1,4.6,47.8,1.5,0.6,16.5,24.7,6.5,1.9,8.4,0.16,4.8,-0.9,4.0,3.8,,willide01,2009
70,Brook Lopez,20,NJN,C,82,75,2501,17.9,0.568,0.002,0.257,10.6,21.2,15.8,6.2,0.9,4.9,13.5,20.3,3.2,2.7,5.8,0.112,-0.3,-0.3,-0.6,0.9,ROY-3,lopezbr01,2009
71,Roger Mason,28,SAS,SG,82,71,2496,11.9,0.554,0.479,0.144,0.8,11.1,6.0,11.1,0.9,0.4,10.3,18.9,1.9,2.9,4.7,0.091,-0.7,-0.2,-0.9,0.7,,masonro01,2009
72,Randy Foye,25,MIN,SG,70,61,2494,13.7,0.517,0.314,0.277,1.5,8.8,5.0,20.5,1.5,0.8,12.0,22.6,2.0,1.1,3.1,0.059,0.1,-0.9,-0.8,0.8,,foyera01,2009
73,Devin Harris,25,NJN,PG,69,69,2494,21.6,0.563,0.212,0.582,1.4,9.7,5.5,34.4,2.4,0.4,14.0,28.4,5.9,1.7,7.5,0.145,3.3,-0.5,2.8,3.0,AS,harride01,2009
74,Jason Terry,31,DAL,SG,74,11,2491,19.3,0.571,0.39,0.193,1.8,6.3,4.1,17.6,2.0,0.6,8.6,25.5,5.4,1.9,7.3,0.14,3.3,-0.3,2.9,3.1,6MOY-1,terryja01,2009
75,Luis Scola,28,HOU,PF,82,82,2488,17.0,0.572,0.004,0.323,9.8,23.4,16.9,8.6,1.5,0.3,11.9,19.3,4.3,4.3,8.6,0.165,-0.2,0.7,0.5,1.6,,scolalu01,2009
76,Steve Nash,34,PHO,PG,74,74,2484,19.5,0.615,0.289,0.247,0.9,9.2,5.2,42.4,1.1,0.3,20.8,21.1,6.7,0.5,7.3,0.14,4.5,-2.1,2.4,2.8,,nashst01,2009
77,Troy Murphy,28,IND,PF,73,73,2482,17.8,0.614,0.467,0.24,6.4,32.0,19.1,10.4,1.2,1.0,11.9,16.9,5.2,3.4,8.5,0.165,2.8,0.4,3.2,3.3,,murphtr01,2009
78,Jamal Crawford,28,2TM,PG,65,65,2479,15.1,0.545,0.386,0.337,1.0,7.5,4.2,18.1,1.1,0.4,11.2,22.8,3.3,0.0,3.3,0.065,1.3,-2.6,-1.3,0.5,,crawfja01,2009
79,Jamal Crawford,28,NYK,SG,11,11,392,15.7,0.571,0.456,0.272,0.5,4.3,2.4,20.0,1.1,0.0,12.1,23.9,0.6,0.1,0.7,0.083,2.3,-2.0,0.3,0.2,,crawfja01,2009
80,Jamal Crawford,28,GSW,PG,54,54,2087,15.0,0.541,0.372,0.349,1.1,8.1,4.6,17.8,1.1,0.4,11.0,22.6,2.7,-0.1,2.7,0.061,1.1,-2.7,-1.6,0.2,,crawfja01,2009
81,Shawn Marion,30,2TM,SF,69,68,2470,16.0,0.522,0.067,0.187,8.6,19.7,14.2,9.3,1.9,2.1,11.0,18.1,2.1,3.1,5.2,0.101,0.0,0.3,0.3,1.4,,mariosh01,2009
82,Shawn Marion,30,MIA,SF,42,41,1516,15.7,0.522,0.09,0.191,8.4,20.5,14.4,8.2,2.0,2.4,10.4,16.7,1.4,2.2,3.6,0.113,-0.3,0.7,0.4,0.9,,mariosh01,2009
83,Shawn Marion,30,TOR,SF,27,27,954,16.4,0.523,0.038,0.181,9.1,18.4,13.8,10.9,1.7,1.7,11.7,20.2,0.7,1.0,1.6,0.082,0.4,-0.3,0.1,0.5,,mariosh01,2009
84,Tony Parker,26,SAS,PG,72,71,2456,23.4,0.556,0.051,0.287,1.3,9.4,5.4,40.1,1.5,0.1,11.6,31.7,5.6,3.0,8.6,0.168,3.8,-0.2,3.6,3.5,MVP-8ASNBA3,parketo01,2009
85,Andrea Bargnani,23,TOR,PF,78,59,2453,14.6,0.559,0.304,0.278,3.4,16.4,10.0,6.4,0.7,3.1,11.2,22.7,1.8,2.0,3.9,0.076,-0.1,-0.7,-0.8,0.7,,bargnan01,2009
86,Metta World Peace,29,HOU,SF,69,55,2452,15.6,0.512,0.369,0.253,3.2,13.4,8.5,16.2,2.3,0.7,10.8,24.5,1.6,4.0,5.5,0.108,0.7,1.2,1.9,2.4,DPOY-5,artesro01,2009
87,Rafer Alston,32,2TM,PG,77,76,2447,13.8,0.494,0.404,0.254,1.6,8.8,5.3,27.0,2.3,0.3,13.3,19.9,1.7,3.7,5.3,0.104,-0.3,1.1,0.8,1.8,,alstora01,2009
88,Rafer Alston,32,HOU,PG,48,48,1591,12.8,0.484,0.441,0.209,1.9,8.4,5.3,25.9,1.9,0.3,13.4,19.2,0.9,2.1,2.9,0.088,-0.3,0.4,0.2,0.9,,alstora01,2009
89,Rafer Alston,32,ORL,PG,29,28,856,15.6,0.509,0.339,0.332,1.1,9.6,5.5,28.9,3.1,0.3,13.2,21.2,0.8,1.6,2.4,0.135,-0.3,2.3,2.0,0.9,,alstora01,2009
90,Grant Hill,36,PHO,SF,82,68,2445,15.2,0.584,0.102,0.301,3.2,15.7,9.7,11.0,1.8,1.6,13.0,17.5,3.5,1.9,5.3,0.104,0.4,0.4,0.8,1.7,DPOY-16,hillgr01,2009
91,Derek Fisher,34,LAL,PG,82,82,2441,12.1,0.546,0.439,0.189,1.2,7.4,4.4,14.9,2.0,0.2,8.8,14.7,3.6,2.7,6.3,0.123,-0.5,0.7,0.2,1.3,,fishede01,2009
92,Danny Granger,25,IND,SF,67,66,2424,21.8,0.584,0.352,0.36,2.2,13.4,7.7,13.1,1.4,3.0,10.0,29.6,5.6,2.4,8.0,0.158,4.9,-0.1,4.8,4.2,MIP-1AS,grangda01,2009
93,Josh Smith,23,ATL,PF,69,69,2421,17.2,0.533,0.102,0.423,6.5,17.6,12.1,12.1,2.1,3.5,13.8,22.6,1.3,3.6,4.9,0.097,0.3,1.4,1.7,2.3,DPOY-16,smithjo03,2009
94,Jason Richardson,28,2TM,SG,72,71,2410,16.7,0.571,0.334,0.204,3.9,11.5,7.8,9.8,1.6,0.9,8.2,21.5,4.3,1.5,5.8,0.116,2.0,-0.8,1.2,2.0,,richaja01,2009
95,Jason Richardson,28,CHA,SG,14,14,491,15.8,0.536,0.268,0.25,3.3,11.3,7.3,14.1,1.5,0.5,8.9,25.8,0.5,0.5,1.1,0.104,1.5,-0.2,1.3,0.4,,richaja01,2009
96,Jason Richardson,28,PHO,SG,58,57,1919,16.9,0.581,0.353,0.191,4.1,11.5,7.9,8.7,1.6,1.0,8.0,20.4,3.8,0.9,4.7,0.119,2.2,-1.0,1.2,1.6,,richaja01,2009
97,Mehmet Okur,29,UTA,C,72,72,2409,17.5,0.592,0.227,0.376,6.1,21.5,13.8,8.1,1.2,1.7,11.3,21.7,4.5,2.9,7.4,0.148,1.6,-0.3,1.3,2.0,,okurme01,2009
98,Kelenna Azubuike,25,GSW,SF,74,51,2375,14.7,0.562,0.249,0.271,5.1,11.8,8.5,7.6,1.2,1.5,9.1,18.7,3.6,0.5,4.1,0.083,1.0,-1.5,-0.5,0.9,,azubuke01,2009
99,Mike Miller,28,MIN,SF,73,47,2356,13.8,0.588,0.411,0.272,3.5,21.2,12.0,21.6,0.7,1.0,19.1,14.5,2.8,1.4,4.2,0.086,0.9,0.3,1.1,1.8,,millemi01,2009
100,Stephen Jackson,30,GSW,SF,59,59,2339,16.1,0.53,0.306,0.357,3.3,10.8,7.1,25.6,1.8,0.9,16.6,25.2,1.5,0.7,2.2,0.045,1.4,-1.7,-0.3,1.0,,jacksst02,2009
101,Michael Finley,35,SAS,SF,81,77,2336,11.4,0.547,0.463,0.09,1.3,12.3,6.9,7.7,0.9,0.5,7.8,16.1,1.6,2.8,4.4,0.091,-0.4,0.0,-0.4,1.0,,finlemi01,2009
102,José Calderón,27,TOR,PG,68,68,2333,18.8,0.613,0.314,0.239,0.8,8.9,4.9,41.0,1.7,0.2,16.7,16.9,6.2,1.3,7.5,0.154,3.2,-0.4,2.8,2.8,,caldejo01,2009
103,Lamar Odom,29,LAL,PF,78,32,2316,16.6,0.542,0.147,0.366,8.7,22.2,15.5,12.8,1.7,3.3,14.5,18.1,2.7,4.2,6.9,0.143,0.4,1.6,2.0,2.4,6MOY-4,odomla01,2009
104,Raja Bell,32,2TM,SG,67,66,2315,10.7,0.548,0.396,0.149,2.2,10.5,6.4,10.1,1.1,0.3,10.6,16.3,2.0,1.6,3.6,0.074,-0.9,-0.4,-1.3,0.4,DPOY-12,bellra01,2009
105,Raja Bell,32,PHO,SG,22,22,712,8.5,0.569,0.531,0.119,1.4,8.8,5.2,5.5,0.9,0.2,8.8,12.6,0.7,0.1,0.8,0.054,-0.9,-0.9,-1.9,0.0,,bellra01,2009
106,Raja Bell,32,CHA,SG,45,44,1603,11.7,0.541,0.349,0.16,2.6,11.2,6.9,12.2,1.3,0.3,11.1,18.0,1.3,1.5,2.8,0.083,-0.9,-0.1,-1.0,0.4,,bellra01,2009
107,Anderson Varejão,26,CLE,PF,81,42,2306,14.6,0.565,0.004,0.496,8.9,20.6,15.0,5.4,1.8,2.3,11.5,14.2,3.3,4.7,8.0,0.166,-1.0,1.6,0.6,1.5,DPOY-13,varejan01,2009
108,Jason Thompson,22,SAC,PF,82,56,2303,13.9,0.54,0.011,0.399,11.8,19.0,15.4,6.8,1.0,1.9,14.8,19.3,1.8,0.9,2.7,0.057,-2.0,-2.2,-4.2,-1.3,,thompja02,2009
109,Paul Millsap,23,UTA,PF,76,38,2290,18.6,0.576,0.005,0.435,13.1,21.0,17.0,9.8,1.8,2.5,12.6,20.0,4.5,3.3,7.7,0.162,0.7,0.3,1.1,1.8,6MOY-17,millspa01,2009
110,Richard Hamilton,30,DET,SG,67,51,2279,16.9,0.529,0.182,0.252,2.3,8.6,5.4,23.9,1.0,0.1,10.3,27.0,3.1,1.4,4.5,0.095,1.5,-1.3,0.1,1.2,,hamilri01,2009
111,Carmelo Anthony,24,DEN,SF,66,66,2277,19.0,0.532,0.141,0.388,5.6,17.0,11.5,18.1,1.7,0.8,12.3,31.5,2.4,2.6,5.0,0.105,1.5,-1.0,0.5,1.5,NBA3,anthoca01,2009
112,Beno Udrih,26,SAC,PG,73,72,2270,12.3,0.525,0.162,0.216,2.4,9.0,5.7,24.7,1.8,0.4,17.2,18.2,1.0,0.2,1.2,0.026,-1.6,-1.5,-3.1,-0.6,,udrihbe01,2009
113,Spencer Hawes,20,SAC,C,77,51,2259,13.0,0.509,0.144,0.17,7.6,20.9,14.2,11.3,1.0,3.1,15.7,20.2,-0.4,1.2,0.8,0.016,-1.9,-1.1,-3.0,-0.6,,hawessp01,2009
114,T.J. Ford,25,IND,PG,74,49,2258,16.6,0.533,0.114,0.308,2.9,9.8,6.3,27.6,2.0,0.5,14.8,23.5,2.6,1.7,4.3,0.092,0.5,-0.3,0.3,1.3,,fordtj01,2009
115,Kendrick Perkins,24,BOS,C,76,76,2253,13.2,0.591,0.004,0.335,11.5,21.4,16.7,6.5,0.5,5.3,23.1,14.8,1.1,4.5,5.6,0.119,-1.8,1.9,0.1,1.2,,perkike01,2009
116,Shaquille O'Neal,36,PHO,C,75,75,2252,22.3,0.623,0.001,0.617,10.1,22.3,16.4,8.9,1.1,3.5,13.6,24.2,5.6,2.2,7.8,0.166,1.9,-0.3,1.7,2.1,ASNBA3,onealsh01,2009
117,Baron Davis,29,LAC,PG,65,60,2248,14.5,0.46,0.342,0.219,2.3,10.2,6.1,38.1,2.5,1.2,15.5,25.2,-0.9,1.5,0.6,0.013,0.0,-0.8,-0.8,0.7,,davisba01,2009
118,Travis Outlaw,24,POR,SF,81,6,2246,15.1,0.541,0.278,0.285,3.8,14.6,9.1,6.3,1.2,2.0,8.9,22.0,3.0,2.3,5.3,0.113,0.6,-0.4,0.2,1.2,6MOY-5,outlatr01,2009
119,J.R. Smith,23,DEN,SG,81,18,2245,16.8,0.576,0.477,0.286,2.3,12.8,7.7,17.3,1.8,0.5,12.3,24.2,3.6,2.2,5.8,0.124,2.6,-0.3,2.2,2.4,6MOY-2,smithjr01,2009
120,Al Horford,22,ATL,C,67,67,2242,17.0,0.565,0.002,0.345,7.6,25.0,16.3,11.9,1.3,3.3,13.1,16.4,3.3,3.5,6.8,0.145,0.2,1.5,1.7,2.1,,horfoal01,2009
121,Nate Robinson,24,NYK,PG,74,11,2209,18.9,0.549,0.375,0.288,4.7,9.8,7.2,22.9,2.1,0.2,10.7,25.6,4.4,1.5,5.9,0.128,2.5,-0.1,2.4,2.4,6MOY-3,robinna01,2009
122,Steve Blake,28,POR,PG,69,69,2188,14.4,0.557,0.507,0.116,1.6,8.4,4.9,25.1,1.7,0.1,13.7,17.0,4.1,1.7,5.8,0.128,1.7,-0.2,1.5,1.9,,blakest01,2009
123,Tyrus Thomas,22,CHI,PF,79,61,2175,15.9,0.525,0.013,0.445,7.8,18.9,13.4,5.5,2.2,5.1,13.6,19.4,1.2,3.4,4.6,0.101,-1.5,1.5,0.0,1.1,,thomaty01,2009
124,Ramon Sessions,22,MIL,PG,79,39,2173,17.6,0.525,0.044,0.457,3.3,11.7,7.3,34.6,2.0,0.3,14.0,22.4,3.5,2.1,5.6,0.123,1.4,0.1,1.6,1.9,,sessira01,2009
125,Delonte West,25,CLE,SG,64,64,2152,14.1,0.559,0.365,0.173,1.8,9.2,5.6,16.6,2.4,0.5,12.0,16.7,3.0,3.4,6.4,0.142,0.1,1.7,1.7,2.0,,westde01,2009
126,James Posey,32,NOH,SG,75,0,2140,10.8,0.568,0.599,0.279,2.2,18.3,10.2,6.0,1.5,0.8,11.8,15.0,1.7,2.6,4.2,0.095,-1.3,0.4,-1.0,0.6,6MOY-16,poseyja01,2009
127,Rasheed Wallace,34,DET,C,66,63,2123,14.9,0.52,0.443,0.14,3.1,24.6,13.7,7.1,1.6,3.1,7.2,18.5,1.6,3.4,5.1,0.114,0.4,1.6,2.0,2.1,,wallara01,2009
128,Luc Mbah a Moute,22,MIL,PF,82,52,2114,12.3,0.516,0.008,0.391,10.1,17.4,13.6,6.3,2.1,1.8,14.8,14.3,1.2,2.8,4.0,0.092,-1.6,0.8,-0.8,0.6,,mbahalu01,2009
129,Kenyon Martin,31,DEN,PF,66,66,2111,13.6,0.523,0.059,0.304,4.6,16.8,10.9,10.0,2.3,2.7,12.4,17.7,0.9,3.1,4.0,0.09,-1.2,1.5,0.3,1.2,,martike01,2009
130,Brad Miller,32,2TM,C,70,43,2100,16.7,0.566,0.091,0.443,8.3,21.9,15.0,17.9,1.3,1.3,15.1,18.4,3.6,1.5,5.1,0.117,1.0,0.1,1.1,1.6,,millebr01,2009
131,Brad Miller,32,SAC,C,43,43,1354,15.7,0.562,0.111,0.402,7.1,22.7,14.8,17.8,1.1,1.3,15.4,17.9,1.9,0.6,2.6,0.091,0.7,-0.2,0.5,0.8,,millebr01,2009
132,Brad Miller,32,CHI,C,27,0,746,18.6,0.574,0.058,0.513,10.3,20.5,15.4,18.0,1.5,1.2,14.5,19.4,1.7,0.9,2.6,0.165,1.5,0.6,2.1,0.8,,millebr01,2009
133,Charlie Villanueva,24,MIL,PF,78,47,2095,18.6,0.529,0.237,0.22,8.3,21.6,14.7,12.4,1.2,2.2,10.4,28.5,2.2,2.7,4.9,0.112,1.6,-0.6,1.1,1.6,,villach01,2009
134,Sebastian Telfair,23,MIN,PG,75,43,2095,10.8,0.481,0.303,0.23,1.7,5.5,3.5,26.1,1.8,0.4,16.0,19.6,0.0,0.8,0.8,0.019,-2.0,-1.4,-3.4,-0.7,,telfase01,2009
135,Marvin Williams,22,ATL,SF,61,59,2093,16.0,0.569,0.249,0.439,6.2,15.2,10.7,6.3,1.5,1.4,8.6,18.2,3.9,2.2,6.1,0.14,1.0,-0.2,0.8,1.5,,willima02,2009
136,Allen Iverson,33,2TM,SG,57,53,2093,15.8,0.504,0.119,0.416,1.7,8.2,4.9,23.1,2.3,0.2,12.9,25.7,0.9,1.9,2.9,0.066,0.2,0.0,0.2,1.1,AS,iversal01,2009
137,Allen Iverson,33,DEN,SG,3,3,123,15.2,0.549,0.2,0.625,2.9,4.6,3.8,25.9,1.2,0.6,16.4,22.1,0.2,0.1,0.2,0.087,1.8,-1.5,0.3,0.1,,iversal01,2009
138,Allen Iverson,33,DET,PG,54,50,1970,15.9,0.502,0.115,0.406,1.6,8.4,5.0,23.0,2.4,0.2,12.7,25.9,0.8,1.9,2.7,0.065,0.1,0.1,0.2,1.1,,iversal01,2009
139,Peja Stojaković,31,NOH,SF,61,59,2089,12.5,0.531,0.534,0.145,2.6,12.7,7.6,6.0,1.4,0.1,6.3,18.8,1.9,1.9,3.8,0.087,0.2,-1.0,-0.7,0.7,,stojape01,2009
140,Matt Barnes,28,PHO,PF,77,40,2082,12.6,0.537,0.506,0.202,4.6,18.5,11.8,14.2,1.2,0.9,15.0,18.3,1.6,1.4,3.0,0.069,0.2,-0.7,-0.4,0.8,,barnema02,2009
141,Keyon Dooling,28,NJN,PG,77,18,2074,13.6,0.562,0.393,0.258,1.4,7.6,4.5,21.3,1.8,0.3,13.6,17.4,2.8,0.9,3.7,0.085,0.2,-0.7,-0.5,0.7,,doolike01,2009
142,Dominic McGuire,23,WAS,SF,79,57,2072,10.8,0.483,0.012,0.315,6.2,18.4,12.1,13.8,1.6,2.9,20.0,10.1,0.5,1.3,1.7,0.04,-1.8,0.7,-1.1,0.5,,mcguido01,2009
143,Jamario Moon,28,2TM,SF,80,60,2068,13.3,0.567,0.386,0.169,3.3,17.5,10.4,7.0,2.2,2.3,7.8,12.4,2.4,2.5,4.9,0.114,0.0,1.7,1.7,1.9,,moonja01,2009
144,Jamario Moon,28,TOR,SF,54,39,1379,14.2,0.569,0.347,0.205,4.1,16.9,10.6,7.7,2.5,2.5,8.2,12.6,1.7,1.7,3.4,0.119,0.5,2.2,2.7,1.6,,moonja01,2009
145,Jamario Moon,28,MIA,SF,26,21,689,11.6,0.562,0.465,0.096,1.7,18.6,10.1,5.5,1.6,1.9,6.8,12.0,0.6,0.8,1.5,0.103,-0.9,0.7,-0.2,0.3,,moonja01,2009
146,Kevin Love,20,MIN,C,81,37,2048,18.3,0.538,0.028,0.488,15.1,27.3,21.0,6.8,0.9,1.9,12.4,21.0,3.4,1.9,5.3,0.124,0.4,-1.6,-1.1,0.4,ROY-6,loveke01,2009
147,Samuel Dalembert,27,PHI,C,82,82,2036,13.2,0.535,0.005,0.286,12.5,28.9,20.6,1.4,0.9,5.8,19.3,13.6,0.5,3.5,4.0,0.095,-2.9,0.8,-2.1,0.0,,dalemsa01,2009
148,Luke Ridnour,27,MIL,PG,72,50,2033,12.9,0.5,0.253,0.246,1.8,11.3,6.3,28.2,2.3,0.7,15.7,18.0,1.2,2.2,3.4,0.081,-1.0,0.9,0.0,1.0,,ridnolu01,2009
149,Shane Battier,30,HOU,SG,60,59,2031,10.7,0.568,0.669,0.189,3.1,12.9,8.2,10.0,1.3,1.9,11.3,9.9,2.3,2.9,5.2,0.123,0.1,1.9,2.0,2.0,DPOY-4,battish01,2009
150,Hakim Warrick,26,MEM,PF,82,7,2029,16.9,0.554,0.033,0.54,7.7,17.0,12.3,5.9,1.3,1.6,10.3,22.0,3.0,1.7,4.7,0.111,0.2,-0.9,-0.7,0.7,6MOY-17,warriha01,2009
151,Jermaine O'Neal,30,2TM,C,68,61,2027,15.4,0.522,0.001,0.288,7.4,17.8,12.6,10.3,0.8,5.3,14.2,23.2,0.2,2.3,2.6,0.06,-1.8,0.3,-1.5,0.3,,onealje01,2009
152,Jermaine O'Neal,30,TOR,C,41,34,1216,15.4,0.526,0.002,0.305,6.9,20.7,13.9,9.3,0.8,5.2,14.9,23.5,-0.1,1.4,1.4,0.055,-2.1,0.7,-1.3,0.2,,onealje01,2009
153,Jermaine O'Neal,30,MIA,C,27,27,811,15.5,0.514,0.0,0.262,8.0,13.4,10.7,11.7,0.7,5.4,13.3,22.7,0.3,0.9,1.2,0.069,-1.4,-0.3,-1.7,0.1,,onealje01,2009
154,Michael Beasley,20,MIA,PF,81,19,2009,17.2,0.528,0.085,0.252,6.5,19.8,13.1,7.7,1.1,1.5,10.2,27.7,1.2,2.2,3.4,0.081,-0.2,-1.5,-1.7,0.1,ROY-76MOY-17,beaslmi01,2009
155,Trevor Ariza,23,LAL,SF,82,20,1999,15.5,0.544,0.32,0.284,6.4,13.4,10.0,10.4,3.5,0.9,11.5,16.6,2.5,3.5,6.1,0.146,0.2,2.2,2.4,2.3,DPOY-166MOY-17,arizatr01,2009
156,Aaron Brooks,24,HOU,PG,80,35,1998,12.9,0.521,0.395,0.22,2.0,7.0,4.6,20.2,1.2,0.3,12.7,22.9,1.4,2.2,3.6,0.086,-0.3,-0.6,-0.9,0.6,,brookaa01,2009
157,Rudy Fernández,23,POR,SG,78,4,1993,15.5,0.588,0.632,0.227,2.9,10.1,6.4,12.7,1.9,0.5,11.0,18.4,4.3,1.8,6.1,0.147,2.6,0.4,3.0,2.5,ROY-9,fernaru01,2009
158,Andrés Nocioni,29,2TM,PF,76,18,1991,12.2,0.555,0.444,0.261,3.1,17.8,10.5,8.3,1.0,1.2,12.6,20.1,1.4,1.4,2.8,0.068,-1.0,-0.9,-1.9,0.0,,nocioan01,2009
159,Andrés Nocioni,29,CHI,PF,53,2,1278,11.4,0.547,0.465,0.276,3.1,16.8,9.9,7.4,1.0,0.9,12.7,20.1,0.8,1.1,1.9,0.072,-1.5,-0.6,-2.1,0.0,,nocioan01,2009
160,Andrés Nocioni,29,SAC,SF,23,16,713,13.6,0.568,0.405,0.234,3.3,19.6,11.4,9.9,0.9,1.8,12.6,20.0,0.6,0.3,0.9,0.06,-0.2,-1.5,-1.7,0.1,,nocioan01,2009
161,Ronald Murray,29,ATL,SG,80,2,1975,14.7,0.543,0.304,0.293,1.3,8.7,5.0,14.0,2.4,0.7,12.5,24.3,1.2,2.0,3.1,0.076,-0.6,0.1,-0.5,0.8,6MOY-7,murraro01,2009
162,Francisco García,27,SAC,SF,65,36,1975,14.1,0.554,0.332,0.268,3.3,9.6,6.4,12.6,2.1,2.5,13.1,19.4,1.7,0.7,2.4,0.058,0.1,-0.5,-0.3,0.8,,garcifr01,2009
163,Joel Przybilla,29,POR,C,82,43,1952,15.4,0.652,0.004,0.628,12.8,33.1,22.8,2.0,1.0,3.9,18.5,10.2,3.2,3.4,6.6,0.163,-0.3,1.2,0.9,1.4,DPOY-16,przybjo01,2009
164,Amar'e Stoudemire,26,PHO,PF,53,53,1948,20.3,0.617,0.009,0.517,7.2,18.1,12.9,8.3,1.3,2.1,14.0,24.2,4.6,1.4,6.1,0.149,1.9,-0.3,1.7,1.8,AS,stoudam01,2009
165,Kevin Martin,25,SAC,SG,51,46,1947,19.2,0.601,0.342,0.65,1.7,9.3,5.5,12.3,1.6,0.3,12.3,27.4,4.7,0.1,4.7,0.117,3.0,-2.4,0.5,1.3,,martike02,2009
166,Courtney Lee,23,ORL,SG,77,42,1939,10.7,0.556,0.376,0.174,1.1,9.1,5.2,7.6,2.0,0.5,10.6,15.5,1.3,3.1,4.4,0.108,-2.1,1.9,-0.1,0.9,ROY-11,leeco01,2009
167,Joakim Noah,23,CHI,C,80,55,1938,16.5,0.594,0.003,0.489,14.5,21.3,17.9,8.1,1.3,4.1,15.4,12.3,3.8,2.7,6.4,0.159,0.1,1.1,1.1,1.5,,noahjo01,2009
168,Matt Bonner,28,SAS,PF,81,67,1928,15.0,0.611,0.5,0.043,6.1,17.6,11.9,6.8,1.3,1.0,6.3,14.6,3.8,3.0,6.8,0.169,1.1,1.0,2.1,2.0,,bonnema01,2009
169,Marcus Camby,34,LAC,C,62,55,1925,18.7,0.556,0.008,0.367,9.4,32.7,20.7,10.8,1.4,5.1,13.9,15.8,2.3,2.9,5.2,0.129,0.4,1.8,2.2,2.0,DPOY-16,cambyma01,2009
170,Lou Williams,22,PHI,SG,81,0,1919,16.3,0.513,0.261,0.456,2.2,8.1,5.2,21.6,2.4,0.6,13.0,27.7,1.6,1.7,3.4,0.085,1.0,-0.5,0.6,1.3,6MOY-10,willilo02,2009
171,D.J. Augustin,21,CHA,PG,72,12,1908,14.9,0.587,0.396,0.375,1.1,7.5,4.3,22.6,1.2,0.1,14.1,20.8,3.6,1.5,5.1,0.128,1.4,-0.5,0.9,1.4,,augusdj01,2009
172,Quentin Richardson,28,NYK,SG,72,51,1894,11.6,0.51,0.493,0.175,4.0,14.8,9.2,9.4,1.2,0.3,9.3,18.2,1.0,1.1,2.1,0.054,-0.4,-0.8,-1.2,0.4,,richaqu01,2009
173,C.J. Watson,24,GSW,PG,77,18,1883,14.2,0.564,0.214,0.343,2.3,8.8,5.5,16.2,2.5,0.1,12.5,16.8,2.7,0.6,3.3,0.084,-0.5,-0.1,-0.5,0.7,,watsocj01,2009
174,Kyle Korver,27,UTA,SF,78,2,1874,12.1,0.572,0.477,0.227,2.2,14.2,8.2,11.1,1.3,1.3,12.8,16.9,1.9,1.8,3.7,0.095,0.0,0.1,0.1,1.0,,korveky01,2009
175,Antonio McDyess,34,DET,PF,62,30,1866,16.6,0.529,0.0,0.164,11.6,27.2,19.3,7.3,1.2,2.1,8.3,15.7,2.8,2.8,5.6,0.144,0.0,0.4,0.5,1.2,,mcdyean01,2009
176,Andris Biedriņš,22,GSW,C,62,58,1863,19.1,0.585,0.002,0.405,13.0,27.4,20.2,10.0,1.7,3.6,14.9,16.9,3.3,2.1,5.4,0.139,0.9,0.4,1.3,1.5,,biedran01,2009
177,Maurice Evans,30,ATL,SF,80,25,1840,11.1,0.558,0.515,0.151,5.6,9.9,7.7,4.6,1.5,0.4,7.7,14.2,2.3,1.5,3.8,0.099,-0.4,-0.4,-0.8,0.6,,evansma01,2009
178,Nick Young,23,WAS,SG,82,5,1837,13.1,0.53,0.217,0.255,1.9,7.8,4.8,9.0,1.1,0.9,9.9,23.1,1.2,-0.1,1.2,0.03,-0.9,-2.5,-3.3,-0.6,,youngni01,2009
179,Erick Dampier,33,DAL,C,80,80,1836,15.7,0.664,0.0,0.504,13.6,21.6,17.7,6.1,0.7,3.8,17.8,10.4,3.9,2.3,6.1,0.161,0.0,0.6,0.6,1.2,,dampier01,2009
180,Al Jefferson,24,MIN,C,50,50,1836,23.1,0.532,0.004,0.258,10.6,24.9,17.5,8.8,1.1,3.5,7.8,28.9,2.9,2.0,4.9,0.128,3.2,-0.6,2.6,2.1,,jeffeal01,2009
181,Daequan Cook,21,MIA,SF,75,4,1833,10.3,0.512,0.612,0.087,1.2,11.2,6.2,6.2,1.1,0.4,5.9,18.2,0.9,1.3,2.2,0.056,-0.8,-1.4,-2.1,0.0,,cookda02,2009
182,Jarvis Hayes,27,NJN,SF,74,1,1832,10.8,0.537,0.423,0.09,1.7,15.8,8.7,4.9,1.5,0.3,7.6,16.6,1.0,1.2,2.1,0.055,-1.4,-0.8,-2.2,-0.1,,hayesja01,2009
183,Jason Kapono,27,TOR,SG,80,12,1831,8.9,0.525,0.379,0.07,1.7,8.7,5.2,9.1,0.6,0.1,10.1,17.4,0.3,0.5,0.8,0.021,-1.9,-1.4,-3.2,-0.6,6MOY-15,kaponja01,2009
184,Nick Collison,28,OKC,C,71,40,1831,14.8,0.599,0.005,0.318,11.2,19.7,15.4,5.8,1.4,2.0,13.0,13.5,3.0,2.0,5.0,0.13,-1.5,0.3,-1.2,0.4,,collini01,2009
185,Andrei Kirilenko,27,UTA,PF,67,10,1831,16.8,0.549,0.128,0.546,5.5,15.3,10.4,14.7,2.3,3.3,14.6,20.3,2.0,2.6,4.6,0.122,0.9,1.7,2.6,2.2,6MOY-9,kirilan01,2009
186,Willie Green,27,PHI,SG,81,60,1828,11.1,0.493,0.245,0.129,1.9,6.4,4.1,14.4,1.5,0.6,8.4,18.9,1.1,1.2,2.3,0.06,-1.7,-0.4,-2.1,0.0,,greenwi01,2009
187,Jeff Foster,32,IND,C,74,26,1828,13.0,0.542,0.02,0.414,12.8,17.8,15.3,9.9,1.4,2.0,17.4,12.0,2.3,1.9,4.2,0.111,-1.2,0.6,-0.6,0.7,,fosteje01,2009
188,Linas Kleiza,24,DEN,SF,82,7,1824,13.2,0.552,0.413,0.316,6.0,14.5,10.4,5.7,0.9,0.6,10.0,20.0,2.1,1.5,3.6,0.095,0.0,-1.5,-1.5,0.2,,kleizli01,2009
189,Brandon Rush,23,IND,SG,75,19,1803,9.0,0.505,0.363,0.115,2.1,12.3,7.1,5.4,1.0,1.5,11.0,16.4,-0.4,1.3,0.9,0.024,-2.1,-0.7,-2.8,-0.3,,rushbr01,2009
190,Daniel Gibson,22,CLE,PG,75,0,1795,10.1,0.519,0.537,0.163,2.1,7.9,5.1,11.3,1.3,0.7,9.7,16.5,1.5,2.3,3.8,0.101,-1.4,0.3,-1.0,0.4,,gibsoda01,2009
191,Anthony Carter,33,DEN,PG,78,5,1787,10.8,0.49,0.228,0.202,2.7,10.4,6.7,29.9,2.7,0.6,26.9,14.3,-0.3,2.1,1.8,0.047,-2.0,0.8,-1.3,0.3,,cartean01,2009
192,Charlie Bell,29,MIL,SG,70,23,1783,9.8,0.525,0.458,0.153,2.0,7.1,4.4,13.3,1.5,0.3,12.0,16.0,0.9,1.2,2.2,0.059,-1.4,-0.3,-1.7,0.2,,bellch01,2009
193,Earl Watson,29,OKC,PG,68,18,1776,9.5,0.448,0.188,0.234,2.3,9.7,5.9,33.4,1.4,0.5,23.8,16.3,-1.2,1.1,-0.2,-0.005,-3.2,-1.4,-4.6,-1.2,,watsoea01,2009
194,Kevin Garnett,32,BOS,PF,57,57,1772,21.2,0.563,0.011,0.178,5.6,26.7,16.6,14.7,1.9,3.1,10.1,23.4,3.0,4.1,7.1,0.193,2.8,3.0,5.7,3.5,DPOY-8AS,garneke01,2009
195,Zydrunas Ilgauskas,33,CLE,C,65,65,1765,18.0,0.523,0.054,0.24,11.0,21.6,16.5,6.4,0.9,3.8,10.1,23.8,2.1,3.5,5.6,0.151,-0.4,0.1,-0.3,0.8,,ilgauzy01,2009
196,Zach Randolph,27,2TM,PF,50,45,1757,19.7,0.531,0.111,0.279,9.9,23.2,16.3,11.5,1.3,0.7,10.4,28.1,1.7,1.4,3.0,0.083,1.7,-1.6,0.1,0.9,,randoza01,2009
197,Zach Randolph,27,NYK,C,11,11,388,19.8,0.517,0.127,0.354,10.9,28.3,19.3,6.6,1.7,0.6,9.5,27.1,0.4,0.5,0.9,0.108,1.3,-1.5,-0.2,0.2,,randoza01,2009
198,Zach Randolph,27,LAC,PF,39,34,1369,19.6,0.535,0.107,0.259,9.6,21.7,15.5,12.9,1.1,0.7,10.7,28.4,1.2,0.9,2.2,0.076,1.8,-1.7,0.1,0.7,,randoza01,2009
199,Bobby Simmons,28,NJN,SF,71,44,1729,12.0,0.596,0.594,0.132,4.9,14.3,9.5,8.5,1.5,0.5,11.7,14.3,2.4,1.0,3.4,0.095,0.3,-0.4,0.0,0.8,,simmobo01,2009
200,Leandro Barbosa,26,PHO,SG,70,11,1705,19.4,0.588,0.316,0.256,2.4,9.7,6.2,14.9,2.4,0.3,9.9,24.2,4.0,1.0,5.0,0.141,2.4,-0.4,1.9,1.7,6MOY-10,barbole01,2009
201,Andray Blatche,22,WAS,C,71,36,1703,15.0,0.508,0.033,0.257,8.5,17.9,13.0,11.8,1.6,3.5,14.3,21.9,0.2,1.2,1.4,0.039,-1.8,-0.3,-2.0,0.0,,blatcan01,2009
202,Marquis Daniels,28,IND,SF,54,43,1700,12.8,0.491,0.131,0.187,5.1,11.0,8.0,10.7,1.8,1.1,11.2,21.5,-0.1,1.4,1.3,0.037,-1.6,-0.3,-1.9,0.0,,daniema01,2009
203,Ronny Turiaf,26,GSW,C,79,26,1696,14.5,0.559,0.008,0.339,5.7,17.4,11.6,13.9,1.0,6.9,14.3,12.4,2.2,1.4,3.6,0.101,-1.1,2.3,1.2,1.4,DPOY-15,turiaro01,2009
204,Kyle Lowry,22,2TM,PG,77,21,1679,14.4,0.547,0.226,0.521,1.9,11.6,6.8,26.4,2.2,0.8,18.0,18.1,1.8,1.8,3.6,0.103,-0.7,0.8,0.2,0.9,,lowryky01,2009
205,Kyle Lowry,22,MEM,PG,49,21,1071,14.1,0.54,0.254,0.592,1.5,11.4,6.4,26.9,2.4,0.6,18.7,18.4,0.9,0.9,1.8,0.081,-0.9,0.2,-0.7,0.3,,lowryky01,2009
206,Kyle Lowry,22,HOU,PG,28,0,608,15.0,0.561,0.179,0.401,2.6,12.0,7.5,25.7,1.8,1.1,16.6,17.5,0.9,0.9,1.8,0.143,-0.3,2.1,1.7,0.6,,lowryky01,2009
207,Luol Deng,23,CHI,SF,49,46,1665,14.7,0.511,0.034,0.323,5.5,14.7,10.1,9.0,1.9,1.1,9.6,20.0,1.3,1.6,3.0,0.085,-0.3,-0.1,-0.4,0.7,,denglu01,2009
208,Josh Howard,28,DAL,SF,52,51,1663,17.0,0.532,0.215,0.281,4.1,14.0,9.1,8.6,1.7,1.3,9.2,26.7,1.5,1.7,3.2,0.091,0.7,-0.7,0.0,0.8,,howarjo01,2009
209,Mike James,33,2TM,PG,61,50,1649,9.7,0.483,0.358,0.16,1.7,7.9,4.7,19.1,1.4,0.3,14.6,17.8,-0.2,0.0,-0.1,-0.004,-2.1,-1.9,-3.9,-0.8,,jamesmi01,2009
210,Mike James,33,NOH,PG,8,0,74,5.8,0.386,0.16,0.08,1.6,9.8,5.7,17.2,1.5,0.0,10.4,18.8,-0.1,0.1,0.0,-0.031,-5.2,-0.8,-6.0,-0.1,,jamesmi01,2009
211,Mike James,33,WAS,PG,53,50,1575,9.9,0.487,0.368,0.164,1.7,7.8,4.7,19.2,1.4,0.3,14.8,17.8,-0.1,0.0,-0.1,-0.003,-1.9,-1.9,-3.8,-0.7,,jamesmi01,2009
212,Glen Davis,23,BOS,C,76,16,1637,10.7,0.502,0.011,0.396,9.4,12.8,11.2,6.5,1.7,0.9,11.8,17.1,1.0,2.7,3.7,0.108,-2.9,0.7,-2.2,0.0,,davisgl01,2009
213,C.J. Miles,21,UTA,SG,72,72,1623,11.8,0.546,0.319,0.158,3.3,9.0,6.1,10.4,1.5,0.7,9.6,18.4,1.6,1.3,2.9,0.086,-1.1,-0.4,-1.6,0.2,,milescj01,2009
214,J.J. Barea,24,DAL,SG,79,15,1600,13.4,0.516,0.276,0.167,2.6,10.0,6.4,26.4,1.2,0.2,14.9,20.2,1.2,1.0,2.2,0.066,-0.4,-1.1,-1.5,0.2,,bareajo01,2009
215,Corey Maggette,29,GSW,PF,51,19,1588,16.9,0.582,0.15,0.655,3.4,16.0,9.7,9.2,1.4,0.3,12.8,25.2,2.8,0.6,3.3,0.1,-0.2,-1.8,-2.0,0.0,6MOY-10,maggeco01,2009
216,Brandon Bass,23,DAL,C,81,0,1574,16.4,0.571,0.012,0.413,9.5,17.2,13.4,4.3,0.9,2.6,12.5,20.0,2.5,1.6,4.1,0.124,-0.7,-0.8,-1.5,0.2,,bassbr01,2009
217,Antoine Wright,24,DAL,SF,65,53,1552,8.6,0.501,0.346,0.22,2.3,7.7,5.0,7.4,1.6,1.3,10.3,15.6,0.3,1.2,1.4,0.044,-3.4,-0.1,-3.5,-0.6,,wrighan01,2009
218,Joey Graham,26,TOR,SF,78,10,1541,11.9,0.542,0.033,0.333,7.3,14.9,11.1,5.0,1.2,0.6,11.9,18.7,1.1,1.1,2.2,0.068,-2.6,-0.9,-3.5,-0.6,,grahajo01,2009
219,Wally Szczerbiak,31,CLE,SF,74,5,1527,12.1,0.581,0.422,0.266,3.5,14.2,9.0,8.3,1.0,0.5,11.0,15.4,2.3,2.2,4.5,0.14,-0.2,0.3,0.1,0.8,,szczewa02,2009
220,Darius Songaila,30,WAS,C,77,29,1521,13.9,0.57,0.002,0.197,5.6,12.1,8.8,10.3,2.2,1.1,13.0,17.1,1.8,0.7,2.4,0.076,-1.7,-0.2,-2.0,0.0,,songada01,2009
221,Anthony Morrow,23,GSW,SG,67,17,1515,14.7,0.588,0.345,0.172,5.6,8.7,7.1,8.2,1.2,0.5,8.3,17.7,3.0,0.0,3.0,0.096,1.7,-1.9,-0.2,0.7,,morroan01,2009
222,Bruce Bowen,37,SAS,SF,80,10,1506,5.4,0.539,0.524,0.139,1.3,10.1,5.7,3.7,1.3,0.6,11.2,7.2,0.3,1.9,2.2,0.07,-4.0,1.7,-2.3,-0.1,,bowenbr01,2009
223,Fred Jones,29,LAC,SF,52,21,1495,10.4,0.536,0.464,0.256,1.7,8.2,4.9,19.1,1.8,0.5,15.8,12.8,1.1,0.5,1.6,0.052,-2.3,-0.4,-2.7,-0.3,,jonesfr01,2009
224,Bobby Jackson,35,SAC,PG,71,10,1484,12.4,0.502,0.406,0.208,3.3,12.5,7.9,15.5,2.1,0.2,11.1,18.0,0.8,0.4,1.2,0.038,-0.9,-0.9,-1.8,0.1,,jacksbo01,2009
225,Anthony Johnson,34,ORL,PG,80,12,1481,10.3,0.505,0.349,0.213,2.3,8.8,5.6,21.2,1.6,0.2,16.4,15.5,0.7,2.1,2.8,0.091,-1.9,1.1,-0.8,0.4,,johnsan02,2009
226,Eddie House,30,BOS,PG,81,0,1479,15.4,0.592,0.607,0.095,0.9,11.5,6.5,10.3,2.2,0.4,8.6,20.1,2.5,2.4,4.9,0.158,2.3,1.2,3.5,2.0,6MOY-13,houseed01,2009
227,Larry Hughes,30,2TM,SF,55,20,1479,13.4,0.515,0.346,0.26,1.2,11.0,6.0,12.6,2.5,0.7,10.3,20.6,0.8,1.3,2.1,0.07,-0.9,0.4,-0.5,0.6,,hughela01,2009
228,Larry Hughes,30,CHI,SF,30,6,792,14.4,0.525,0.331,0.266,0.9,12.7,6.8,11.9,2.3,0.8,9.5,21.4,0.6,0.8,1.4,0.088,-0.2,0.5,0.3,0.5,,hughela01,2009
229,Larry Hughes,30,NYK,SG,25,14,687,12.3,0.504,0.365,0.253,1.5,9.1,5.2,13.3,2.6,0.5,11.2,19.7,0.2,0.5,0.7,0.049,-1.7,0.4,-1.3,0.1,,hughela01,2009
230,Zaza Pachulia,24,ATL,C,77,26,1473,14.1,0.571,0.009,0.719,13.8,20.9,17.4,6.0,1.3,1.4,17.8,16.3,2.0,1.9,3.9,0.127,-1.9,-0.6,-2.6,-0.2,,pachuza01,2009
231,Carl Landry,25,HOU,PF,69,0,1467,17.7,0.634,0.007,0.462,10.3,16.7,13.6,4.6,0.9,1.5,11.9,18.1,3.7,2.2,5.9,0.193,0.3,0.4,0.7,1.0,,landrca01,2009
232,Darrell Arthur,20,MEM,PF,76,64,1464,11.3,0.456,0.005,0.138,8.9,20.3,14.5,5.0,1.9,2.9,9.2,16.3,-0.1,1.8,1.7,0.055,-3.5,0.1,-3.4,-0.5,,arthuda01,2009
233,Craig Smith,25,MIN,PF,74,31,1460,16.9,0.599,0.002,0.482,7.6,15.5,11.4,9.7,1.1,1.0,14.4,22.5,2.3,0.8,3.1,0.104,0.0,-0.6,-0.6,0.5,,smithcr01,2009
234,Chris Andersen,30,DEN,C,71,1,1460,18.1,0.608,0.034,0.62,13.4,21.6,17.6,3.2,1.4,9.3,15.7,13.4,2.5,2.8,5.4,0.176,-0.3,2.4,2.2,1.5,DPOY-96MOY-8,anderch01,2009
235,Nicolas Batum,20,POR,SF,79,76,1454,12.9,0.555,0.465,0.144,7.0,11.8,9.4,7.8,1.9,2.2,11.5,14.0,2.1,1.6,3.7,0.123,0.4,1.0,1.4,1.2,ROY-13,batumni01,2009
236,Thabo Sefolosha,24,2TM,SF,66,36,1453,12.1,0.5,0.244,0.204,4.2,14.9,9.6,11.4,2.7,2.3,14.1,13.8,0.4,1.8,2.2,0.074,-1.4,2.3,0.8,1.0,,sefolth01,2009
237,Thabo Sefolosha,24,CHI,SF,43,14,735,11.7,0.503,0.275,0.137,4.1,15.0,9.6,13.1,2.5,1.9,16.1,14.0,0.1,0.9,1.0,0.067,-1.2,1.7,0.5,0.5,,sefolth01,2009
238,Thabo Sefolosha,24,OKC,SG,23,22,718,12.5,0.497,0.211,0.274,4.4,14.8,9.5,9.8,2.9,2.7,12.1,13.7,0.3,1.0,1.2,0.081,-1.6,2.8,1.2,0.6,,sefolth01,2009
239,Andrew Bynum,21,LAL,C,50,50,1446,20.0,0.598,0.0,0.428,10.8,20.1,15.6,7.7,0.6,4.8,12.5,20.7,3.2,2.3,5.5,0.184,0.8,0.3,1.1,1.1,,bynuman01,2009
240,Tyson Chandler,26,NOH,C,45,45,1445,13.4,0.581,0.0,0.47,13.7,19.2,16.4,2.4,0.6,3.3,17.0,13.7,1.7,1.7,3.4,0.114,-1.6,-0.9,-2.5,-0.2,,chandty01,2009
241,Vladimir Radmanović,28,2TM,SF,78,31,1445,11.0,0.549,0.562,0.124,3.8,14.3,9.1,8.9,1.7,0.8,16.6,18.6,0.0,1.8,1.9,0.062,-0.6,-0.1,-0.7,0.5,,radmavl01,2009
242,Vladimir Radmanović,28,LAL,SF,46,28,771,11.6,0.604,0.636,0.126,2.7,14.3,8.6,6.9,1.8,0.7,17.2,15.6,0.5,1.0,1.6,0.098,0.4,0.3,0.7,0.5,,radmavl01,2009
243,Vladimir Radmanović,28,CHA,SF,32,3,674,10.2,0.503,0.5,0.123,5.0,14.2,9.6,11.2,1.5,1.0,16.1,22.2,-0.5,0.8,0.3,0.021,-1.6,-0.6,-2.3,-0.1,,radmavl01,2009
244,Dahntay Jones,28,DEN,SG,79,71,1426,9.0,0.533,0.051,0.449,4.9,8.7,6.8,8.2,1.7,1.0,14.5,14.7,0.7,1.3,2.0,0.067,-3.2,0.3,-2.9,-0.3,,jonesda02,2009
245,Yi Jianlian,21,NJN,PF,61,52,1421,10.9,0.474,0.28,0.246,5.5,22.0,13.7,7.0,1.1,2.1,11.2,20.5,-0.5,1.3,0.7,0.024,-2.7,-1.1,-3.8,-0.7,,jianlyi01,2009
246,Jason Maxiell,25,DET,C,78,4,1408,15.8,0.58,0.003,0.494,14.0,13.2,13.7,2.8,1.0,3.5,10.4,14.7,2.6,1.5,4.1,0.141,-0.5,-0.2,-0.6,0.5,,maxieja01,2009
247,Kurt Thomas,36,SAS,PF,79,10,1404,14.0,0.53,0.007,0.148,11.5,22.7,17.2,7.2,1.3,3.1,11.5,12.6,1.8,2.7,4.5,0.152,-1.9,1.6,-0.3,0.6,,thomaku01,2009
248,Kirk Hinrich,28,CHI,SG,51,4,1339,13.9,0.551,0.403,0.205,1.4,9.1,5.3,22.7,2.5,1.0,16.0,18.1,1.3,1.3,2.6,0.092,0.0,0.9,0.9,1.0,6MOY-14,hinriki01,2009
249,Mickaël Piétrus,26,ORL,SG,54,25,1329,11.6,0.538,0.523,0.258,3.8,10.9,7.5,8.0,1.2,1.3,10.6,18.4,1.0,2.0,3.0,0.108,-0.6,0.8,0.3,0.8,,pietrmi01,2009
250,Greg Oden,21,POR,C,61,39,1314,18.1,0.599,0.0,0.644,15.7,24.5,20.0,3.9,1.1,4.2,16.2,19.3,2.6,2.0,4.6,0.167,-1.4,0.3,-1.1,0.3,,odengr01,2009
251,Ben Wallace,34,CLE,PF,56,53,1314,12.2,0.45,0.0,0.413,12.8,19.7,16.4,4.7,2.0,4.5,15.7,7.8,0.8,2.9,3.8,0.138,-0.8,2.4,1.6,1.2,,wallabe01,2009
252,Ryan Anderson,20,NJN,PF,66,30,1312,13.6,0.532,0.464,0.285,9.3,19.0,14.1,6.4,1.8,1.2,12.1,18.6,1.3,1.2,2.5,0.09,-0.3,-0.9,-1.1,0.3,,anderry01,2009
253,Jared Jeffries,27,NYK,SF,56,36,1310,9.4,0.473,0.044,0.33,10.4,8.9,9.7,8.7,1.8,1.8,17.2,12.5,0.3,0.9,1.2,0.045,-3.1,0.4,-2.6,-0.2,,jeffrja01,2009
254,Jameer Nelson,26,ORL,PG,42,42,1309,20.6,0.612,0.341,0.183,1.8,10.5,6.2,32.1,2.0,0.2,12.6,23.2,3.9,2.1,6.0,0.22,3.4,1.7,5.1,2.3,AS,nelsoja01,2009
255,Sasha Vujačić,24,LAL,SG,80,0,1293,12.6,0.531,0.556,0.19,1.7,10.0,5.9,12.2,3.0,0.4,7.5,16.0,1.8,1.9,3.7,0.138,-1.2,2.0,0.8,0.9,,vujacsa01,2009
256,Keith Bogans,28,2TM,SG,65,15,1272,9.7,0.521,0.673,0.176,2.8,15.6,9.1,7.7,1.8,0.2,10.5,14.0,0.7,1.9,2.5,0.096,-1.4,1.0,-0.4,0.5,,boganke01,2009
257,Keith Bogans,28,ORL,SG,36,15,787,8.0,0.509,0.72,0.137,2.2,13.4,7.9,5.9,1.5,0.2,9.3,12.0,0.3,1.2,1.5,0.093,-2.1,1.5,-0.6,0.3,,boganke01,2009
258,Keith Bogans,28,MIL,SG,29,0,485,12.5,0.535,0.617,0.221,3.7,19.1,11.1,10.5,2.1,0.3,11.9,17.2,0.4,0.6,1.0,0.101,-0.3,0.3,0.0,0.2,,boganke01,2009
259,George Hill,22,SAS,PG,77,7,1270,11.6,0.502,0.196,0.392,2.9,11.9,7.4,16.6,1.9,1.2,14.5,19.5,0.2,2.0,2.1,0.08,-3.3,1.6,-1.8,0.1,,hillge01,2009
260,Drew Gooden,27,3TM,PF,51,28,1264,16.3,0.526,0.008,0.308,10.4,22.6,16.6,6.3,1.2,1.0,11.7,23.5,1.1,1.6,2.7,0.102,-1.0,-0.8,-1.8,0.1,,goodedr01,2009
261,Drew Gooden,27,CHI,PF,31,27,918,15.3,0.514,0.009,0.276,10.3,22.8,16.6,7.7,1.5,1.1,12.6,21.9,0.6,1.1,1.7,0.09,-1.3,-0.5,-1.8,0.0,,goodedr01,2009
262,Drew Gooden,27,SAC,PF,1,0,26,18.7,0.607,0.0,0.222,13.4,45.2,29.2,13.8,0.0,0.0,23.3,22.2,0.0,0.0,0.0,0.082,1.0,-1.4,-0.4,0.0,,goodedr01,2009
263,Drew Gooden,27,SAS,PF,19,1,320,18.8,0.55,0.007,0.393,10.6,20.2,15.5,1.7,0.7,0.9,8.6,28.2,0.5,0.5,0.9,0.139,-0.4,-1.5,-1.9,0.0,,goodedr01,2009
264,Marreese Speights,21,PHI,C,79,2,1263,17.9,0.543,0.016,0.263,11.6,16.3,13.9,4.2,1.1,3.6,7.6,21.9,2.4,1.5,3.8,0.146,-0.6,-0.8,-1.4,0.2,,speigma01,2009
265,Tim Thomas,31,3TM,PF,64,6,1247,12.2,0.555,0.432,0.276,3.7,14.6,9.0,8.6,1.2,0.6,12.5,19.9,0.9,0.8,1.7,0.065,-0.7,-0.7,-1.3,0.2,,thomati01,2009
266,Tim Thomas,31,LAC,PF,10,5,220,9.1,0.453,0.222,0.378,7.1,17.3,12.1,7.7,0.7,0.3,11.8,24.6,-0.3,0.1,-0.2,-0.038,-3.4,-2.6,-6.0,-0.2,,thomati01,2009
267,Tim Thomas,31,NYK,PF,36,1,773,13.4,0.6,0.488,0.26,2.7,13.6,8.0,9.3,1.4,0.9,13.8,18.8,0.9,0.5,1.5,0.091,0.1,0.1,0.2,0.4,,thomati01,2009
268,Tim Thomas,31,CHI,PF,18,0,254,11.5,0.531,0.478,0.222,3.6,15.3,9.5,7.4,1.2,0.0,9.2,19.1,0.2,0.2,0.4,0.078,-0.6,-1.4,-2.0,0.0,,thomati01,2009
269,Arron Afflalo,23,DET,SG,74,8,1234,8.9,0.548,0.357,0.237,2.8,10.1,6.4,5.5,1.3,0.8,11.5,14.5,0.8,1.0,1.8,0.069,-2.8,0.2,-2.6,-0.2,,afflaar01,2009
270,Leon Powe,25,BOS,PF,70,7,1227,17.2,0.591,0.0,0.79,15.1,18.9,17.1,6.0,1.0,2.5,14.3,20.2,2.7,2.2,4.9,0.192,-0.5,0.2,-0.3,0.5,,powele01,2009
271,Sergio Rodríguez,22,POR,PG,80,13,1225,12.5,0.491,0.347,0.234,4.3,9.0,6.6,35.6,2.4,0.1,24.7,18.5,0.5,1.2,1.7,0.068,-0.9,-0.5,-1.4,0.2,,rodrise01,2009
272,Von Wafer,23,HOU,SG,63,11,1225,14.7,0.541,0.32,0.229,1.9,8.6,5.4,10.3,1.7,0.5,9.5,23.6,1.1,1.6,2.6,0.103,0.1,0.1,0.2,0.7,,wafervo01,2009
273,Rasho Nesterović,32,IND,C,70,19,1214,14.1,0.524,0.002,0.073,8.4,13.5,10.9,14.3,1.2,2.3,12.3,18.5,1.1,1.1,2.2,0.086,-1.3,0.3,-0.9,0.3,,nestera01,2009
274,Michael Redd,29,MIL,SG,33,32,1203,17.9,0.566,0.349,0.294,2.3,8.5,5.3,13.2,1.5,0.1,7.9,25.0,2.3,0.9,3.2,0.128,3.2,-1.1,2.2,1.3,,reddmi01,2009
275,Tony Battie,32,ORL,PF,77,3,1202,11.9,0.518,0.028,0.254,8.9,17.0,13.0,4.2,1.1,1.5,11.4,15.6,0.7,2.1,2.8,0.113,-2.3,0.7,-1.6,0.1,,battito01,2009
276,Mikki Moore,33,2TM,C,70,20,1202,8.9,0.593,0.0,0.296,7.6,17.7,12.7,6.6,0.7,1.2,17.1,10.6,1.2,0.9,2.1,0.083,-3.6,0.0,-3.5,-0.5,,mooremi01,2009
277,Mikki Moore,33,SAC,PF,46,20,746,8.6,0.574,0.0,0.347,7.0,16.9,11.9,5.6,0.9,1.4,16.2,10.0,0.6,0.2,0.8,0.052,-3.3,-0.6,-3.9,-0.3,,mooremi01,2009
278,Mikki Moore,33,BOS,C,24,0,456,9.3,0.621,0.0,0.224,8.7,19.1,14.1,8.3,0.5,0.9,18.4,11.7,0.6,0.7,1.3,0.135,-3.9,0.9,-3.0,-0.1,,mooremi01,2009
279,Rodney Carney,24,MIN,SG,67,6,1199,12.1,0.532,0.534,0.156,3.4,9.1,6.1,3.6,2.0,1.9,8.7,18.6,0.7,0.8,1.5,0.059,-0.4,-0.4,-0.8,0.3,,carnero01,2009
280,Carlos Boozer,27,UTA,PF,37,37,1197,17.2,0.523,0.0,0.271,11.1,27.3,19.2,11.4,1.7,0.5,12.1,24.4,0.9,1.7,2.6,0.105,0.0,-0.5,-0.6,0.4,,boozeca01,2009
281,Jordan Farmar,22,LAL,PG,65,0,1192,9.9,0.466,0.354,0.187,2.1,8.9,5.5,18.6,2.4,0.6,16.3,19.6,-0.7,1.5,0.8,0.034,-2.8,0.2,-2.6,-0.2,,farmajo01,2009
282,Manu Ginóbili,31,SAS,SG,44,7,1181,22.9,0.594,0.426,0.387,2.5,17.3,10.0,23.1,2.9,1.0,13.3,27.2,2.7,2.3,5.0,0.203,3.7,2.4,6.1,2.4,6MOY-6,ginobma01,2009
283,Tracy McGrady,29,HOU,SG,35,35,1181,16.3,0.492,0.241,0.322,2.1,12.7,7.6,25.2,1.9,0.9,11.1,24.5,0.9,1.8,2.7,0.108,1.4,0.9,2.3,1.3,,mcgratr01,2009
284,Javaris Crittenton,21,2TM,SG,63,10,1174,10.4,0.487,0.053,0.323,5.6,11.2,8.3,19.8,1.8,0.4,20.1,15.8,-0.3,0.3,0.0,0.0,-2.8,-1.4,-4.3,-0.7,,crittja01,2009
285,Javaris Crittenton,21,MEM,SG,7,0,44,13.2,0.479,0.067,0.733,11.0,5.7,8.4,20.1,1.2,0.0,13.1,24.3,0.0,0.0,0.0,0.025,-1.9,-3.6,-5.5,0.0,,crittja01,2009
286,Javaris Crittenton,21,WAS,PG,56,10,1130,10.3,0.488,0.052,0.3,5.4,11.4,8.3,19.7,1.8,0.4,20.5,15.5,-0.3,0.3,0.0,0.0,-2.9,-1.3,-4.2,-0.6,,crittja01,2009
287,Luke Walton,28,LAL,SF,65,34,1166,11.3,0.491,0.186,0.186,5.4,12.0,8.7,21.1,1.4,0.7,17.2,15.1,0.7,1.3,2.0,0.083,-1.3,0.3,-1.0,0.3,,waltolu01,2009
288,Kyle Weaver,22,OKC,SG,56,19,1166,10.2,0.551,0.378,0.236,3.0,9.9,6.4,13.1,2.1,1.6,20.3,12.9,0.2,1.0,1.2,0.049,-2.3,1.1,-1.2,0.2,,weaveky01,2009
289,Quinton Ross,27,MEM,SF,68,7,1164,6.9,0.478,0.34,0.162,3.0,10.4,6.6,6.3,1.5,1.0,11.5,12.6,-0.1,0.7,0.6,0.025,-3.6,0.0,-3.6,-0.5,,rossqu01,2009
290,Steve Novak,25,LAC,PF,71,3,1161,13.5,0.606,0.722,0.058,1.8,10.9,6.2,5.8,0.9,0.3,5.4,16.8,2.0,0.2,2.2,0.092,1.7,-2.1,-0.4,0.5,,novakst01,2009
291,Jared Dudley,23,2TM,SF,68,7,1155,13.5,0.562,0.26,0.368,8.7,12.3,10.5,7.1,2.5,0.5,11.5,14.6,1.6,1.1,2.7,0.114,-0.1,0.3,0.2,0.7,,dudleja01,2009
292,Jared Dudley,23,CHA,SF,20,7,427,10.6,0.507,0.083,0.25,7.3,9.8,8.6,7.3,2.3,0.4,8.6,12.9,0.3,0.5,0.8,0.094,-1.8,1.4,-0.4,0.2,,dudleja01,2009
293,Jared Dudley,23,PHO,SF,48,0,728,15.2,0.588,0.349,0.429,9.5,13.7,11.7,7.0,2.7,0.6,12.8,15.6,1.3,0.6,1.9,0.126,0.9,-0.3,0.6,0.5,,dudleja01,2009
294,JaVale McGee,21,WAS,C,75,14,1143,17.0,0.534,0.0,0.419,12.0,18.4,15.1,3.4,1.5,5.4,11.7,20.7,1.1,0.9,2.0,0.084,-1.8,-1.1,-2.9,-0.3,,mcgeeja01,2009
295,Nenad Krstić,25,OKC,C,46,29,1141,13.6,0.504,0.0,0.194,8.4,17.2,12.8,4.3,0.9,3.2,9.2,18.9,0.6,1.1,1.7,0.07,-2.3,-0.4,-2.6,-0.2,,krstine01,2009
296,Reggie Evans,28,PHI,PF,79,7,1137,10.4,0.514,0.006,0.983,14.1,24.0,19.0,3.3,1.9,0.6,21.3,13.0,0.3,1.6,1.9,0.079,-3.5,-0.6,-4.2,-0.6,,evansre01,2009
297,Anthony Randolph,19,GSW,PF,63,22,1129,16.9,0.506,0.009,0.327,12.4,22.6,17.5,6.8,1.8,4.5,14.0,21.7,0.4,1.2,1.6,0.069,-1.5,-0.8,-2.3,-0.1,,randoan01,2009
298,Andrew Bogut,24,MIL,C,36,33,1124,16.2,0.586,0.0,0.309,11.8,27.7,19.4,10.7,1.1,2.7,19.3,17.8,1.0,1.6,2.6,0.112,0.0,1.3,1.3,1.0,,bogutan01,2009
299,JJ Redick,24,ORL,SG,64,5,1111,9.9,0.562,0.599,0.311,0.8,10.0,5.5,10.3,1.0,0.1,13.7,16.4,0.8,1.5,2.3,0.098,-1.3,0.3,-1.0,0.3,,redicjj01,2009
300,Joe Smith,33,2TM,C,57,3,1102,13.8,0.507,0.021,0.246,9.5,18.3,13.9,6.0,0.8,2.7,6.3,16.2,1.4,1.4,2.7,0.118,-1.4,0.2,-1.2,0.2,,smithjo02,2009
301,Joe Smith,33,OKC,C,36,3,691,13.2,0.492,0.018,0.248,8.7,18.6,13.6,5.9,0.7,2.8,5.8,16.4,0.6,0.6,1.3,0.088,-1.8,-0.2,-1.9,0.0,,smithjo02,2009
302,Joe Smith,33,CLE,C,21,0,411,14.8,0.534,0.026,0.243,10.8,17.8,14.5,6.2,0.9,2.7,7.3,15.8,0.7,0.7,1.4,0.168,-0.9,0.9,0.0,0.2,,smithjo02,2009
303,Rashad McCants,24,2TM,SG,58,3,1101,13.0,0.504,0.387,0.289,2.2,9.7,5.8,10.7,2.2,1.0,10.4,25.1,0.0,0.5,0.6,0.025,-0.9,-1.0,-1.9,0.1,,mccanra01,2009
304,Rashad McCants,24,MIN,SG,34,2,636,9.9,0.47,0.408,0.277,1.9,9.9,5.8,8.5,2.2,0.7,12.1,26.4,-0.7,0.4,-0.3,-0.024,-2.7,-1.0,-3.7,-0.3,,mccanra01,2009
305,Rashad McCants,24,SAC,SG,24,1,465,17.2,0.553,0.357,0.306,2.5,9.4,5.9,13.7,2.2,1.3,7.9,23.3,0.8,0.1,0.9,0.092,1.5,-0.9,0.6,0.3,,mccanra01,2009
306,Trenton Hassell,29,NJN,SF,53,31,1094,7.2,0.48,0.042,0.131,5.4,10.6,7.9,7.1,1.0,1.2,12.9,9.9,0.2,0.4,0.7,0.029,-3.0,-0.6,-3.6,-0.4,,hassetr01,2009
307,Hilton Armstrong,24,NOH,C,70,29,1092,10.7,0.585,0.008,0.398,9.0,12.6,10.8,4.4,1.3,3.5,21.7,16.3,0.2,1.3,1.5,0.068,-4.2,0.4,-3.8,-0.5,,armsthi01,2009
308,Desmond Mason,31,OKC,SG,39,19,1064,7.1,0.456,0.011,0.298,4.4,12.8,8.5,6.7,0.7,2.1,14.8,15.7,-1.0,0.7,-0.3,-0.012,-4.8,-0.3,-5.1,-0.8,,masonde01,2009
309,Sasha Pavlović,25,CLE,SF,66,12,1053,8.6,0.51,0.425,0.196,3.6,10.4,7.2,10.5,1.1,1.2,13.8,15.5,0.2,1.5,1.7,0.077,-2.5,0.4,-2.1,0.0,,pavloal01,2009
310,Chris Wilcox,26,2TM,C,62,6,1049,13.3,0.518,0.011,0.378,10.2,20.0,15.0,7.6,1.3,1.1,14.8,21.3,0.1,1.0,1.1,0.048,-2.9,-1.0,-3.8,-0.5,,wilcoch01,2009
311,Chris Wilcox,26,OKC,C,37,6,719,13.4,0.509,0.011,0.325,10.2,21.2,15.6,8.0,1.3,1.1,15.2,22.2,-0.1,0.7,0.6,0.039,-3.0,-1.0,-4.0,-0.4,,wilcoch01,2009
312,Chris Wilcox,26,NYK,C,25,0,330,13.2,0.539,0.01,0.52,10.0,17.5,13.6,6.7,1.2,1.1,13.8,19.2,0.2,0.3,0.5,0.07,-2.5,-1.0,-3.5,-0.1,,wilcoch01,2009
313,Joel Anthony,26,MIA,C,65,28,1048,9.3,0.521,0.0,0.39,10.1,12.4,11.2,3.7,1.0,7.2,22.9,8.0,0.4,1.4,1.7,0.079,-4.5,1.8,-2.7,-0.2,,anthojo01,2009
314,Lou Amundson,26,PHO,PF,76,0,1044,13.3,0.53,0.004,0.48,14.9,15.3,15.1,3.7,1.5,4.6,15.6,15.1,0.8,1.0,1.8,0.082,-2.2,-0.3,-2.5,-0.1,,amundlo01,2009
315,DeSagana Diop,27,2TM,C,75,1,1036,9.7,0.425,0.0,0.386,13.3,18.2,15.8,4.6,1.5,4.3,16.3,10.8,-0.2,1.6,1.4,0.065,-3.6,0.8,-2.8,-0.2,,diopde01,2009
316,DeSagana Diop,27,DAL,C,34,0,452,8.9,0.396,0.0,0.5,11.5,18.4,15.0,3.9,1.4,4.1,13.5,8.3,0.1,0.6,0.7,0.07,-3.5,0.9,-2.6,-0.1,,diopde01,2009
317,DeSagana Diop,27,CHA,C,41,1,584,10.3,0.441,0.0,0.327,14.7,18.1,16.4,5.2,1.6,4.4,17.8,12.7,-0.2,1.0,0.7,0.06,-3.8,0.8,-3.0,-0.2,,diopde01,2009
318,Ime Udoka,31,SAS,SF,67,3,1035,9.5,0.47,0.436,0.16,3.3,18.1,10.8,7.9,1.9,0.9,11.0,16.2,-0.5,1.7,1.3,0.058,-2.9,1.4,-1.6,0.1,,udokaim01,2009
319,Darko Miličić,23,MEM,C,61,15,1034,13.8,0.533,0.0,0.395,9.7,21.8,15.7,5.6,1.1,4.0,13.3,16.3,0.7,1.2,1.9,0.088,-2.2,0.2,-2.0,0.0,,milicda01,2009
320,Antonio Daniels,33,2TM,PG,74,9,1021,12.1,0.536,0.254,0.424,0.6,8.5,4.5,26.9,1.4,0.1,18.1,15.9,0.9,0.6,1.5,0.068,-1.3,-1.4,-2.6,-0.2,,daniean01,2009
321,Antonio Daniels,33,WAS,PG,13,5,288,10.8,0.554,0.244,0.733,0.0,9.2,4.5,23.4,1.3,0.0,17.9,11.5,0.3,0.0,0.3,0.053,-2.0,-1.4,-3.4,-0.1,,daniean01,2009
322,Antonio Daniels,33,NOH,PG,61,4,733,12.6,0.531,0.257,0.351,0.8,8.2,4.5,28.3,1.4,0.1,18.2,17.7,0.6,0.6,1.1,0.074,-1.0,-1.3,-2.3,-0.1,,daniean01,2009
323,Roy Hibbert,22,IND,C,70,42,1009,16.1,0.51,0.0,0.35,12.4,14.1,13.3,7.9,1.0,5.6,10.2,23.3,1.0,1.2,2.1,0.102,-3.1,0.1,-3.0,-0.3,,hibbero01,2009
324,Kwame Brown,26,DET,C,58,30,999,11.5,0.546,0.0,0.722,10.7,24.0,17.2,4.9,1.3,1.9,18.3,13.0,0.5,1.4,1.9,0.093,-3.1,0.6,-2.5,-0.1,,brownkw01,2009
325,Josh Boone,24,NJN,C,62,7,995,13.3,0.513,0.0,0.397,12.3,18.7,15.4,5.0,1.2,3.9,11.0,13.3,0.9,0.9,1.8,0.089,-1.5,-0.2,-1.7,0.1,,boonejo01,2009
326,Francisco Elson,32,MIL,C,59,23,977,10.3,0.537,0.024,0.231,11.6,16.3,13.8,4.8,1.9,3.1,20.5,10.8,0.5,1.3,1.8,0.089,-3.3,1.0,-2.2,-0.1,,elsonfr01,2009
327,Chris Quinn,25,MIA,PG,66,0,962,12.9,0.539,0.474,0.201,1.0,8.4,4.7,21.5,1.3,0.2,9.5,17.0,1.5,0.6,2.1,0.104,-0.2,-0.8,-1.0,0.2,,quinnch01,2009
328,Dan Gadzuric,30,MIL,C,67,26,941,12.2,0.495,0.008,0.279,11.4,21.0,16.0,6.5,1.8,3.8,13.0,15.0,0.4,1.4,1.8,0.094,-3.2,0.7,-2.5,-0.1,,gadzuda01,2009
329,Brevin Knight,33,UTA,PG,74,0,938,9.5,0.414,0.032,0.339,1.7,9.5,5.6,28.1,3.7,0.3,23.3,13.5,-0.6,1.3,0.7,0.035,-4.0,2.1,-1.9,0.0,,knighbr01,2009
330,Bobby Brown,24,2TM,PG,68,2,931,8.9,0.476,0.361,0.119,1.7,4.8,3.3,20.9,1.2,0.2,14.3,21.3,-0.5,-0.1,-0.6,-0.029,-2.2,-2.8,-5.0,-0.7,,brownbo02,2009
331,Bobby Brown,24,SAC,SG,47,1,675,7.7,0.468,0.381,0.138,1.4,4.9,3.1,21.1,1.1,0.1,15.2,20.5,-0.5,-0.2,-0.7,-0.047,-2.9,-3.2,-6.1,-0.7,,brownbo02,2009
332,Bobby Brown,24,MIN,PG,21,1,256,11.9,0.496,0.319,0.08,2.6,4.8,3.7,20.5,1.2,0.6,12.0,23.4,0.0,0.1,0.1,0.017,-0.4,-1.8,-2.2,0.0,,brownbo02,2009
333,Chris Kaman,26,LAC,C,31,24,921,14.4,0.552,0.0,0.246,9.1,22.2,15.5,8.8,1.0,3.6,19.9,20.9,-0.3,0.8,0.6,0.03,-2.8,-0.3,-3.1,-0.3,,kamanch01,2009
334,Elton Brand,29,PHI,PF,29,23,920,14.6,0.484,0.0,0.296,9.9,23.2,16.5,6.9,1.0,3.9,14.2,23.8,-0.4,1.3,0.9,0.047,-2.0,0.2,-1.9,0.0,,brandel01,2009
335,Amir Johnson,21,DET,PF,62,24,911,13.5,0.608,0.0,0.215,13.1,17.2,15.1,3.4,1.2,5.1,15.6,11.1,1.4,1.3,2.7,0.142,-3.0,1.6,-1.4,0.1,,johnsam01,2009
336,Brian Cardinal,31,MIN,PF,64,4,909,8.1,0.515,0.544,0.207,4.8,13.8,9.1,12.3,2.1,1.1,20.7,11.5,0.1,0.7,0.9,0.045,-3.6,1.2,-2.4,-0.1,,cardibr01,2009
337,Monta Ellis,23,GSW,SG,25,25,892,14.5,0.503,0.06,0.219,1.7,11.5,6.6,17.5,2.1,0.6,12.4,25.8,-0.1,0.3,0.2,0.012,-1.8,-1.5,-3.4,-0.3,,ellismo01,2009
338,Roko Ukić,24,TOR,PG,72,0,890,9.8,0.43,0.191,0.185,3.6,6.3,4.9,27.2,1.8,0.2,14.6,21.3,-0.8,0.4,-0.4,-0.019,-3.2,-1.4,-4.6,-0.6,,ukicro01,2009
339,Mardy Collins,24,2TM,PG,48,14,890,9.5,0.47,0.126,0.186,3.9,10.1,6.9,19.8,1.8,0.8,17.8,16.6,-0.5,0.4,-0.1,-0.003,-3.4,0.0,-3.5,-0.3,,collima01,2009
340,Mardy Collins,24,NYK,SG,9,0,75,5.0,0.371,0.13,0.391,2.8,9.1,5.8,19.3,1.3,0.0,15.6,18.5,-0.2,0.0,-0.1,-0.077,-5.3,-1.0,-6.4,-0.1,,collima01,2009
341,Mardy Collins,24,LAC,PG,39,14,815,9.9,0.481,0.125,0.165,4.0,10.2,7.0,19.9,1.9,0.9,18.1,16.4,-0.3,0.4,0.1,0.004,-3.2,0.0,-3.2,-0.2,,collima01,2009
342,Tony Allen,27,BOS,SG,46,2,887,12.9,0.541,0.095,0.384,3.2,10.7,7.1,12.0,3.2,2.1,18.8,21.5,-0.2,1.8,1.6,0.085,-2.4,2.5,0.1,0.5,,allento01,2009
343,DeShawn Stevenson,27,WAS,SG,32,25,886,6.9,0.41,0.558,0.26,1.4,8.9,5.0,16.3,1.3,0.2,11.1,14.9,-0.6,0.0,-0.6,-0.032,-3.2,-1.5,-4.7,-0.6,,stevede01,2009
344,James Singleton,27,DAL,PF,62,6,884,16.4,0.615,0.181,0.353,11.7,20.7,16.2,2.9,1.5,2.3,12.4,15.1,1.9,1.1,3.0,0.163,-0.4,-0.1,-0.5,0.3,,singlja01,2009
345,Marco Belinelli,22,GSW,SG,42,23,882,11.8,0.547,0.413,0.164,1.2,7.5,4.4,15.3,2.0,0.1,14.8,19.3,0.4,0.1,0.5,0.028,-0.8,-1.4,-2.3,-0.1,,belinma01,2009
346,Greg Buckner,32,MEM,SF,63,0,878,6.3,0.456,0.321,0.157,4.4,13.9,9.1,9.9,1.8,0.7,18.3,11.1,-0.4,0.7,0.3,0.019,-4.4,0.4,-4.0,-0.4,,buckngr01,2009
347,Devin Brown,30,NOH,SG,63,5,869,9.7,0.459,0.31,0.319,4.3,12.2,8.3,10.2,2.0,0.5,13.1,22.8,-0.8,1.0,0.1,0.007,-3.5,-0.7,-4.3,-0.5,,brownde02,2009
348,Royal Ivey,27,PHI,SG,71,0,861,7.6,0.465,0.548,0.207,2.6,8.0,5.3,7.4,2.2,0.7,9.2,13.2,0.2,0.8,0.9,0.052,-2.8,0.6,-2.2,0.0,,iveyro01,2009
349,Chuck Hayes,25,HOU,C,71,1,858,7.8,0.375,0.035,0.168,10.5,23.0,17.0,7.0,2.1,1.6,17.1,7.9,-0.1,1.7,1.6,0.092,-4.1,2.6,-1.5,0.1,,hayesch01,2009
350,Brent Barry,37,HOU,SG,56,1,857,9.2,0.575,0.762,0.116,2.4,10.1,6.4,13.7,1.5,0.3,21.0,12.4,0.4,1.1,1.5,0.082,-1.2,1.2,0.1,0.5,,barrybr01,2009
351,Yakhouba Diawara,26,MIA,SF,63,21,851,6.4,0.473,0.751,0.088,3.6,7.9,5.8,4.7,0.8,0.6,6.6,13.3,0.1,0.4,0.5,0.029,-2.8,-1.5,-4.2,-0.5,,diawaya01,2009
352,Kevin Ollie,36,MIN,PG,50,21,850,9.9,0.525,0.007,0.64,1.7,8.9,5.2,20.2,1.2,0.4,15.0,12.0,0.9,0.3,1.2,0.067,-3.0,-0.2,-3.1,-0.3,,ollieke01,2009
353,Brian Skinner,32,LAC,PF,51,21,843,10.6,0.474,0.01,0.229,9.6,18.5,13.9,5.1,1.1,4.6,16.0,14.5,-0.3,0.7,0.4,0.024,-4.5,0.0,-4.4,-0.5,,skinnbr01,2009
354,Sean Marks,33,NOH,C,60,5,838,8.8,0.521,0.061,0.267,9.0,18.0,13.5,2.6,0.5,3.3,16.0,12.6,0.2,1.0,1.2,0.067,-4.4,-0.4,-4.8,-0.6,,marksse01,2009
355,Juan Dixon,30,WAS,PG,50,6,816,9.3,0.478,0.293,0.152,1.1,8.7,4.8,22.7,2.3,0.6,20.4,19.1,-0.8,0.2,-0.5,-0.031,-3.2,-1.2,-4.4,-0.5,,dixonju01,2009
356,Will Bynum,26,DET,PG,57,1,803,17.4,0.52,0.056,0.348,2.8,8.4,5.5,35.3,2.3,0.2,16.2,27.9,0.5,0.8,1.3,0.078,0.4,-0.3,0.1,0.4,,bynumwi01,2009
357,Marcin Gortat,24,ORL,PF,63,3,794,17.0,0.578,0.005,0.241,14.0,26.3,20.3,2.9,1.2,4.8,10.8,13.5,1.4,1.9,3.3,0.202,-1.1,2.2,1.1,0.6,,gortama01,2009
358,Ricky Davis,29,LAC,SG,36,9,785,7.1,0.445,0.453,0.147,1.3,7.7,4.4,16.4,1.3,0.5,13.0,17.4,-0.6,0.2,-0.4,-0.027,-4.3,-2.0,-6.3,-0.9,,davisri01,2009
359,Renaldo Balkman,24,DEN,PF,53,10,780,16.8,0.585,0.036,0.33,13.2,16.9,15.1,6.9,3.1,2.3,13.4,14.9,1.3,1.3,2.6,0.162,0.2,1.2,1.4,0.7,,balkmre01,2009
360,Julian Wright,21,NOH,SF,54,19,772,12.6,0.479,0.09,0.128,7.2,16.6,11.9,9.4,2.5,2.1,14.8,18.1,-0.4,1.2,0.8,0.048,-1.8,0.8,-0.9,0.2,,wrighju01,2009
361,DeAndre Jordan,20,LAC,C,53,13,771,14.1,0.585,0.0,0.741,10.5,25.5,17.8,2.3,0.7,5.7,17.4,13.9,0.4,0.9,1.3,0.079,-3.2,-0.1,-3.3,-0.3,,jordade01,2009
362,Mike Taylor,23,LAC,PG,51,5,771,10.1,0.477,0.15,0.303,3.2,10.0,6.5,22.9,2.4,0.0,19.4,22.2,-0.9,0.4,-0.4,-0.028,-4.1,-1.1,-5.2,-0.6,,taylomi01,2009
363,Channing Frye,25,POR,PF,63,1,746,10.0,0.465,0.124,0.135,6.7,16.7,11.6,5.3,1.3,1.7,9.3,19.7,0.0,0.8,0.8,0.054,-3.9,-0.3,-4.2,-0.4,,fryech01,2009
364,Ronnie Price,25,UTA,PG,52,17,738,8.5,0.465,0.3,0.222,1.9,9.2,5.6,21.3,2.7,0.5,21.5,17.2,-0.7,0.8,0.1,0.009,-3.9,0.4,-3.5,-0.3,,pricero01,2009
365,Goran Dragić,22,PHO,PG,55,1,728,9.8,0.487,0.241,0.29,5.5,10.8,8.3,20.8,2.0,0.3,22.4,19.7,-0.3,0.4,0.1,0.005,-3.0,-1.2,-4.3,-0.4,,dragigo01,2009
366,Donté Greene,20,SAC,SF,55,4,725,5.2,0.416,0.424,0.144,3.0,10.9,6.9,6.4,1.1,1.4,12.8,17.8,-1.2,0.1,-1.1,-0.074,-4.5,-2.3,-6.8,-0.9,,greendo01,2009
367,Travis Diener,26,IND,PG,55,0,719,13.7,0.555,0.659,0.084,0.9,12.4,6.6,23.9,1.8,0.5,10.2,12.5,1.3,0.6,1.9,0.125,0.5,0.4,0.9,0.5,,dienetr01,2009
368,Joe Alexander,22,MIL,SF,59,0,716,10.1,0.494,0.188,0.339,6.9,12.3,9.5,9.5,1.1,3.4,15.6,20.9,-0.3,0.7,0.4,0.03,-3.4,-0.1,-3.5,-0.3,,alexajo01,2009
369,Aaron Gray,24,CHI,C,56,18,715,11.5,0.508,0.006,0.353,13.5,21.7,17.6,9.6,1.0,1.8,17.2,14.5,0.5,0.8,1.3,0.086,-3.2,-0.1,-3.4,-0.2,,grayaa01,2009
370,Will Solomon,30,2TM,PG,53,9,712,12.5,0.506,0.351,0.139,2.0,8.5,5.3,30.0,2.0,0.4,17.2,20.2,0.1,0.4,0.5,0.033,-0.8,-1.1,-1.9,0.0,,solomwi01,2009
371,Will Solomon,30,TOR,PG,39,9,544,12.5,0.504,0.315,0.133,2.0,7.3,4.6,36.1,1.9,0.6,20.4,20.4,0.0,0.3,0.4,0.032,-0.9,-1.0,-1.9,0.0,,solomwi01,2009
372,Will Solomon,30,SAC,PG,14,0,168,12.6,0.512,0.453,0.156,2.1,12.6,7.3,10.0,2.1,0.0,6.8,19.6,0.1,0.0,0.1,0.037,-0.5,-1.1,-1.6,0.0,,solomwi01,2009
373,Adam Morrison,24,2TM,SF,52,5,711,5.7,0.448,0.43,0.103,3.1,10.6,6.9,9.4,0.7,0.5,12.1,17.5,-0.6,0.6,0.0,0.001,-3.7,-1.1,-4.8,-0.5,,morriad01,2009
374,Adam Morrison,24,CHA,SF,44,5,667,5.8,0.452,0.436,0.1,3.0,10.3,6.7,9.4,0.7,0.5,11.6,17.6,-0.5,0.5,0.1,0.004,-3.5,-1.0,-4.5,-0.4,,morriad01,2009
375,Adam Morrison,24,LAL,SF,8,0,44,2.9,0.388,0.333,0.167,5.2,15.2,10.3,9.2,0.0,0.0,18.9,15.9,-0.1,0.0,0.0,-0.045,-6.5,-2.7,-9.2,-0.1,,morriad01,2009
376,Jamaal Magloire,30,MIA,C,55,12,709,10.6,0.505,0.0,0.458,13.7,23.8,18.7,4.6,0.8,2.9,16.9,12.5,0.4,0.9,1.3,0.089,-4.2,-0.3,-4.5,-0.4,,magloja01,2009
377,Devean George,31,DAL,SF,43,17,708,7.0,0.485,0.535,0.155,4.1,8.5,6.3,3.0,1.7,1.1,10.1,10.9,0.1,0.6,0.6,0.042,-3.1,0.3,-2.8,-0.1,,georgde01,2009
378,J.J. Hickson,20,CLE,C,62,0,705,12.5,0.548,0.0,0.345,9.1,18.4,13.9,2.1,1.1,3.4,16.8,18.0,0.2,1.3,1.5,0.101,-3.4,0.2,-3.2,-0.2,,hicksjj01,2009
379,Josh Powell,26,LAL,PF,60,1,703,9.9,0.479,0.0,0.209,11.6,16.7,14.1,5.6,0.7,1.9,16.3,19.5,-0.3,0.9,0.6,0.043,-4.6,-1.7,-6.4,-0.8,,poweljo01,2009
380,Matt Harpring,32,UTA,SG,63,2,693,12.3,0.508,0.008,0.299,8.1,13.1,10.6,6.4,2.2,1.0,9.6,19.5,0.4,0.8,1.2,0.086,-2.8,0.0,-2.8,-0.2,,harprma01,2009
381,Brandan Wright,21,GSW,PF,39,23,688,18.7,0.57,0.016,0.346,9.8,15.0,12.4,4.9,1.6,3.7,7.5,19.0,1.4,0.4,1.9,0.131,0.8,-0.7,0.1,0.4,,wrighbr03,2009
382,Stephen Graham,26,IND,SG,52,6,684,8.5,0.498,0.258,0.242,3.4,12.2,7.7,7.3,0.7,0.4,13.7,20.9,-0.4,0.4,0.0,0.001,-4.0,-2.0,-6.0,-0.7,,grahast01,2009
383,Fabricio Oberto,33,SAS,C,54,11,677,10.6,0.595,0.01,0.337,11.6,13.4,12.5,12.9,0.6,1.2,24.1,11.3,0.8,0.8,1.7,0.119,-3.2,1.0,-2.2,0.0,,obertfa01,2009
384,Solomon Jones,24,ATL,C,63,0,675,12.0,0.655,0.018,0.667,9.1,15.6,12.3,3.4,0.6,3.9,15.8,11.8,1.2,0.7,1.9,0.138,-3.2,0.5,-2.7,-0.1,,jonesso01,2009
385,Jerryd Bayless,20,POR,PG,53,0,655,8.2,0.487,0.143,0.545,1.5,9.4,5.4,18.2,1.4,0.2,19.3,20.9,-0.2,0.5,0.3,0.019,-4.3,-0.7,-5.0,-0.5,,bayleje01,2009
386,Damien Wilkins,29,OKC,SG,41,14,636,8.3,0.467,0.338,0.216,3.6,9.2,6.3,9.1,1.8,0.8,13.7,18.8,-0.4,0.4,0.0,0.002,-3.8,-0.9,-4.7,-0.4,,wilkida02,2009
387,Walter Herrmann,29,DET,SF,59,0,630,11.4,0.514,0.58,0.121,5.2,15.1,10.1,5.6,0.6,0.5,7.2,17.8,0.5,0.5,1.0,0.074,0.0,-1.4,-1.4,0.1,,herrmwa01,2009
388,James Jones,28,MIA,SF,40,1,630,8.4,0.52,0.644,0.208,2.3,9.6,5.9,4.7,1.0,1.8,6.9,13.0,0.4,0.5,0.9,0.065,-2.1,-0.7,-2.7,-0.1,,jonesja02,2009
389,Matt Carroll,28,2TM,SG,55,10,616,5.5,0.451,0.31,0.146,1.4,12.2,6.8,7.2,1.8,0.8,15.3,16.4,-0.8,0.7,-0.1,-0.008,-5.3,0.5,-4.8,-0.4,,carroma01,2009
390,Matt Carroll,28,CHA,SG,34,10,475,7.0,0.475,0.326,0.138,1.3,12.9,7.2,8.4,2.1,0.9,15.1,17.1,-0.5,0.6,0.1,0.015,-4.5,1.3,-3.3,-0.2,,carroma01,2009
391,Matt Carroll,28,DAL,SG,21,0,141,0.5,0.351,0.242,0.182,1.6,9.7,5.7,2.9,1.1,0.5,16.4,13.9,-0.3,0.1,-0.2,-0.084,-7.9,-2.0,-9.9,-0.3,,carroma01,2009
392,Robin Lopez,20,PHO,C,60,7,614,11.6,0.566,0.007,0.496,10.3,12.1,11.2,1.8,0.9,4.9,14.4,14.0,0.6,0.4,1.1,0.083,-3.1,-0.3,-3.4,-0.2,ROY-9,lopezro01,2009
393,Marko Jarić,30,MEM,SG,53,0,605,7.3,0.417,0.193,0.283,4.6,8.6,6.6,19.0,2.6,1.5,23.1,16.4,-0.9,0.5,-0.4,-0.03,-4.3,0.0,-4.3,-0.4,,jaricma01,2009
394,Chris Douglas-Roberts,22,NJN,SG,44,3,585,12.2,0.531,0.068,0.352,2.8,7.4,5.1,14.8,1.1,1.0,13.2,18.7,0.4,0.2,0.6,0.046,-1.3,-1.2,-2.5,-0.1,,douglch01,2009
395,Malik Allen,30,MIL,PF,49,3,579,7.3,0.435,0.006,0.124,6.8,14.5,10.5,9.5,0.6,1.7,10.0,15.4,-0.2,0.5,0.3,0.024,-4.2,-0.2,-4.5,-0.4,,allenma01,2009
396,Theo Ratliff,35,PHI,C,46,0,579,11.2,0.56,0.0,0.547,9.4,17.1,13.2,2.2,1.6,6.6,15.0,7.4,0.5,0.9,1.4,0.115,-2.5,2.1,-0.4,0.2,,ratlith01,2009
397,Kosta Koufos,19,UTA,C,48,7,565,15.2,0.54,0.0,0.276,10.6,18.6,14.6,5.7,1.1,4.3,11.1,18.5,0.6,0.7,1.3,0.112,-1.3,-0.1,-1.4,0.1,,koufoko01,2009
398,Acie Law,24,ATL,PG,55,1,560,10.6,0.49,0.209,0.432,1.3,10.9,6.1,23.4,1.1,0.4,14.9,16.3,0.3,0.4,0.7,0.062,-2.2,-0.6,-2.9,-0.1,,lawac01,2009
399,Johan Petro,23,2TM,C,49,22,559,8.1,0.429,0.011,0.165,8.7,23.9,16.3,4.5,1.7,2.0,12.9,17.2,-0.6,0.8,0.2,0.018,-5.9,0.5,-5.4,-0.5,,petrojo01,2009
400,Johan Petro,23,OKC,C,22,12,342,9.3,0.426,0.009,0.133,8.9,23.3,16.0,2.8,2.4,1.1,11.1,17.4,-0.3,0.5,0.1,0.019,-5.0,0.4,-4.6,-0.2,,petrojo01,2009
401,Johan Petro,23,DEN,C,27,10,217,6.4,0.434,0.016,0.222,8.3,25.0,16.9,7.1,0.7,3.6,15.8,16.9,-0.2,0.3,0.1,0.017,-7.5,0.8,-6.7,-0.3,,petrojo01,2009
402,Tyronn Lue,31,2TM,PG,44,0,521,10.3,0.537,0.383,0.117,1.3,9.2,5.2,18.6,0.8,0.0,11.9,16.8,0.5,0.4,0.8,0.078,-0.9,-0.1,-0.9,0.1,,luety01,2009
403,Tyronn Lue,31,MIL,PG,30,0,392,10.6,0.559,0.378,0.134,1.7,9.2,5.3,18.8,0.8,0.0,14.3,16.8,0.4,0.2,0.6,0.073,-0.5,-0.5,-1.0,0.1,,luety01,2009
404,Tyronn Lue,31,ORL,PG,14,0,129,9.4,0.474,0.395,0.07,0.0,9.4,4.8,17.8,0.8,0.0,4.3,16.6,0.1,0.2,0.3,0.093,-1.9,1.1,-0.8,0.0,,luety01,2009
405,Morris Peterson,31,NOH,SG,43,9,515,10.7,0.499,0.464,0.104,3.1,16.6,9.9,5.2,1.6,0.3,7.3,19.3,0.0,0.6,0.6,0.058,-1.5,-0.6,-2.1,0.0,,petermo01,2009
406,Shelden Williams,25,2TM,PF,45,0,512,13.7,0.503,0.013,0.401,10.9,24.3,17.5,3.8,2.2,2.7,15.5,19.2,0.0,0.5,0.5,0.048,-2.8,-0.8,-3.5,-0.2,,willish02,2009
407,Shelden Williams,25,SAC,PF,30,0,305,12.2,0.521,0.022,0.472,9.5,20.4,14.9,4.2,2.0,2.4,19.5,19.6,-0.1,0.2,0.1,0.014,-3.2,-1.6,-4.8,-0.2,,willish02,2009
408,Shelden Williams,25,MIN,PF,15,0,207,16.0,0.479,0.0,0.309,13.1,30.0,21.2,3.2,2.5,3.0,9.4,18.6,0.1,0.3,0.4,0.098,-2.2,0.5,-1.7,0.0,,willish02,2009
409,Brian Scalabrine,30,BOS,C,39,8,504,7.4,0.558,0.535,0.158,1.8,9.9,6.0,5.3,0.7,1.6,9.0,12.4,0.4,0.7,1.1,0.105,-2.5,1.1,-1.5,0.1,,scalabr01,2009
410,Luther Head,26,2TM,PG,32,4,498,9.9,0.482,0.375,0.167,1.4,10.7,6.2,18.1,1.8,0.3,13.9,16.8,0.0,0.6,0.6,0.058,-2.4,0.4,-2.0,0.0,,headlu01,2009
411,Luther Head,26,HOU,PG,22,4,322,9.8,0.491,0.376,0.158,1.1,8.4,4.9,17.4,1.0,0.2,12.9,17.9,0.0,0.3,0.4,0.058,-1.7,-0.6,-2.3,0.0,,headlu01,2009
412,Luther Head,26,MIA,SG,10,0,176,10.2,0.462,0.372,0.186,2.0,15.1,8.5,19.5,3.3,0.5,16.2,14.8,0.0,0.3,0.2,0.059,-3.7,2.2,-1.5,0.0,,headlu01,2009
413,Mike Dunleavy,28,IND,SG,18,14,495,14.4,0.52,0.388,0.28,3.1,12.1,7.6,14.2,1.2,1.3,12.7,26.3,0.1,0.4,0.5,0.048,0.5,-1.4,-1.0,0.1,,dunlemi02,2009
414,Shannon Brown,23,2TM,SG,48,0,477,12.9,0.554,0.224,0.236,2.8,8.1,5.5,13.7,2.5,1.2,17.3,21.4,0.1,0.6,0.7,0.067,-1.0,0.9,-0.2,0.2,,brownsh01,2009
415,Shannon Brown,23,CHA,SG,30,0,341,12.1,0.529,0.228,0.244,2.9,5.8,4.4,14.8,2.9,1.2,17.6,22.9,-0.1,0.4,0.3,0.041,-1.8,1.1,-0.7,0.1,,brownsh01,2009
416,Shannon Brown,23,LAL,SG,18,0,136,15.0,0.631,0.214,0.214,2.5,13.9,8.3,10.9,1.5,1.1,16.4,17.8,0.2,0.2,0.4,0.131,0.8,0.4,1.2,0.1,,brownsh01,2009
417,Juwan Howard,35,2TM,SF,42,2,472,10.9,0.534,0.0,0.231,7.9,11.9,9.9,9.7,0.8,1.0,13.8,18.8,0.2,0.4,0.7,0.067,-3.2,-0.4,-3.6,-0.2,,howarju01,2009
418,Juwan Howard,35,DEN,PF,3,0,22,9.6,0.5,0.0,0.0,5.4,15.4,10.6,12.5,2.3,3.5,0.0,4.0,0.0,0.0,0.1,0.141,-2.0,3.3,1.3,0.0,,howarju01,2009
419,Juwan Howard,35,CHA,SF,39,2,450,10.9,0.535,0.0,0.234,8.0,11.7,9.9,9.6,0.7,0.9,14.0,19.5,0.2,0.4,0.6,0.064,-3.2,-0.6,-3.8,-0.2,,howarju01,2009
420,Malik Rose,34,2TM,PF,38,0,470,5.3,0.424,0.053,0.389,4.0,19.5,11.6,11.5,1.1,0.5,19.0,17.7,-0.8,0.4,-0.4,-0.039,-7.0,-0.2,-7.1,-0.6,,rosema01,2009
421,Malik Rose,34,NYK,PF,18,0,160,-1.9,0.327,0.098,0.268,2.6,19.1,10.6,8.6,0.3,0.5,27.1,17.1,-0.6,0.1,-0.6,-0.167,-10.5,-1.5,-12.0,-0.4,,rosema01,2009
422,Malik Rose,34,OKC,PF,20,0,310,9.0,0.465,0.033,0.444,4.8,19.7,12.1,13.0,1.5,0.5,15.0,18.1,-0.1,0.3,0.2,0.027,-5.2,0.5,-4.6,-0.2,,rosema01,2009
423,Ryan Hollins,24,2TM,C,45,3,444,12.9,0.569,0.0,0.766,12.4,13.4,12.9,2.5,0.8,5.7,16.0,15.7,0.5,0.6,1.0,0.11,-3.4,0.7,-2.7,-0.1,,holliry01,2009
424,Ryan Hollins,24,CHA,C,18,1,184,15.3,0.613,0.0,1.114,12.9,11.4,12.1,3.5,0.9,7.6,16.1,15.9,0.3,0.3,0.6,0.158,-2.7,1.7,-1.0,0.0,,holliry01,2009
425,Ryan Hollins,24,DAL,C,27,2,260,11.3,0.537,0.0,0.559,12.0,14.9,13.5,1.7,0.8,4.3,16.0,15.5,0.1,0.3,0.4,0.076,-3.8,-0.1,-3.9,-0.1,,holliry01,2009
426,Rob Kurz,23,GSW,PF,40,5,442,11.8,0.513,0.29,0.382,8.1,11.8,10.0,6.5,1.5,3.0,9.5,16.3,0.5,0.2,0.7,0.074,-1.9,-0.8,-2.7,-0.1,,kurzro01,2009
427,Darnell Jackson,23,CLE,PF,51,2,430,7.2,0.483,0.023,0.407,9.2,14.7,12.0,2.7,1.3,0.7,12.1,12.7,0.2,0.7,0.8,0.094,-5.4,0.2,-5.2,-0.4,,jacksda01,2009
428,Jason Collins,30,MIN,C,31,22,422,3.3,0.346,0.0,0.4,7.5,12.1,9.7,3.7,1.1,2.4,12.7,10.1,-0.4,0.3,-0.2,-0.018,-6.9,-0.2,-7.2,-0.6,,collija04,2009
429,Stephon Marbury,31,BOS,PG,23,4,414,4.4,0.377,0.225,0.117,0.6,7.3,4.1,26.6,1.3,0.6,24.1,17.3,-0.9,0.5,-0.3,-0.038,-5.0,-1.1,-6.1,-0.4,,marbust01,2009
430,Danilo Gallinari,20,NYK,SG,28,2,412,13.4,0.621,0.576,0.216,3.3,11.5,7.3,5.5,1.7,0.7,9.9,16.0,0.7,0.3,1.0,0.119,0.5,0.1,0.6,0.3,,gallida01,2009
431,Chucky Atkins,34,2TM,PG,33,0,412,6.2,0.408,0.504,0.142,1.4,5.3,3.4,20.9,1.2,0.4,16.1,15.4,-0.3,0.2,-0.2,-0.018,-4.0,-1.3,-5.3,-0.3,,atkinch01,2009
432,Chucky Atkins,34,DEN,PG,14,0,115,8.9,0.469,0.63,0.148,0.0,5.9,3.0,34.9,0.9,0.7,25.8,15.0,0.0,0.1,0.0,0.019,-1.6,-2.1,-3.6,0.0,,atkinch01,2009
433,Chucky Atkins,34,OKC,PG,19,0,297,5.1,0.389,0.465,0.14,1.9,5.1,3.5,15.5,1.4,0.2,12.5,15.5,-0.3,0.1,-0.2,-0.032,-5.0,-1.0,-5.9,-0.3,,atkinch01,2009
434,Gerald Green,23,DAL,SG,38,12,376,11.4,0.513,0.256,0.178,4.3,12.1,8.2,6.9,1.4,1.0,14.5,27.7,-0.3,0.3,0.0,-0.002,-3.2,-1.6,-4.7,-0.3,,greenge01,2009
435,Melvin Ely,30,NOH,C,31,4,373,6.0,0.438,0.0,0.379,9.7,11.0,10.4,7.6,0.3,2.0,17.2,17.3,-0.3,0.3,-0.1,-0.008,-5.9,-1.4,-7.3,-0.5,,elyme01,2009
436,Gabe Pruitt,22,BOS,SG,47,0,366,7.6,0.422,0.475,0.208,3.1,10.8,7.1,15.5,2.2,0.7,14.7,16.5,-0.2,0.6,0.4,0.047,-3.6,1.4,-2.2,0.0,,pruitga01,2009
437,Sean Williams,22,NJN,PF,33,0,366,8.8,0.465,0.0,0.444,10.9,14.8,12.9,5.4,1.0,6.5,18.9,13.6,-0.1,0.4,0.3,0.036,-5.4,0.5,-4.8,-0.3,,willise01,2009
438,Cuttino Mobley,33,LAC,SG,11,11,365,10.3,0.491,0.24,0.123,2.8,6.5,4.6,5.8,2.1,0.4,10.5,21.5,-0.3,0.1,-0.1,-0.017,-2.8,-1.0,-3.9,-0.2,,moblecu01,2009
439,Jason Hart,30,2TM,PG,39,2,348,6.5,0.375,0.064,0.245,4.2,11.2,7.6,20.9,1.8,0.9,17.4,16.5,-0.5,0.2,-0.3,-0.048,-5.7,0.0,-5.7,-0.3,,hartja01,2009
440,Jason Hart,30,LAC,PG,28,2,312,6.1,0.352,0.048,0.226,4.3,11.4,7.8,20.8,2.0,0.9,17.1,16.3,-0.6,0.2,-0.4,-0.058,-5.9,0.1,-5.8,-0.3,,hartja01,2009
441,Jason Hart,30,DEN,PG,11,0,36,9.8,0.553,0.2,0.4,3.3,9.4,6.5,21.8,0.0,0.0,20.3,18.3,0.0,0.0,0.0,0.043,-3.4,-1.5,-4.9,0.0,,hartja01,2009
442,Robert Swift,23,OKC,C,26,10,343,11.5,0.551,0.0,0.225,6.9,23.2,14.9,4.0,0.7,3.7,9.3,11.1,0.3,0.4,0.7,0.104,-3.3,0.9,-2.5,0.0,,swiftro01,2009
443,Nazr Mohammed,31,CHA,C,39,1,341,7.7,0.438,0.0,0.396,12.8,15.9,14.3,3.9,0.8,3.9,16.2,19.6,-0.4,0.5,0.0,0.004,-6.7,-0.4,-7.1,-0.4,,mohamna01,2009
444,Paul Davis,24,LAC,PF,27,1,320,10.7,0.474,0.01,0.347,9.8,14.5,12.1,6.1,1.6,0.7,10.3,17.9,0.1,0.2,0.2,0.037,-3.7,-0.7,-4.4,-0.2,,davispa01,2009
445,Eduardo Nájera,32,NJN,PF,27,0,319,7.7,0.472,0.338,0.297,6.3,18.9,12.5,9.4,1.7,1.0,17.7,14.9,-0.2,0.3,0.1,0.01,-4.5,0.2,-4.3,-0.2,,najered01,2009
446,Corey Brewer,22,MIN,SF,15,8,307,11.2,0.473,0.133,0.211,6.6,12.3,9.3,12.9,2.6,0.8,11.7,16.3,0.1,0.3,0.3,0.052,-2.7,1.2,-1.5,0.0,,breweco01,2009
447,Etan Thomas,30,WAS,C,26,7,306,10.1,0.525,0.0,0.348,9.3,16.2,12.7,3.0,0.5,4.8,19.1,14.0,0.0,0.1,0.1,0.018,-4.2,-0.7,-4.9,-0.2,,thomaet01,2009
448,Sean Singletary,23,2TM,PG,37,2,303,6.7,0.478,0.294,0.247,4.1,9.8,7.0,14.4,1.9,0.0,19.6,17.8,-0.2,0.2,0.0,0.006,-5.1,0.0,-5.1,-0.2,,singlse01,2009
449,Sean Singletary,23,PHO,PG,13,1,122,8.5,0.429,0.27,0.162,5.0,10.1,7.7,13.0,2.5,0.0,11.2,16.1,0.0,0.1,0.1,0.026,-3.9,0.1,-3.8,-0.1,,singlse01,2009
450,Sean Singletary,23,CHA,PG,24,1,181,5.5,0.513,0.313,0.313,3.4,9.5,6.5,15.3,1.5,0.0,24.8,18.9,-0.2,0.2,0.0,-0.007,-5.9,-0.2,-6.0,-0.2,,singlse01,2009
451,Sean May,24,CHA,PF,24,12,301,6.2,0.435,0.01,0.204,8.3,20.0,14.2,5.6,0.9,1.1,19.6,20.8,-0.7,0.4,-0.3,-0.045,-6.0,-1.4,-7.4,-0.4,,mayse01,2009
452,Quincy Douby,24,2TM,PG,27,0,300,10.2,0.486,0.418,0.173,2.3,10.2,6.2,13.6,0.9,1.2,9.9,19.8,0.0,0.0,0.0,0.008,-1.4,-2.2,-3.5,-0.1,,doubyqu01,2009
453,Quincy Douby,24,SAC,PG,20,0,227,8.0,0.444,0.42,0.17,1.5,11.4,6.4,9.3,0.4,1.6,6.0,19.9,-0.1,0.0,-0.1,-0.024,-2.2,-2.3,-4.5,-0.1,,doubyqu01,2009
454,Quincy Douby,24,TOR,PG,7,0,73,17.0,0.652,0.409,0.182,4.9,6.4,5.6,27.1,2.1,0.0,22.8,19.4,0.1,0.0,0.2,0.106,1.1,-1.7,-0.6,0.0,,doubyqu01,2009
455,Darius Miles,27,MEM,SF,34,0,298,16.1,0.533,0.061,0.313,7.7,15.9,11.7,10.1,2.0,5.5,15.7,21.0,0.1,0.4,0.5,0.077,-0.7,1.6,0.9,0.2,,milesda01,2009
456,Jacque Vaughn,33,SAS,PG,30,0,292,7.6,0.392,0.013,0.24,1.7,7.3,4.5,27.6,1.1,0.0,15.3,16.2,-0.2,0.3,0.1,0.02,-5.0,-0.9,-5.9,-0.3,,vaughja01,2009
457,Pops Mensah-Bonsu,25,2TM,PF,22,0,283,14.5,0.447,0.019,0.466,23.1,23.8,23.5,3.3,1.7,1.4,13.3,23.4,0.0,0.4,0.3,0.058,-3.2,-2.4,-5.5,-0.3,,mensapo01,2009
458,Pops Mensah-Bonsu,25,SAS,PF,3,0,20,35.8,0.744,0.0,1.0,30.2,29.4,29.8,0.0,2.7,3.7,16.6,29.3,0.1,0.1,0.2,0.418,5.2,3.0,8.2,0.1,,mensapo01,2009
459,Pops Mensah-Bonsu,25,TOR,PF,19,0,263,12.9,0.421,0.021,0.427,22.5,23.4,23.0,3.6,1.6,1.2,13.0,23.0,-0.1,0.3,0.2,0.031,-3.8,-2.8,-6.6,-0.3,,mensapo01,2009
460,Alando Tucker,24,PHO,SG,30,1,282,13.0,0.509,0.19,0.273,8.2,4.8,6.4,6.4,0.9,0.3,9.4,23.3,0.2,0.0,0.2,0.039,-0.6,-3.5,-4.2,-0.2,,tuckeal02,2009
461,Josh McRoberts,21,IND,PF,33,0,279,12.5,0.451,0.12,0.157,10.2,19.1,14.6,8.4,2.1,4.3,11.9,15.7,0.0,0.4,0.4,0.073,-3.5,1.1,-2.3,0.0,,mcrobjo01,2009
462,Tarence Kinsey,24,CLE,SG,50,3,277,11.0,0.595,0.261,0.551,4.5,11.6,8.2,5.5,2.3,0.0,20.4,18.3,0.2,0.5,0.6,0.105,-3.8,0.6,-3.2,-0.1,,kinseta01,2009
463,Oleksiy Pecherov,23,WAS,C,32,0,277,14.5,0.51,0.426,0.287,14.4,17.9,16.1,1.2,1.1,0.9,8.1,20.3,0.4,0.1,0.5,0.08,0.0,-4.2,-4.2,-0.2,,pecheol01,2009
464,Anthony Roberson,25,2TM,PG,29,0,276,11.4,0.487,0.675,0.042,2.4,6.6,4.4,11.3,1.8,0.3,6.1,20.6,0.1,0.1,0.2,0.041,-0.8,-0.6,-1.4,0.0,,roberan02,2009
465,Anthony Roberson,25,NYK,PG,23,0,253,11.8,0.509,0.689,0.049,1.7,4.9,3.2,11.7,2.0,0.3,6.2,19.3,0.2,0.1,0.3,0.057,-0.6,-0.2,-0.8,0.1,,roberan02,2009
466,Anthony Roberson,25,CHI,PG,6,0,23,8.0,0.353,0.588,0.0,10.0,24.8,17.4,7.7,0.0,0.0,5.6,34.9,-0.1,0.0,-0.1,-0.136,-2.8,-5.2,-8.0,0.0,,roberan02,2009
467,Mario West,24,ATL,SG,53,3,269,10.0,0.456,0.029,0.882,10.5,13.9,12.2,10.1,3.6,1.1,21.6,10.5,0.0,0.4,0.4,0.08,-2.9,2.6,-0.3,0.1,,westma02,2009
468,Cartier Martin,24,CHA,SF,33,1,266,9.2,0.489,0.429,0.325,3.3,12.0,7.7,8.0,1.6,1.2,9.3,17.2,0.1,0.3,0.4,0.07,-3.2,0.3,-2.8,-0.1,,martica01,2009
469,Lindsey Hunter,38,CHI,PG,28,0,266,7.9,0.433,0.585,0.061,0.9,4.3,2.6,20.4,3.9,0.3,18.4,17.3,-0.3,0.3,0.0,-0.003,-3.5,1.2,-2.3,0.0,,hunteli01,2009
470,Kris Humphries,23,TOR,SF,29,0,265,16.3,0.513,0.0,0.533,10.7,20.2,15.5,6.0,1.6,1.8,6.7,20.7,0.4,0.3,0.7,0.125,-0.9,-0.7,-1.7,0.0,,humphkr01,2009
471,Dee Brown,24,2TM,PG,19,11,261,6.6,0.449,0.49,0.102,3.1,10.1,6.5,19.8,2.0,0.0,24.9,11.8,-0.2,0.1,-0.1,-0.018,-4.8,-0.3,-5.1,-0.2,,brownde03,2009
472,Dee Brown,24,WAS,PG,17,11,233,7.8,0.452,0.455,0.068,3.4,10.9,7.1,20.6,2.3,0.0,23.6,11.6,-0.1,0.1,0.0,-0.006,-4.3,0.0,-4.3,-0.1,,brownde03,2009
473,Dee Brown,24,PHO,PG,2,0,28,-2.9,0.425,0.8,0.4,0.0,4.0,2.1,13.1,0.0,0.0,33.8,14.0,-0.1,0.0,-0.1,-0.116,-8.7,-3.1,-11.8,-0.1,,brownde03,2009
474,Morris Almond,23,UTA,SG,25,1,255,7.3,0.498,0.21,0.321,4.2,12.6,8.4,4.2,0.8,1.2,14.8,19.1,-0.1,0.2,0.1,0.01,-4.5,-1.8,-6.3,-0.3,,almonmo01,2009
475,Patrick O'Bryant,22,2TM,C,39,3,255,11.8,0.544,0.024,0.238,6.3,24.2,15.5,7.1,1.2,5.9,19.2,20.9,-0.2,0.5,0.3,0.056,-6.4,2.1,-4.4,-0.2,,obryapa01,2009
476,Patrick O'Bryant,22,BOS,C,26,0,108,9.5,0.551,0.0,0.387,8.3,29.1,19.1,11.8,1.5,5.9,31.9,23.0,-0.2,0.3,0.1,0.025,-9.2,3.5,-5.6,-0.1,,obryapa01,2009
477,Patrick O'Bryant,22,TOR,C,13,3,147,13.5,0.54,0.038,0.151,4.8,20.6,12.8,3.6,1.1,5.8,8.1,19.3,0.0,0.2,0.2,0.079,-4.5,1.0,-3.5,-0.1,,obryapa01,2009
478,Jake Voskuhl,31,TOR,C,38,1,240,0.4,0.342,0.0,0.311,10.4,18.4,14.4,4.6,0.7,1.3,24.9,13.1,-0.5,0.2,-0.3,-0.064,-10.0,-0.9,-10.9,-0.5,,voskuja01,2009
479,Shaun Livingston,23,2TM,PG,12,1,231,12.1,0.551,0.0,0.167,1.5,12.7,7.0,13.9,1.6,0.6,12.3,14.2,0.2,0.2,0.4,0.074,-2.8,0.3,-2.5,0.0,,livinsh01,2009
480,Shaun Livingston,23,MIA,PG,4,0,41,5.4,0.461,0.0,0.5,0.0,5.9,2.9,14.2,2.6,0.0,23.5,14.6,-0.1,0.0,0.0,-0.021,-7.7,0.2,-7.5,-0.1,,livinsh01,2009
481,Shaun Livingston,23,OKC,PG,8,1,190,13.5,0.567,0.0,0.115,1.8,14.2,7.9,13.8,1.3,0.8,9.9,14.1,0.2,0.1,0.4,0.095,-1.7,0.3,-1.4,0.0,,livinsh01,2009
482,Ryan Bowen,33,NOH,SF,21,3,219,10.8,0.585,0.0,0.132,5.5,7.7,6.6,6.5,3.5,1.9,11.1,9.9,0.2,0.3,0.6,0.125,-3.7,3.0,-0.7,0.1,,bowenry01,2009
483,Maceo Baston,33,IND,PF,27,0,217,12.3,0.579,0.022,0.587,11.1,15.4,13.2,4.6,1.4,3.4,17.2,14.0,0.2,0.2,0.5,0.105,-3.4,0.2,-3.2,-0.1,,bastoma01,2009
484,Henry Walker,21,BOS,SF,29,0,216,10.9,0.646,0.017,0.397,4.7,11.3,8.2,9.9,1.5,0.7,20.9,18.6,0.2,0.3,0.5,0.117,-5.1,0.6,-4.5,-0.1,,walkebi01,2009
485,Ike Diogu,25,2TM,PF,29,1,215,20.3,0.611,0.027,0.716,14.4,16.6,15.5,2.7,0.7,1.1,11.0,23.2,0.6,0.1,0.7,0.158,1.6,-2.6,-1.1,0.1,,dioguik01,2009
486,Ike Diogu,25,POR,PF,19,0,73,11.4,0.486,0.0,1.053,20.1,8.6,14.4,0.0,0.8,2.2,17.8,21.8,0.0,0.1,0.1,0.057,-4.1,-3.3,-7.3,-0.1,,dioguik01,2009
487,Ike Diogu,25,SAC,PF,10,1,142,24.9,0.662,0.036,0.6,11.4,20.7,16.0,4.1,0.7,0.5,7.9,23.8,0.6,0.0,0.6,0.21,4.5,-2.3,2.1,0.1,,dioguik01,2009
488,Anthony Tolliver,23,SAS,PF,19,0,208,7.6,0.375,0.631,0.154,7.0,16.4,11.7,12.1,1.3,0.4,9.2,17.8,-0.3,0.3,0.0,0.01,-3.6,-0.3,-3.9,-0.1,,tollian01,2009
489,Mark Blount,33,MIA,C,20,0,207,8.7,0.472,0.346,0.167,5.7,18.1,11.8,3.1,0.3,2.8,14.3,22.2,-0.3,0.2,-0.1,-0.024,-3.5,-2.3,-5.8,-0.2,,blounma01,2009
490,Marcus Banks,27,2TM,PG,22,0,206,7.8,0.431,0.333,0.316,0.6,9.9,5.2,20.6,2.8,0.8,17.7,17.9,-0.3,0.2,0.0,-0.008,-5.4,1.3,-4.1,-0.1,,banksma01,2009
491,Marcus Banks,27,MIA,PG,16,0,166,8.7,0.461,0.359,0.385,0.0,10.9,5.4,19.8,3.2,1.0,19.4,16.0,-0.1,0.2,0.1,0.023,-5.3,2.2,-3.1,0.0,,banksma01,2009
492,Marcus Banks,27,TOR,PG,6,0,40,4.0,0.362,0.278,0.167,3.0,5.8,4.4,24.2,1.3,0.0,13.4,25.7,-0.1,0.0,-0.1,-0.139,-5.7,-2.4,-8.1,-0.1,,banksma01,2009
493,Jarron Collins,30,UTA,C,26,3,201,5.8,0.502,0.0,0.314,11.9,10.1,11.0,4.9,0.5,0.4,18.4,10.9,0.1,0.1,0.2,0.047,-4.5,-1.6,-6.1,-0.2,,collija03,2009
494,Kareem Rush,28,PHI,SG,25,1,199,6.3,0.452,0.569,0.069,0.0,9.1,4.5,11.5,1.3,0.4,14.3,16.0,-0.1,0.1,0.0,-0.003,-3.5,-0.4,-3.9,-0.1,,rushka01,2009
495,Alex Acker,26,2TM,SG,25,0,199,10.4,0.448,0.263,0.132,4.5,9.6,7.0,10.2,1.3,1.5,8.0,20.1,-0.1,0.1,0.0,-0.011,-1.8,-1.7,-3.6,-0.1,,ackeral01,2009
496,Alex Acker,26,DET,SG,7,0,20,16.0,0.379,0.364,0.182,0.0,12.0,5.9,9.1,5.5,3.9,0.0,28.3,0.0,0.0,0.0,0.009,-0.9,4.7,3.8,0.0,,ackeral01,2009
497,Alex Acker,26,LAC,SG,18,0,179,9.8,0.46,0.246,0.123,5.0,9.3,7.1,10.3,0.9,1.2,9.3,19.2,-0.1,0.0,0.0,-0.013,-1.9,-2.5,-4.4,-0.1,,ackeral01,2009
498,Donyell Marshall,35,PHI,PF,25,0,189,18.9,0.621,0.753,0.082,3.8,21.7,12.7,13.6,1.1,2.1,7.3,19.7,0.6,0.2,0.8,0.201,5.5,1.0,6.5,0.4,,marshdo01,2009
499,Stromile Swift,29,2TM,PF,19,0,185,6.8,0.46,0.018,0.464,10.4,18.6,14.6,2.4,1.1,3.3,19.2,20.3,-0.3,0.2,-0.1,-0.033,-7.9,-1.7,-9.5,-0.4,,swiftst01,2009
500,Stromile Swift,29,NJN,PF,6,0,64,6.6,0.58,0.0,0.733,9.2,15.1,12.1,2.6,0.0,2.6,26.1,19.6,-0.1,0.0,0.0,-0.026,-7.7,-1.7,-9.5,-0.1,,swiftst01,2009
501,Stromile Swift,29,PHO,PF,13,0,121,6.8,0.41,0.024,0.366,11.0,20.4,15.9,2.3,1.7,3.6,15.9,20.6,-0.2,0.1,-0.1,-0.037,-7.9,-1.7,-9.6,-0.2,,swiftst01,2009
502,Alexis Ajinça,20,CHA,PF,31,4,182,7.0,0.43,0.029,0.406,6.2,14.2,10.2,2.8,2.1,2.7,12.9,24.2,-0.3,0.3,-0.1,-0.018,-7.6,0.1,-7.5,-0.3,,ajincal01,2009
503,D.J. Mbenga,28,LAL,C,23,0,181,13.9,0.504,0.018,0.14,5.7,13.6,9.7,7.2,2.8,10.2,17.7,17.8,-0.1,0.4,0.3,0.091,-5.0,4.4,-0.6,0.1,,mbengdj01,2009
504,Brendan Haywood,29,WAS,C,6,5,175,14.9,0.49,0.0,0.42,8.5,21.4,14.8,7.3,1.2,7.0,13.2,17.7,0.0,0.2,0.2,0.041,-2.1,0.1,-2.0,0.0,,haywobr01,2009
505,DeMarcus Nelson,23,GSW,PG,13,5,171,6.5,0.44,0.056,0.259,3.8,11.4,7.6,11.3,2.6,0.8,20.0,18.8,-0.3,0.1,-0.3,-0.071,-6.1,0.6,-5.5,-0.2,,nelsode01,2009
506,Brian Cook,28,2TM,PF,30,0,171,7.6,0.47,0.395,0.079,4.8,16.1,10.6,5.1,0.9,1.3,14.2,24.8,-0.3,0.3,0.0,-0.001,-5.2,-1.0,-6.2,-0.2,,cookbr01,2009
507,Brian Cook,28,ORL,PF,21,0,146,7.6,0.495,0.417,0.1,4.8,15.8,10.4,4.7,1.1,0.0,14.9,23.3,-0.2,0.2,0.1,0.019,-4.7,-1.1,-5.8,-0.1,,cookbr01,2009
508,Brian Cook,28,HOU,PF,9,0,25,7.4,0.375,0.313,0.0,4.9,17.9,11.7,7.3,0.0,8.7,11.1,33.5,-0.1,0.0,-0.1,-0.12,-7.9,-0.7,-8.6,0.0,,cookbr01,2009
509,Shawne Williams,22,DAL,SF,15,0,170,7.5,0.345,0.304,0.196,13.0,18.1,15.5,1.7,0.6,3.9,7.6,17.8,-0.2,0.2,0.0,-0.012,-5.1,-1.4,-6.5,-0.2,,willish03,2009
510,Jerry Stackhouse,34,DAL,SG,10,1,162,3.4,0.333,0.317,0.117,3.6,8.4,6.0,10.7,1.3,0.5,12.5,20.4,-0.5,0.1,-0.4,-0.11,-5.6,-1.9,-7.5,-0.2,,stackje01,2009
511,Kyrylo Fesenko,22,UTA,C,21,1,156,13.0,0.542,0.0,0.583,10.7,17.6,14.2,3.9,2.3,7.6,16.6,15.6,0.0,0.3,0.3,0.095,-4.9,1.8,-3.1,-0.1,,fesenky01,2009
512,Malik Hairston,21,SAS,SG,15,0,155,12.0,0.48,0.02,0.143,8.6,12.9,10.8,13.8,2.1,3.3,18.7,20.0,-0.1,0.3,0.1,0.045,-3.7,1.8,-2.0,0.0,,hairsma01,2009
513,D.J. White,22,OKC,PF,7,0,130,19.8,0.556,0.0,0.26,8.7,19.8,14.2,8.3,1.2,2.8,5.1,20.0,0.3,0.1,0.4,0.157,0.7,-0.3,0.4,0.1,,whitedj01,2009
514,Lorenzen Wright,33,CLE,C,17,2,125,4.0,0.377,0.0,0.296,6.9,16.5,11.9,3.5,1.7,3.2,22.8,14.9,-0.3,0.2,-0.1,-0.022,-7.3,0.7,-6.7,-0.1,,wrighlo02,2009
515,Hamed Haddadi,23,MEM,C,19,0,120,19.7,0.543,0.0,0.968,16.1,32.2,24.0,11.1,0.4,8.1,16.9,20.7,0.2,0.2,0.4,0.142,-1.0,1.3,0.3,0.1,,haddaha01,2009
516,Mark Madsen,33,MIN,C,19,1,116,-0.1,0.19,0.0,0.286,9.7,8.4,9.1,4.7,0.5,0.7,16.0,7.3,-0.2,0.0,-0.1,-0.061,-7.6,-2.4,-10.0,-0.2,,madsema01,2009
517,Jermareo Davidson,24,GSW,SF,14,0,111,12.3,0.494,0.0,0.486,9.8,23.5,16.7,1.4,0.9,1.9,10.5,18.3,0.0,0.1,0.1,0.036,-3.0,-2.2,-5.2,-0.1,,davidje01,2009
518,Damon Jones,32,MIL,PG,18,0,108,6.2,0.485,0.824,0.0,0.0,6.9,3.3,9.8,1.4,0.0,15.0,16.6,-0.1,0.1,0.0,-0.007,-2.4,-1.6,-4.0,-0.1,,jonesda01,2009
519,Chris Mihm,29,LAL,C,18,0,105,10.0,0.418,0.0,0.175,16.4,20.2,18.3,13.7,0.5,4.4,18.8,22.2,-0.1,0.2,0.1,0.026,-6.4,0.2,-6.2,-0.1,,mihmch01,2009
520,Austin Croshere,33,2TM,PF,14,0,100,14.2,0.452,0.385,0.308,12.7,28.1,20.1,14.4,0.5,0.8,11.9,23.0,0.0,0.1,0.1,0.052,0.9,-1.1,-0.2,0.0,,croshau01,2009
521,Austin Croshere,33,MIL,PF,11,0,77,17.2,0.517,0.367,0.367,10.3,27.3,18.4,12.9,0.7,1.1,10.3,22.6,0.1,0.1,0.2,0.117,2.9,-0.8,2.0,0.1,,croshau01,2009
522,Austin Croshere,33,SAS,PF,3,0,23,4.3,0.212,0.444,0.111,21.0,30.7,25.9,19.3,0.0,0.0,17.5,24.1,-0.1,0.0,-0.1,-0.166,-5.6,-2.2,-7.7,0.0,,croshau01,2009
523,Thomas Gardner,23,ATL,SG,16,0,98,1.5,0.318,0.639,0.111,0.0,8.4,4.2,3.1,2.2,0.8,7.4,19.5,-0.3,0.1,-0.2,-0.12,-7.3,-1.2,-8.5,-0.2,,gardnth01,2009
524,Maurice Ager,24,NJN,SG,20,0,97,2.2,0.365,0.14,0.186,3.6,8.7,6.1,5.3,0.6,1.7,7.9,24.4,-0.3,0.0,-0.3,-0.133,-7.9,-2.8,-10.7,-0.2,,agerma01,2009
525,Dikembe Mutombo,42,HOU,C,9,2,96,10.8,0.472,0.0,0.692,15.2,24.5,20.0,0.0,0.0,8.3,26.1,11.1,0.0,0.2,0.2,0.088,-4.1,1.1,-3.0,0.0,,mutomdi01,2009
526,Jeremy Richardson,24,ORL,SF,12,0,93,2.8,0.358,0.347,0.122,1.2,15.4,8.5,5.5,0.0,0.0,5.5,27.1,-0.3,0.1,-0.2,-0.107,-6.7,-3.5,-10.3,-0.2,,richaje01,2009
527,Othello Hunter,22,ATL,PF,16,0,92,12.1,0.495,0.0,0.25,11.5,19.1,15.3,1.7,1.2,4.2,8.3,12.3,0.0,0.1,0.2,0.092,-2.4,0.3,-2.1,0.0,,hunteot01,2009
528,Randolph Morris,23,ATL,C,23,0,89,1.8,0.48,0.0,0.235,5.3,21.0,13.2,3.3,1.2,0.9,27.2,13.6,-0.1,0.1,0.0,-0.013,-10.6,0.1,-10.5,-0.2,,morrira01,2009
529,Dontell Jefferson,25,CHA,SG,6,0,84,12.7,0.559,0.091,0.409,1.5,16.1,8.8,18.2,2.6,1.0,18.8,18.0,0.0,0.1,0.2,0.089,-2.2,2.2,-0.1,0.0,,jeffedo01,2009
530,Cedric Simmons,23,2TM,PF,18,0,84,10.8,0.453,0.0,0.64,6.9,15.1,11.0,3.9,0.6,3.5,5.9,18.1,0.0,0.1,0.0,0.022,-2.4,-1.8,-4.1,0.0,,simmoce01,2009
531,Cedric Simmons,23,CHI,PF,11,0,61,18.0,0.515,0.0,0.667,7.6,14.9,11.3,5.4,0.8,4.8,0.0,19.8,0.1,0.1,0.2,0.139,1.3,-0.3,1.0,0.0,,simmoce01,2009
532,Cedric Simmons,23,SAC,PF,7,0,23,-8.3,0.102,0.0,0.5,5.0,15.3,10.2,0.0,0.0,0.0,29.1,13.4,-0.1,0.0,-0.1,-0.288,-12.1,-5.8,-17.9,-0.1,,simmoce01,2009
533,Cheikh Samb,24,3TM,C,18,0,83,5.3,0.214,0.094,0.219,13.6,19.5,16.7,1.7,1.9,9.1,7.9,20.6,-0.4,0.1,-0.2,-0.144,-8.8,-2.9,-11.7,-0.2,,sambch01,2009
534,Cheikh Samb,24,DEN,C,6,0,24,2.9,0.154,0.077,0.0,10.0,32.9,21.8,6.0,4.2,16.1,13.3,27.8,-0.2,0.1,-0.1,-0.246,-14.0,2.0,-12.1,-0.1,,sambch01,2009
535,Cheikh Samb,24,LAC,C,10,0,51,9.2,0.302,0.125,0.313,15.4,14.0,14.7,0.0,1.0,7.3,5.2,17.2,-0.1,0.0,0.0,-0.046,-5.7,-3.8,-9.5,-0.1,,sambch01,2009
536,Cheikh Samb,24,NYK,C,2,0,8,-12.6,0.0,0.0,0.667,13.2,14.2,13.7,0.0,0.0,0.0,0.0,21.1,-0.1,0.0,-0.1,-0.458,-12.9,-11.5,-24.5,0.0,,sambch01,2009
537,Dorell Wright,23,MIA,SF,6,0,73,3.7,0.398,0.0,0.3,3.3,29.8,16.4,4.2,1.5,0.0,20.9,18.4,-0.2,0.1,-0.1,-0.086,-9.5,-0.8,-10.3,-0.1,,wrighdo01,2009
538,Gilbert Arenas,27,WAS,PG,2,2,63,18.9,0.433,0.304,0.696,1.8,15.3,8.4,47.8,0.0,1.3,3.2,22.4,0.2,0.0,0.2,0.115,3.0,-2.2,0.8,0.0,,arenagi01,2009
539,Kenny Thomas,31,SAC,PF,8,0,62,8.8,0.375,0.0,0.0,7.5,20.9,14.1,2.3,4.9,1.2,11.1,6.5,0.0,0.1,0.1,0.056,-4.4,2.4,-1.9,0.0,,thomake01,2009
540,Adonal Foyle,33,2TM,C,10,0,62,19.7,0.623,0.0,0.545,16.8,30.1,23.6,2.6,0.0,9.3,18.0,12.4,0.1,0.2,0.3,0.212,0.8,3.2,4.0,0.1,,foylead01,2009
541,Adonal Foyle,33,ORL,C,9,0,59,21.0,0.623,0.0,0.545,17.7,31.7,24.8,2.7,0.0,9.7,18.0,13.0,0.1,0.2,0.3,0.223,1.6,3.5,5.1,0.1,,foylead01,2009
542,Adonal Foyle,33,MEM,C,1,0,3,-6.3,,,,0.0,0.0,0.0,0.0,0.0,0.0,,0.0,0.0,0.0,0.0,-0.003,-15.0,-2.5,-17.6,0.0,,foylead01,2009
543,Calvin Booth,32,2TM,C,8,0,56,11.4,0.592,0.0,0.8,10.1,12.6,11.5,0.0,0.9,2.7,6.9,11.6,0.1,0.0,0.1,0.106,-2.7,-2.2,-4.8,0.0,,boothca01,2009
544,Calvin Booth,32,MIN,C,1,0,1,39.8,,,,100.0,0.0,58.5,0.0,0.0,0.0,,0.0,0.0,0.0,0.0,0.475,29.9,-22.5,7.4,0.0,,boothca01,2009
545,Calvin Booth,32,SAC,C,7,0,55,10.9,0.592,0.0,0.8,8.4,12.8,10.6,0.0,0.9,2.7,6.9,11.8,0.1,0.0,0.1,0.099,-3.2,-1.8,-5.1,0.0,,boothca01,2009
546,Sonny Weems,22,DEN,SG,12,0,55,-3.9,0.333,0.12,0.32,0.0,8.2,4.2,8.7,0.9,0.0,17.4,27.9,-0.3,0.0,-0.3,-0.255,-13.9,-5.0,-18.9,-0.2,,weemsso01,2009
547,Linton Johnson,28,2TM,PF,10,0,55,3.4,0.409,0.182,0.0,6.3,10.4,8.3,5.3,0.9,0.0,15.4,10.5,0.0,0.0,0.0,-0.004,-5.8,-1.9,-7.7,-0.1,,johnsli01,2009
548,Linton Johnson,28,CHA,PF,2,0,13,-1.5,,,,0.0,0.0,0.0,0.0,0.0,0.0,,0.0,0.0,0.0,0.0,0.01,-6.8,-1.3,-8.1,0.0,,johnsli01,2009
549,Linton Johnson,28,CHI,PF,8,0,42,5.0,0.409,0.182,0.0,8.2,13.6,10.9,6.9,1.2,0.0,15.4,13.8,0.0,0.0,0.0,-0.008,-5.5,-2.1,-7.6,-0.1,,johnsli01,2009
550,Marcus Williams,23,GSW,PG,9,0,54,3.7,0.305,0.353,0.353,0.0,8.1,4.0,32.6,0.9,1.3,16.9,18.7,-0.1,0.0,-0.1,-0.127,-5.1,-3.1,-8.2,-0.1,,willima03,2009
551,Desmon Farmer,27,SAS,SG,3,0,54,0.4,0.437,0.857,0.143,0.0,13.1,6.6,5.4,0.0,0.0,21.2,16.9,-0.1,0.1,-0.1,-0.071,-8.1,-1.8,-9.9,-0.1,,farmede01,2009
552,Hassan Adams,24,TOR,SG,12,0,52,0.4,0.352,0.0,0.462,2.3,13.4,7.9,2.8,1.0,1.5,20.4,17.4,-0.2,0.0,-0.2,-0.144,-7.5,-1.9,-9.4,-0.1,,adamsha01,2009
553,Dwayne Jones,25,CHA,PF,6,0,52,8.0,0.622,0.0,0.857,14.4,14.2,14.3,0.0,0.0,1.6,29.3,12.4,0.0,0.0,0.1,0.051,-3.9,-1.8,-5.7,0.0,,jonesdw02,2009
554,Eddie Gill,30,MIL,PG,6,0,43,15.5,0.778,0.333,0.0,0.0,11.5,5.5,41.2,3.6,1.9,35.7,14.6,0.1,0.1,0.1,0.155,-1.7,3.0,1.3,0.0,,gilled01,2009
555,Andre Brown,27,CHA,PF,4,0,41,-1.5,0.254,0.0,0.286,21.3,15.0,18.1,3.5,1.3,0.0,38.8,14.8,-0.2,0.0,-0.1,-0.122,-11.2,-2.9,-14.2,-0.1,,brownan01,2009
556,Shavlik Randolph,25,POR,PF,10,0,37,19.4,0.61,0.077,0.308,33.0,27.3,30.2,0.0,0.0,2.1,28.9,26.4,0.0,0.0,0.0,0.041,-0.1,-3.6,-3.8,0.0,,randosh01,2009
557,Michael Ruffin,32,POR,PF,11,0,35,10.3,0.381,0.0,0.286,20.9,18.0,19.5,0.0,4.7,2.3,20.2,13.3,0.0,0.1,0.1,0.08,-4.9,1.9,-3.0,0.0,,ruffimi01,2009
558,Mouhamed Sene,22,2TM,C,6,0,29,32.9,0.746,0.0,1.111,19.0,35.9,27.3,0.0,1.8,7.6,23.0,26.5,0.1,0.1,0.2,0.274,5.5,3.1,8.5,0.1,,senesa01,2009
559,Mouhamed Sene,22,OKC,C,5,0,23,33.2,0.776,0.0,1.286,14.8,30.6,22.5,0.0,2.2,6.4,21.5,26.8,0.1,0.0,0.1,0.292,5.5,3.4,8.9,0.1,,senesa01,2009
560,Mouhamed Sene,22,NYK,C,1,0,6,32.0,0.615,0.0,0.5,35.3,56.6,45.6,0.0,0.0,12.2,29.1,25.0,0.0,0.0,0.0,0.207,5.2,1.8,7.0,0.0,,senesa01,2009
561,Sun Yue,23,LAL,SG,10,0,28,-8.6,0.273,0.545,0.0,0.0,0.0,0.0,9.8,1.8,2.8,21.4,22.0,-0.2,0.0,-0.1,-0.226,-17.2,-2.3,-19.4,-0.1,,yuesu01,2009
562,Joe Crawford,22,NYK,SF,2,0,23,10.8,0.414,0.4,0.2,4.6,14.8,9.5,6.5,2.2,0.0,0.0,20.6,0.0,0.0,0.0,0.037,-2.5,-0.2,-2.7,0.0,,crawfjo01,2009
563,Jawad Williams,25,CLE,SF,10,0,20,14.1,0.5,0.5,0.0,6.2,5.7,6.0,0.0,2.7,0.0,7.7,30.7,0.0,0.0,0.0,0.045,-1.1,-2.5,-3.5,0.0,,willija04,2009
564,Walter Sharpe,22,DET,PF,8,0,20,4.8,0.337,0.182,0.182,0.0,18.0,8.9,0.0,0.0,7.7,0.0,28.3,-0.1,0.0,-0.1,-0.131,-9.1,-1.1,-10.1,0.0,,sharpwa01,2009
565,Nathan Jawai,22,TOR,PF,6,0,19,-7.6,0.25,0.0,0.0,6.2,6.1,6.2,0.0,0.0,0.0,33.3,14.6,-0.1,0.0,-0.1,-0.233,-13.5,-4.7,-18.3,-0.1,,jawaina01,2009
566,Blake Ahearn,24,SAS,PG,3,0,19,12.9,0.581,0.667,0.333,0.0,6.2,3.1,16.0,2.9,0.0,12.7,20.1,0.0,0.0,0.1,0.149,-2.2,1.4,-0.9,0.0,,ahearbl01,2009
567,Speedy Claxton,30,ATL,PG,2,0,15,5.7,0.317,0.0,0.286,0.0,0.0,0.0,32.4,0.0,0.0,0.0,24.6,0.0,0.0,0.0,-0.083,-5.1,-3.9,-9.0,0.0,,claxtsp01,2009
568,Trey Johnson,24,CLE,SG,4,0,14,-9.3,0.296,0.0,0.8,0.0,8.2,4.3,0.0,0.0,0.0,12.9,26.2,-0.1,0.0,-0.1,-0.205,-18.6,-4.6,-23.2,-0.1,,johnstr01,2009
569,Demetris Nichols,24,2TM,SF,4,0,14,8.8,0.354,0.222,0.222,0.0,16.2,7.8,12.2,0.0,5.2,0.0,31.0,0.0,0.0,0.0,-0.108,-3.0,-1.8,-4.8,0.0,,nichode01,2009
570,Demetris Nichols,24,CHI,SF,2,0,5,-3.5,0.25,0.25,0.0,0.0,0.0,0.0,34.2,0.0,0.0,0.0,35.7,0.0,0.0,0.0,-0.283,-8.2,-3.1,-11.3,0.0,,nichode01,2009
571,Demetris Nichols,24,NYK,SF,2,0,9,15.7,0.425,0.2,0.4,0.0,25.2,12.2,0.0,0.0,8.1,0.0,28.4,0.0,0.0,0.0,-0.01,-0.1,-1.1,-1.2,0.0,,nichode01,2009
572,Courtney Sims,25,2TM,C,2,0,13,12.8,0.5,0.0,0.0,16.3,17.4,16.8,0.0,0.0,0.0,14.3,23.5,0.0,0.0,0.0,-0.013,-1.6,-5.5,-7.0,0.0,,simsco01,2009
573,Courtney Sims,25,PHO,C,1,0,2,-26.0,,,,0.0,0.0,0.0,0.0,0.0,0.0,100.0,22.0,0.0,0.0,0.0,-0.735,-22.7,-6.1,-28.8,0.0,,simsco01,2009
574,Courtney Sims,25,NYK,C,1,0,11,19.8,0.5,0.0,0.0,19.3,20.6,19.9,0.0,0.0,0.0,0.0,23.7,0.0,0.0,0.0,0.118,2.3,-5.4,-3.1,0.0,,simsco01,2009
575,Eddy Curry,26,NYK,C,3,0,12,2.8,0.753,0.0,1.5,0.0,37.7,18.2,0.0,0.0,0.0,37.6,19.3,0.0,0.0,0.0,-0.064,-13.2,0.8,-12.4,0.0,,curryed01,2009
576,James White,26,HOU,SF,4,0,11,14.6,0.7,0.4,0.0,0.0,0.0,0.0,19.2,4.8,6.6,37.5,33.8,0.0,0.0,0.0,-0.066,-3.0,5.4,2.4,0.0,,whiteja02,2009
577,Jerome James,33,NYK,C,2,0,10,12.5,0.375,0.0,0.0,10.6,22.6,16.4,0.0,5.0,7.3,11.1,39.2,-0.1,0.0,0.0,-0.162,-8.9,1.1,-7.8,0.0,,jamesje01,2009
578,J.R. Giddens,23,BOS,SF,6,0,8,26.0,0.667,0.0,0.0,31.9,14.5,22.8,0.0,6.6,0.0,25.0,23.3,0.0,0.0,0.0,0.201,2.9,4.2,7.2,0.0,,giddejr01,2009
579,Joey Dorsey,25,HOU,PF,3,0,6,16.1,0.5,0.0,0.0,0.0,18.7,9.7,28.7,0.0,0.0,0.0,15.5,0.0,0.0,0.0,0.156,0.1,0.2,0.3,0.0,,dorsejo01,2009
580,Martell Webster,22,POR,SF,1,0,5,-8.4,0.0,1.0,0.0,0.0,0.0,0.0,0.0,0.0,0.0,0.0,9.4,0.0,0.0,0.0,-0.204,-9.4,-4.8,-14.2,0.0,,webstma02,2009
581,Marcus Williams,22,SAS,PF,2,0,3,53.0,1.0,0.0,0.0,0.0,0.0,0.0,0.0,0.0,0.0,0.0,32.3,0.0,0.0,0.0,0.517,15.9,6.8,22.7,0.0,,willima04,2009
582,Steven Hill,23,OKC,PF,1,0,2,88.3,1.0,0.0,0.0,100.0,58.6,86.4,0.0,0.0,0.0,0.0,22.1,0.0,0.0,0.0,0.873,30.1,-0.9,29.2,0.0,,hillst01,2009
