Rk,Player,Age,Team,Pos,G,GS,MP,PER,TS%,3PAr,FTr,ORB%,DRB%,TRB%,AST%,STL%,BLK%,TOV%,USG%,OWS,DWS,WS,WS/48,OBPM,DBPM,BPM,VORP,Awards,Player-additional,Year
1,Kevin Durant,25,OKC,SF,81,81,3122,29.8,0.635,0.291,0.477,2.2,18.6,10.8,26.7,1.7,1.5,12.2,33.0,14.8,4.4,19.2,0.295,8.8,1.4,10.2,9.6,MVP-1ASNBA1,duranke01,2014
2,Monta Ellis,28,DAL,SG,82,82,3023,16.8,0.532,0.164,0.336,1.5,9.8,5.6,24.8,2.4,0.6,15.2,26.0,2.8,2.1,4.9,0.078,0.3,-0.5,-0.3,1.3,,ellismo01,2014
3,DeMar DeRozan,24,TOR,SG,79,79,3017,18.4,0.532,0.149,0.448,2.0,11.3,6.6,18.9,1.5,0.7,9.5,28.0,5.8,3.0,8.8,0.141,1.9,-0.3,1.7,2.8,AS,derozde01,2014
4,Carmelo Anthony,29,NYK,PF,77,77,2982,24.4,0.561,0.253,0.329,5.6,19.4,12.3,15.8,1.7,1.5,9.5,32.4,8.1,2.5,10.7,0.172,5.8,-0.8,5.0,5.3,MVP-15AS,anthoca01,2014
5,John Wall,23,WAS,PG,82,82,2980,19.5,0.524,0.23,0.295,1.5,11.7,6.5,40.5,2.6,1.1,16.3,27.4,4.0,4.0,7.9,0.128,2.4,0.4,2.7,3.6,AS,walljo01,2014
6,Nicolas Batum,25,POR,SF,82,82,2956,15.8,0.589,0.491,0.248,4.3,17.8,11.1,20.9,1.3,1.3,18.6,16.5,4.8,3.1,7.9,0.128,2.2,1.2,3.4,4.0,,batumni01,2014
7,Damian Lillard,23,POR,PG,82,82,2937,18.6,0.568,0.425,0.327,1.3,9.2,5.3,25.1,1.1,0.5,11.5,25.0,7.8,1.8,9.6,0.157,3.8,-0.6,3.2,3.9,ASNBA3,lillada01,2014
8,LeBron James,29,MIA,PF,77,77,2902,29.3,0.649,0.226,0.432,3.6,18.9,11.5,32.0,2.2,0.8,14.4,31.0,12.3,3.7,15.9,0.264,7.8,1.1,8.8,7.9,MVP-2DPOY-6ASNBA1,jamesle01,2014
9,Paul George,23,IND,SF,80,80,2898,20.1,0.555,0.367,0.341,2.6,17.7,10.5,17.9,2.7,0.6,12.5,28.3,4.4,6.4,10.8,0.178,2.7,2.1,4.9,5.0,MVP-9DPOY-7ASNBA3,georgpa01,2014
10,DeAndre Jordan,25,LAC,C,82,82,2870,18.2,0.63,0.0,0.726,13.3,29.3,21.6,3.7,1.4,5.4,15.3,12.4,5.3,5.8,11.1,0.186,0.9,1.6,2.5,3.3,DPOY-3,jordade01,2014
11,Klay Thompson,23,GSW,SG,81,81,2868,14.3,0.555,0.425,0.147,1.5,7.9,4.7,10.2,1.3,1.0,9.2,22.6,3.5,3.2,6.7,0.112,0.9,-0.1,0.8,2.0,,thompkl01,2014
12,Blake Griffin,24,LAC,PF,80,80,2863,23.9,0.583,0.032,0.496,7.7,21.2,14.7,19.2,1.6,1.4,11.9,29.0,8.1,4.1,12.2,0.205,3.8,0.7,4.5,4.7,MVP-3ASNBA2,griffbl01,2014
13,Kyle Lowry,27,TOR,PG,79,79,2862,20.1,0.567,0.463,0.356,3.6,11.5,7.5,34.7,2.2,0.4,13.4,22.9,8.4,3.3,11.7,0.197,4.1,0.6,4.7,4.8,,lowryky01,2014
14,Stephen Curry,25,GSW,PG,78,78,2846,24.1,0.61,0.445,0.252,1.8,10.9,6.4,39.9,2.2,0.4,16.1,28.3,9.3,4.0,13.4,0.225,6.3,1.1,7.4,6.7,MVP-6ASNBA2,curryst01,2014
15,Joakim Noah,28,CHI,C,80,80,2820,20.0,0.531,0.003,0.419,11.6,24.5,18.2,26.4,1.9,3.3,17.0,18.7,4.5,6.6,11.2,0.19,1.7,3.6,5.3,5.2,MVP-4DPOY-1ASNBA1,noahjo01,2014
16,Jeff Green,27,BOS,SF,82,82,2805,13.1,0.52,0.338,0.304,2.1,13.6,7.7,8.4,1.0,1.3,11.1,23.6,1.3,2.0,3.3,0.057,-0.2,-1.3,-1.5,0.3,,greenje02,2014
17,Gordon Hayward,23,UTA,SF,77,77,2800,16.2,0.52,0.271,0.369,2.5,14.0,8.0,24.1,2.1,1.1,15.0,23.1,2.2,1.5,3.6,0.062,1.0,-0.2,0.8,2.0,,haywago01,2014
18,Kevin Love,25,MIN,PF,77,77,2797,26.9,0.591,0.355,0.445,8.5,29.5,18.7,21.4,1.0,1.0,10.3,28.8,10.6,3.7,14.3,0.245,8.3,0.6,8.9,7.7,MVP-11ASNBA2,loveke01,2014
19,Chandler Parsons,25,HOU,SF,74,74,2783,15.9,0.565,0.356,0.224,2.9,12.8,8.2,17.3,1.6,0.8,11.7,19.3,5.1,2.5,7.6,0.131,1.5,0.2,1.7,2.6,,parsoch01,2014
20,Wesley Matthews,27,POR,SG,82,82,2780,15.7,0.588,0.506,0.298,2.0,9.1,5.6,10.9,1.4,0.4,8.8,19.6,6.3,1.9,8.2,0.142,1.9,0.1,1.9,2.7,,matthwe02,2014
21,James Harden,24,HOU,SG,73,73,2777,23.5,0.618,0.401,0.552,2.6,10.7,6.9,27.3,2.1,0.8,15.0,27.8,10.1,2.7,12.8,0.221,5.4,0.2,5.6,5.3,MVP-5ASNBA1,hardeja01,2014
22,Lance Stephenson,23,IND,SG,78,78,2752,14.7,0.564,0.28,0.226,4.1,18.1,11.4,22.1,1.0,0.2,18.0,19.4,2.6,4.8,7.4,0.13,0.4,1.0,1.3,2.3,,stephla01,2014
23,Josh Smith,28,DET,SF,77,76,2730,14.1,0.463,0.215,0.244,3.9,17.6,10.4,15.0,1.9,3.2,12.7,24.5,-1.4,2.5,1.1,0.02,-0.9,0.1,-0.8,0.8,,smithjo03,2014
24,Brandon Jennings,24,DET,PG,80,79,2728,15.6,0.486,0.403,0.283,2.2,7.8,4.9,34.4,1.9,0.2,14.4,23.4,3.0,0.9,3.9,0.068,1.9,-1.9,0.1,1.4,,jennibr01,2014
25,Trevor Ariza,28,WAS,SF,77,77,2723,15.8,0.59,0.518,0.226,4.1,16.3,10.1,10.8,2.4,0.6,12.3,17.8,4.3,3.7,8.0,0.141,1.3,1.0,2.3,3.0,DPOY-15,arizatr01,2014
26,Thaddeus Young,25,PHI,PF,79,78,2718,16.6,0.512,0.228,0.178,6.3,12.8,9.5,11.8,3.0,1.1,10.7,24.1,1.2,2.3,3.5,0.062,0.4,-0.5,-0.1,1.3,,youngth01,2014
27,Zach Randolph,32,MEM,PF,79,79,2705,18.3,0.51,0.017,0.281,11.6,23.3,17.4,12.7,1.1,0.7,12.0,26.1,2.9,3.5,6.4,0.113,0.8,-0.9,-0.1,1.3,,randoza01,2014
28,Greg Monroe,23,DET,PF,82,82,2690,18.1,0.531,0.001,0.362,9.9,21.6,15.4,10.3,1.7,1.4,12.4,21.4,3.7,2.3,5.9,0.106,0.6,-0.6,0.1,1.4,,monrogr01,2014
29,Goran Dragić,27,PHO,SG,76,75,2668,21.4,0.604,0.274,0.381,2.9,7.4,5.2,28.1,2.0,0.6,14.3,24.5,8.4,2.0,10.3,0.186,4.1,-0.2,3.9,4.0,MVP-16MIP-1NBA3,dragigo01,2014
30,Serge Ibaka,24,OKC,PF,81,81,2666,19.6,0.576,0.061,0.203,10.0,19.6,15.0,5.2,0.7,6.7,10.3,19.8,5.2,4.4,9.6,0.173,1.1,0.6,1.7,2.5,DPOY-4,ibakase01,2014
31,Marcin Gortat,29,WAS,C,81,80,2655,17.6,0.568,0.001,0.273,8.7,25.1,16.7,8.4,0.8,3.8,11.8,18.2,4.1,4.0,8.1,0.146,0.2,0.6,0.8,1.8,,gortama01,2014
32,Ricky Rubio,23,MIN,PG,82,82,2638,15.4,0.491,0.199,0.422,2.5,11.9,7.1,37.8,3.6,0.3,21.8,16.4,2.2,3.6,5.9,0.107,-0.6,1.7,1.2,2.1,,rubiori01,2014
33,Dirk Nowitzki,35,DAL,PF,80,80,2628,23.6,0.603,0.258,0.295,1.8,20.0,10.9,14.2,1.4,1.4,7.5,26.9,8.6,2.3,10.9,0.199,5.0,0.0,5.0,4.7,MVP-14AS,nowitdi01,2014
34,Andre Drummond,20,DET,C,81,81,2619,22.6,0.599,0.003,0.427,17.5,27.7,22.3,2.2,2.0,4.0,10.7,16.7,6.4,3.5,9.9,0.182,2.0,-0.6,1.4,2.3,,drumman01,2014
35,Kemba Walker,23,CHA,PG,73,73,2614,16.8,0.499,0.286,0.295,1.7,11.6,6.6,29.7,1.7,1.0,11.6,25.8,1.8,3.3,5.1,0.093,1.4,0.3,1.7,2.4,,walkeke02,2014
36,Corey Brewer,27,MIN,SF,81,81,2609,12.7,0.55,0.261,0.281,2.6,6.2,4.3,7.9,2.9,0.9,10.4,16.5,2.4,2.7,5.2,0.095,-1.7,1.5,-0.2,1.2,,breweco01,2014
37,Robin Lopez,25,POR,C,82,82,2603,17.7,0.605,0.002,0.376,13.6,15.3,14.5,4.2,0.5,3.7,10.1,14.0,7.0,2.6,9.5,0.176,1.2,-0.1,1.2,2.1,,lopezro01,2014
38,Tristan Thompson,22,CLE,PF,82,82,2594,14.9,0.528,0.001,0.445,11.4,21.5,16.3,4.5,0.8,1.1,10.6,17.5,3.4,2.3,5.7,0.106,-0.6,-1.5,-2.1,-0.1,,thomptr01,2014
39,Jimmy Butler,24,CHI,SG,67,67,2591,13.5,0.522,0.346,0.488,3.9,10.5,7.2,11.1,2.6,1.1,10.8,16.8,2.4,4.6,7.1,0.131,-0.9,2.0,1.1,2.0,,butleji01,2014
40,Mike Dunleavy,33,CHI,SF,82,61,2584,12.6,0.549,0.419,0.212,2.1,13.0,7.6,12.3,1.3,1.4,11.3,17.0,2.4,4.1,6.5,0.121,-0.3,1.1,0.8,1.8,,dunlemi02,2014
41,Joe Johnson,32,BRK,SG,79,79,2575,15.5,0.564,0.397,0.192,2.2,10.3,6.3,15.0,1.0,0.3,9.8,22.3,3.9,1.0,4.9,0.091,2.0,-1.8,0.2,1.4,AS,johnsjo02,2014
42,Jodie Meeks,26,LAL,SG,77,70,2556,14.7,0.601,0.453,0.289,1.3,6.9,4.1,8.5,2.1,0.1,9.9,19.1,3.8,0.7,4.5,0.084,0.4,-0.5,-0.1,1.2,,meeksjo01,2014
43,Al Jefferson,29,CHA,C,73,73,2553,22.7,0.532,0.011,0.201,6.9,28.3,17.5,12.8,1.4,2.4,7.6,29.3,3.1,4.7,7.8,0.146,2.2,0.5,2.7,3.0,MVP-8NBA3,jeffeal01,2014
44,Arron Afflalo,28,ORL,SG,73,73,2552,16.0,0.574,0.297,0.332,1.4,10.2,5.8,16.9,0.7,0.1,11.2,23.3,4.3,1.0,5.3,0.099,1.4,-1.6,-0.2,1.1,,afflaar01,2014
45,Jeff Teague,25,ATL,PG,79,79,2542,17.1,0.541,0.216,0.362,1.6,7.9,4.7,35.1,1.8,0.5,16.1,25.7,3.3,1.9,5.2,0.098,1.2,-1.3,-0.1,1.2,,teaguje01,2014
46,Chris Bosh,29,MIA,C,79,79,2531,19.0,0.597,0.229,0.285,5.1,20.3,13.0,5.8,1.7,2.7,10.4,22.6,4.6,3.4,8.0,0.152,1.3,-0.4,0.8,1.8,AS,boshch01,2014
47,Rudy Gay,27,2TM,SF,73,73,2531,18.3,0.54,0.167,0.328,5.0,14.8,9.8,15.1,1.9,1.8,14.2,27.6,2.3,2.5,4.8,0.091,1.8,0.0,1.7,2.4,,gayru01,2014
48,Rudy Gay,27,TOR,SF,18,18,639,14.7,0.468,0.176,0.263,5.3,19.1,12.1,11.5,2.3,2.9,13.6,30.8,-0.8,1.1,0.3,0.021,-0.1,0.7,0.6,0.4,,gayru01,2014
49,Rudy Gay,27,SAC,SF,55,55,1892,19.6,0.567,0.164,0.354,4.9,13.3,9.1,16.3,1.8,1.4,14.5,26.6,3.0,1.5,4.5,0.114,2.4,-0.3,2.1,2.0,,gayru01,2014
50,Bradley Beal,20,WAS,SG,73,73,2530,14.3,0.507,0.299,0.164,2.4,10.2,6.3,16.0,1.4,0.6,9.4,24.3,1.6,2.4,4.0,0.076,0.3,-0.7,-0.4,1.0,,bealbr01,2014
51,LaMarcus Aldridge,28,POR,PF,69,69,2498,21.8,0.507,0.011,0.253,7.2,25.5,16.5,13.0,1.3,1.9,7.2,29.8,4.0,3.5,7.5,0.144,2.3,0.1,2.3,2.7,MVP-10ASNBA3,aldrila01,2014
52,Isaiah Thomas,24,SAC,PG,72,54,2497,20.5,0.574,0.332,0.371,2.1,7.5,4.7,32.2,1.9,0.3,14.3,26.3,6.4,1.3,7.7,0.149,3.9,-0.7,3.2,3.2,,thomais02,2014
53,Kyrie Irving,21,CLE,PG,71,71,2496,20.1,0.533,0.278,0.273,2.3,9.5,5.8,31.6,2.2,0.8,12.1,28.2,4.6,2.1,6.7,0.128,3.6,-0.2,3.4,3.3,AS,irvinky01,2014
54,P.J. Tucker,28,PHO,SF,81,81,2490,13.3,0.54,0.311,0.327,7.3,16.6,11.9,8.1,2.2,0.7,12.7,14.2,3.3,2.8,6.1,0.117,0.1,0.9,1.0,1.9,DPOY-12,tuckepj01,2014
55,Victor Oladipo,21,ORL,PG,80,44,2487,13.6,0.514,0.241,0.34,1.9,13.1,7.5,21.9,2.7,1.2,19.2,24.4,-1.4,2.8,1.3,0.026,-1.9,0.4,-1.4,0.3,ROY-2,oladivi01,2014
56,Randy Foye,30,DEN,SG,81,78,2485,13.3,0.558,0.569,0.211,1.6,8.5,5.0,17.7,1.3,1.2,13.2,18.8,3.3,1.3,4.6,0.089,0.9,-0.3,0.5,1.6,,foyera01,2014
57,Paul Millsap,28,ATL,PF,74,73,2482,19.8,0.545,0.202,0.373,7.2,21.9,14.6,16.2,2.6,2.5,13.2,25.7,2.7,4.0,6.7,0.129,1.4,1.3,2.8,3.0,AS,millspa01,2014
58,David West,33,IND,PF,80,80,2472,17.5,0.533,0.016,0.267,5.7,18.3,12.3,16.1,1.3,2.3,11.2,21.9,3.1,5.0,8.1,0.157,0.8,1.8,2.6,2.9,,westda01,2014
59,Spencer Hawes,25,2TM,C,80,78,2470,15.7,0.554,0.349,0.172,5.6,24.2,14.6,15.8,0.9,3.1,15.4,19.6,2.2,2.3,4.5,0.088,0.3,0.2,0.6,1.6,,hawessp01,2014
60,Spencer Hawes,25,PHI,C,53,53,1666,15.3,0.546,0.346,0.172,5.5,24.6,14.7,16.9,0.9,3.2,15.9,19.0,1.2,1.4,2.6,0.075,0.0,0.2,0.2,0.9,,hawessp01,2014
61,Spencer Hawes,25,CLE,C,27,25,804,16.6,0.571,0.354,0.172,5.9,23.6,14.5,13.5,0.8,2.8,14.5,20.7,1.0,0.9,1.9,0.114,1.0,0.3,1.3,0.7,,hawessp01,2014
62,José Calderón,32,DAL,PG,81,81,2468,15.2,0.596,0.568,0.084,1.4,7.6,4.5,22.4,1.4,0.4,11.7,16.2,5.4,0.8,6.3,0.122,2.5,-0.7,1.9,2.4,,caldejo01,2014
63,Gerald Henderson,26,CHA,SG,77,77,2461,13.1,0.507,0.124,0.332,1.4,12.9,7.1,13.9,1.1,1.0,9.6,22.1,0.8,2.8,3.6,0.071,-1.6,0.1,-1.5,0.3,,hendege02,2014
64,Khris Middleton,22,MIL,SF,82,64,2460,12.5,0.541,0.34,0.16,2.7,12.0,7.2,11.7,1.8,0.7,11.9,19.1,1.9,0.8,2.7,0.053,-1.2,-1.1,-2.3,-0.2,,middlkh01,2014
65,Evan Turner,25,2TM,SF,81,56,2457,12.4,0.498,0.153,0.257,2.7,15.7,9.0,17.8,1.3,0.2,14.3,23.2,-0.5,1.8,1.4,0.027,-2.1,-1.2,-3.3,-0.8,,turneev01,2014
66,Evan Turner,25,PHI,SF,54,54,1886,13.2,0.504,0.159,0.274,2.8,16.2,9.2,17.7,1.4,0.2,14.3,24.4,-0.2,0.9,0.7,0.017,-1.9,-1.6,-3.5,-0.7,,turneev01,2014
67,Evan Turner,25,IND,SF,27,2,571,9.7,0.468,0.126,0.179,2.5,13.9,8.5,18.4,1.0,0.3,14.2,19.1,-0.2,0.9,0.7,0.059,-2.8,0.2,-2.6,-0.1,,turneev01,2014
68,Mike Conley,26,MEM,PG,73,73,2446,20.0,0.545,0.283,0.268,2.0,8.4,5.2,30.1,2.4,0.4,11.5,24.6,5.5,2.7,8.2,0.161,3.4,0.3,3.8,3.6,MVP-17,conlemi01,2014
69,George Hill,27,IND,PG,76,76,2434,13.4,0.563,0.422,0.286,2.6,10.1,6.5,17.2,1.6,0.7,11.7,14.8,3.8,4.0,7.8,0.154,-0.1,1.7,1.6,2.2,,hillge01,2014
70,J.R. Smith,28,NYK,SF,74,37,2421,13.9,0.527,0.503,0.145,1.7,13.1,7.2,15.1,1.4,0.7,9.6,21.6,2.5,1.2,3.7,0.073,1.0,-1.2,-0.2,1.1,,smithjr01,2014
71,Michael Carter-Williams,22,PHI,PG,70,70,2414,15.5,0.48,0.197,0.348,4.3,15.6,9.8,30.2,2.6,1.4,16.9,25.7,-0.8,2.1,1.3,0.026,-0.2,-0.2,-0.5,0.9,ROY-1,cartemi01,2014
72,Roy Hibbert,27,IND,C,81,81,2409,13.5,0.499,0.007,0.357,9.9,15.0,12.5,6.2,0.6,5.7,14.5,19.4,0.5,5.0,5.4,0.108,-2.9,1.5,-1.4,0.4,DPOY-2AS,hibbero01,2014
73,Shawn Marion,35,DAL,SF,76,76,2409,13.7,0.537,0.229,0.092,6.4,17.4,11.9,7.6,1.9,1.3,11.4,15.7,2.2,2.1,4.3,0.086,0.1,0.1,0.2,1.3,,mariosh01,2014
74,Kyle Korver,32,ATL,SG,71,71,2408,13.5,0.653,0.644,0.154,1.1,12.4,6.8,13.3,1.5,0.8,13.6,14.2,3.9,2.0,5.9,0.118,0.9,0.2,1.1,1.9,,korveky01,2014
75,Brandon Knight,22,MIL,PG,72,69,2400,16.5,0.523,0.31,0.296,2.1,10.3,6.1,26.6,1.5,0.6,13.2,26.8,2.4,0.4,2.8,0.055,1.7,-2.2,-0.5,0.9,,knighbr03,2014
76,Dwight Howard,28,HOU,C,71,71,2396,21.3,0.6,0.009,0.798,11.4,27.9,20.1,9.3,1.2,4.0,17.5,24.0,4.0,4.1,8.0,0.161,0.9,0.8,1.8,2.3,DPOY-8ASNBA2,howardw01,2014
77,Josh McRoberts,26,CHA,PF,78,78,2360,13.8,0.548,0.514,0.15,4.0,13.8,8.9,21.9,1.3,1.5,12.1,13.4,3.5,3.0,6.5,0.132,0.5,1.5,2.0,2.3,,mcrobjo01,2014
78,Anthony Davis,20,NOP,PF,67,66,2358,26.5,0.582,0.009,0.438,10.0,23.3,16.6,8.0,2.0,6.7,8.3,25.2,7.2,3.2,10.4,0.212,4.0,0.8,4.8,4.0,DPOY-8AS,davisan02,2014
79,Taj Gibson,28,CHI,PF,82,8,2351,16.0,0.524,0.008,0.314,9.8,17.1,13.5,7.3,0.9,3.7,12.8,23.0,1.4,4.4,5.7,0.117,-1.3,0.4,-1.0,0.6,6MOY-2,gibsota01,2014
80,DeMarre Carroll,27,ATL,SF,73,73,2341,13.9,0.575,0.417,0.22,5.3,14.5,10.0,8.9,2.3,0.7,10.1,15.2,3.2,2.6,5.8,0.119,-0.1,0.7,0.7,1.6,,carrode01,2014
81,Kyle Singler,25,DET,SF,82,36,2337,11.8,0.574,0.409,0.306,5.2,9.2,7.1,4.7,1.3,1.3,10.4,14.0,3.6,0.7,4.4,0.09,-0.7,-0.7,-1.4,0.3,,singlky01,2014
82,Gerald Green,28,PHO,SG,82,48,2330,16.5,0.585,0.507,0.229,2.3,10.9,6.6,8.6,1.5,1.4,11.6,23.6,4.2,1.9,6.1,0.126,2.0,-0.6,1.4,2.0,,greenge01,2014
83,Channing Frye,30,PHO,PF,82,82,2312,13.2,0.555,0.555,0.122,3.6,16.6,10.1,6.4,1.3,2.1,9.8,17.3,2.9,2.4,5.3,0.109,0.4,0.3,0.7,1.6,,fryech01,2014
84,James Anderson,24,PHI,SG,80,62,2309,10.9,0.53,0.49,0.148,2.7,11.7,7.0,9.9,1.6,1.0,12.2,15.9,0.9,0.9,1.9,0.039,-1.5,-1.0,-2.6,-0.3,,anderja01,2014
85,DeMarcus Cousins,23,SAC,C,71,71,2298,26.1,0.555,0.006,0.5,10.6,30.5,20.4,17.8,2.4,3.2,14.7,32.7,4.1,3.8,7.9,0.166,3.6,1.6,5.2,4.2,,couside01,2014
86,David Lee,30,GSW,PF,69,67,2288,19.1,0.566,0.001,0.302,8.8,21.6,15.3,10.9,1.0,0.9,12.0,24.3,4.1,3.5,7.6,0.16,1.1,0.3,1.3,1.9,,leeda02,2014
87,Jonas Valančiūnas,21,TOR,C,81,81,2282,16.1,0.579,0.001,0.385,11.5,25.1,18.2,4.2,0.5,2.5,14.7,18.5,3.5,3.2,6.7,0.141,-0.6,-0.7,-1.3,0.4,,valanjo01,2014
88,Reggie Jackson,23,OKC,PG,80,36,2277,15.4,0.527,0.267,0.193,2.2,12.8,7.8,23.1,1.9,0.3,14.5,22.6,2.3,2.6,4.9,0.104,0.4,-0.3,0.1,1.2,6MOY-5,jacksre01,2014
89,Brandon Bass,28,BOS,PF,82,73,2266,15.0,0.549,0.008,0.33,7.8,15.9,11.8,6.4,0.8,2.4,10.9,18.2,3.2,1.9,5.1,0.107,-0.6,-0.6,-1.1,0.5,,bassbr01,2014
90,Trey Burke,21,UTA,PG,70,68,2262,12.6,0.473,0.375,0.126,1.8,9.0,5.3,29.4,1.0,0.2,12.2,21.8,1.0,0.0,0.9,0.02,0.0,-2.6,-2.6,-0.4,ROY-3,burketr01,2014
91,Jarrett Jack,30,CLE,PG,80,31,2252,11.5,0.498,0.265,0.213,1.1,10.3,5.6,22.7,1.3,0.8,14.8,17.8,0.9,1.4,2.3,0.049,-1.6,-0.5,-2.1,-0.1,,jackja01,2014
92,Wesley Johnson,26,LAL,SF,79,62,2240,11.0,0.522,0.416,0.118,3.3,13.3,8.3,8.2,1.9,2.5,11.6,15.1,0.4,1.5,1.9,0.041,-1.6,0.5,-1.1,0.5,,johnswe01,2014
93,Ty Lawson,26,DEN,PG,62,61,2222,19.0,0.554,0.251,0.504,1.9,8.5,5.2,38.2,2.2,0.3,16.9,22.7,4.8,1.5,6.3,0.136,2.9,-0.5,2.3,2.5,,lawsoty01,2014
94,Amir Johnson,26,TOR,PF,77,72,2214,15.4,0.592,0.108,0.234,9.0,17.6,13.3,8.7,1.3,3.2,15.4,16.4,3.2,3.1,6.3,0.136,-0.4,1.1,0.7,1.5,,johnsam01,2014
95,Ramon Sessions,27,2TM,PG,83,19,2214,16.0,0.539,0.161,0.525,1.9,8.6,5.2,25.7,1.2,0.3,13.5,22.7,3.1,1.2,4.3,0.094,0.7,-1.5,-0.8,0.7,,sessira01,2014
96,Ramon Sessions,27,CHA,PG,55,7,1305,14.6,0.509,0.146,0.503,1.9,8.3,5.1,26.2,1.3,0.4,14.1,23.4,0.8,1.3,2.0,0.075,-0.5,-0.7,-1.3,0.2,,sessira01,2014
97,Ramon Sessions,27,MIL,PG,28,12,909,18.0,0.585,0.184,0.559,2.0,9.1,5.4,25.1,0.9,0.3,12.7,21.6,2.4,-0.1,2.3,0.121,2.4,-2.5,-0.1,0.4,,sessira01,2014
98,Richard Jefferson,33,UTA,SF,82,78,2213,11.8,0.573,0.46,0.248,0.9,10.8,5.7,9.6,1.3,0.5,11.5,16.9,2.3,0.4,2.7,0.058,-0.6,-0.9,-1.4,0.3,,jefferi01,2014
99,Luol Deng,28,2TM,SF,63,63,2213,15.2,0.517,0.22,0.312,5.0,13.4,9.2,14.6,1.5,0.3,10.4,22.3,2.2,2.3,4.5,0.098,0.6,-0.1,0.4,1.4,,denglu01,2014
100,Luol Deng,28,CHI,SF,23,23,860,17.0,0.536,0.175,0.35,5.4,15.4,10.5,18.7,1.5,0.4,12.6,25.1,1.0,1.4,2.4,0.132,1.5,1.0,2.5,1.0,,denglu01,2014
101,Luol Deng,28,CLE,SF,40,40,1353,14.0,0.503,0.251,0.285,4.8,12.2,8.4,12.0,1.4,0.3,8.8,20.6,1.3,0.9,2.2,0.077,0.0,-0.8,-0.9,0.4,,denglu01,2014
102,Harrison Barnes,21,GSW,SF,78,24,2204,9.8,0.486,0.28,0.267,3.3,11.9,7.7,7.6,1.5,0.7,10.0,16.8,0.4,2.8,3.2,0.07,-2.2,0.5,-1.6,0.2,,barneha02,2014
103,Derrick Favors,22,UTA,PF,73,73,2201,19.0,0.556,0.001,0.38,10.1,23.7,16.7,7.3,1.8,3.8,12.9,20.8,2.9,2.3,5.1,0.112,0.0,0.1,0.1,1.2,,favorde01,2014
104,Alec Burks,22,UTA,SG,78,12,2193,15.8,0.547,0.172,0.449,3.0,10.7,6.8,16.9,1.7,0.5,13.0,23.9,2.6,0.6,3.2,0.07,0.2,-1.0,-0.8,0.7,,burksal01,2014
105,Ben McLemore,20,SAC,SG,82,55,2187,7.7,0.485,0.437,0.211,2.7,9.5,6.1,5.8,1.0,0.7,11.5,16.9,-0.1,0.9,0.8,0.016,-2.9,-1.1,-4.0,-1.1,,mclembe01,2014
106,Jameer Nelson,31,ORL,PG,68,68,2179,13.9,0.515,0.523,0.15,1.5,10.5,6.0,35.1,1.2,0.2,17.3,20.1,1.6,1.2,2.8,0.062,0.6,-1.7,-1.1,0.5,,nelsoja01,2014
107,Kenneth Faried,24,DEN,PF,80,77,2178,19.8,0.573,0.004,0.379,11.8,22.2,16.9,7.5,1.6,2.3,12.4,21.3,4.0,2.5,6.5,0.144,1.2,-0.3,1.0,1.6,,farieke01,2014
108,Mario Chalmers,27,MIA,PG,73,73,2178,14.0,0.567,0.404,0.291,2.5,9.6,6.2,24.3,2.9,0.6,20.4,17.4,2.4,2.5,4.8,0.106,-0.3,0.5,0.2,1.2,,chalmma01,2014
109,Kevin Martin,30,MIN,SG,68,68,2177,16.3,0.553,0.29,0.332,1.7,8.7,5.1,9.2,1.5,0.2,8.3,25.0,3.8,1.5,5.3,0.117,1.1,-0.8,0.3,1.3,,martike02,2014
110,Chris Paul,28,LAC,PG,62,62,2171,25.9,0.58,0.244,0.397,2.0,11.4,6.9,48.9,3.5,0.1,12.4,23.7,9.0,3.2,12.2,0.27,6.0,2.6,8.6,5.8,MVP-7DPOY-13ASNBA1,paulch01,2014
111,Terrence Ross,22,TOR,SG,81,62,2159,12.0,0.553,0.543,0.13,2.3,11.3,6.8,6.1,1.5,1.0,10.0,18.6,2.0,2.2,4.2,0.094,0.0,-0.2,-0.2,1.0,,rosste01,2014
112,Tim Duncan,37,SAS,C,74,74,2158,21.3,0.535,0.006,0.349,8.6,28.3,18.8,16.0,1.0,4.6,13.2,25.2,2.8,4.6,7.4,0.164,1.2,2.1,3.3,2.9,MVP-12DPOY-13,duncati01,2014
113,Martell Webster,27,WAS,SF,78,13,2157,11.5,0.591,0.634,0.213,2.0,10.1,6.0,6.7,1.0,0.6,8.3,14.7,3.3,1.7,5.0,0.112,-0.1,-0.3,-0.4,0.9,,webstma02,2014
114,Markieff Morris,24,PHO,PF,81,0,2153,18.4,0.564,0.128,0.387,7.3,18.0,12.6,10.9,1.6,1.8,12.9,23.2,4.0,2.4,6.4,0.143,0.8,0.2,1.0,1.6,6MOY-4,morrima02,2014
115,Carlos Boozer,32,CHI,PF,76,76,2141,14.4,0.489,0.002,0.197,7.4,25.9,16.8,10.9,1.3,0.8,12.6,26.3,-0.9,4.3,3.4,0.076,-2.3,0.2,-2.1,-0.1,,boozeca01,2014
116,Enes Freedom,21,UTA,C,80,37,2138,15.6,0.523,0.001,0.239,11.6,20.9,16.1,6.4,0.7,1.5,13.3,23.3,1.3,0.9,2.2,0.05,-1.2,-2.4,-3.6,-0.9,6MOY-8,kanteen01,2014
117,Kirk Hinrich,33,CHI,PG,73,61,2116,10.8,0.494,0.391,0.202,1.7,8.5,5.2,22.6,2.0,1.0,15.1,17.3,0.4,3.3,3.8,0.085,-2.4,1.4,-1.0,0.6,,hinriki01,2014
118,Paul Pierce,36,BRK,SF,75,68,2098,16.8,0.595,0.421,0.435,1.5,18.3,9.9,14.5,2.2,1.2,15.3,22.4,2.9,2.3,5.2,0.119,1.3,0.3,1.6,1.9,,piercpa01,2014
119,Jamal Crawford,33,LAC,SG,69,24,2094,17.3,0.556,0.441,0.318,1.9,6.4,4.2,17.4,1.4,0.4,10.5,27.2,3.8,1.5,5.3,0.122,3.0,-1.4,1.6,1.9,6MOY-1,crawfja01,2014
120,Terrence Jones,22,HOU,PF,76,71,2078,19.1,0.577,0.142,0.274,9.2,18.5,14.1,7.0,1.3,3.5,8.2,18.3,4.6,2.7,7.3,0.169,1.9,0.3,2.2,2.2,,joneste01,2014
121,Dion Waiters,22,CLE,SG,70,24,2072,14.0,0.508,0.252,0.237,1.7,9.0,5.3,18.2,1.6,0.7,12.3,26.9,0.3,1.3,1.6,0.037,-0.3,-1.2,-1.5,0.3,6MOY-8,waitedi01,2014
122,Darren Collison,26,LAC,PG,80,35,2069,16.2,0.575,0.272,0.323,2.6,7.3,5.0,21.9,2.2,0.6,14.3,19.7,3.8,2.0,5.9,0.136,1.1,0.4,1.5,1.8,,collida01,2014
123,Deron Williams,29,BRK,PG,64,58,2059,17.6,0.564,0.374,0.302,0.9,8.9,4.9,32.8,2.4,0.5,15.0,21.8,3.8,1.5,5.4,0.125,1.9,-0.7,1.2,1.7,,willide01,2014
124,Eric Gordon,25,NOP,SG,64,64,2057,14.9,0.54,0.316,0.273,1.7,7.7,4.7,16.6,1.9,0.5,12.8,23.2,2.0,0.5,2.5,0.058,1.0,-1.4,-0.5,0.8,,gordoer01,2014
125,Jeremy Lin,25,HOU,PG,71,33,2054,14.3,0.572,0.346,0.4,2.0,7.8,5.1,22.3,1.6,1.0,18.4,20.4,2.8,1.6,4.4,0.103,0.2,-0.4,-0.2,0.9,,linje01,2014
126,Al-Farouq Aminu,23,NOP,SF,80,65,2045,13.2,0.516,0.097,0.277,7.2,21.2,14.1,8.4,2.1,1.6,13.7,14.3,1.3,1.8,3.1,0.072,-0.9,0.3,-0.6,0.7,,aminual01,2014
127,Jared Sullinger,21,BOS,PF,74,44,2041,16.4,0.497,0.231,0.226,13.0,20.6,16.7,10.1,0.9,1.8,10.7,24.1,1.9,2.0,3.9,0.091,0.1,-1.5,-1.4,0.3,,sullija01,2014
128,Andre Iguodala,30,GSW,SF,63,63,2040,13.7,0.57,0.382,0.288,2.9,12.6,7.8,18.2,2.3,0.7,16.2,13.3,2.7,3.1,5.8,0.135,-0.1,2.4,2.3,2.2,DPOY-5,iguodan01,2014
129,Tyreke Evans,24,NOP,SF,72,22,2028,18.4,0.504,0.106,0.346,4.3,15.4,9.8,30.4,2.2,0.9,14.5,27.1,1.8,1.3,3.1,0.073,1.3,-0.7,0.6,1.3,,evansty01,2014
130,Raymond Felton,29,NYK,PG,65,65,2017,12.9,0.476,0.321,0.201,3.1,8.6,5.7,28.1,2.1,1.2,16.3,18.2,1.1,1.1,2.2,0.053,-0.5,-0.7,-1.2,0.4,,feltora01,2014
131,Marco Belinelli,27,SAS,SF,80,25,2016,15.0,0.605,0.422,0.188,1.0,11.2,6.3,13.2,1.3,0.3,11.2,19.0,3.5,2.4,5.9,0.14,1.0,0.3,1.3,1.7,6MOY-11,belinma01,2014
132,Norris Cole,25,MIA,PG,82,6,2014,8.8,0.497,0.348,0.136,1.1,8.6,5.0,17.9,2.0,0.2,19.3,15.6,-0.5,1.7,1.2,0.029,-2.8,-0.4,-3.1,-0.6,,coleno01,2014
133,Jason Thompson,27,SAC,PF,82,61,2007,11.1,0.523,0.0,0.292,8.5,21.3,14.8,4.1,0.8,2.3,14.5,14.4,0.9,1.7,2.7,0.064,-2.9,-0.4,-3.2,-0.6,,thompja02,2014
134,Tony Parker,31,SAS,PG,68,68,1997,18.9,0.555,0.073,0.266,1.0,7.5,4.4,31.7,0.9,0.3,12.9,26.5,3.9,1.9,5.9,0.141,2.0,-1.2,0.9,1.5,MVP-12ASNBA2,parketo01,2014
135,Boris Diaw,31,SAS,PF,79,24,1974,14.1,0.578,0.193,0.159,4.4,13.8,9.3,16.3,1.1,1.2,16.3,17.0,2.3,2.6,4.9,0.12,0.4,0.9,1.3,1.6,,diawbo01,2014
136,Shaun Livingston,28,BRK,PG,76,54,1974,14.5,0.551,0.012,0.392,4.1,10.8,7.5,20.1,2.5,1.3,15.5,16.1,2.6,1.8,4.4,0.108,-0.6,1.1,0.4,1.2,,livinsh01,2014
137,Vince Carter,37,DAL,SG,81,0,1973,15.9,0.539,0.457,0.242,4.0,12.6,8.3,16.5,1.6,1.5,10.7,23.1,3.0,1.3,4.3,0.105,1.8,-0.5,1.2,1.6,6MOY-6,cartevi01,2014
138,Courtney Lee,28,2TM,SG,79,47,1973,13.8,0.574,0.316,0.182,1.7,9.5,5.6,9.3,1.7,1.2,9.9,17.0,2.8,1.9,4.7,0.114,0.1,0.8,0.9,1.5,,leeco01,2014
139,Courtney Lee,28,BOS,SG,30,0,504,14.6,0.573,0.284,0.12,1.8,9.5,5.5,10.9,2.0,1.4,11.5,19.2,0.6,0.4,1.0,0.094,0.8,0.8,1.6,0.5,,leeco01,2014
140,Courtney Lee,28,MEM,SG,49,47,1469,13.5,0.574,0.329,0.209,1.7,9.5,5.6,8.7,1.6,1.1,9.3,16.3,2.2,1.5,3.7,0.12,-0.2,0.8,0.7,1.0,,leeco01,2014
141,Marc Gasol,29,MEM,C,59,59,1970,18.2,0.526,0.015,0.339,5.0,20.5,12.7,17.7,1.6,3.2,12.0,21.7,2.6,3.1,5.6,0.137,1.1,2.0,3.0,2.5,DPOY-15,gasolma01,2014
142,Miles Plumlee,25,PHO,C,80,79,1964,14.6,0.529,0.0,0.239,11.3,24.4,17.9,3.3,1.3,3.5,15.4,16.2,1.2,2.8,4.0,0.098,-1.4,0.1,-1.3,0.3,,plumlmi01,2014
143,Iman Shumpert,23,NYK,SG,74,58,1962,9.6,0.48,0.471,0.147,4.7,14.0,9.2,9.8,2.5,0.6,13.3,14.1,0.4,1.6,2.0,0.048,-2.4,0.4,-2.0,0.0,,shumpim01,2014
144,Maurice Harkless,20,ORL,SF,80,41,1950,11.8,0.542,0.319,0.296,4.0,11.4,7.7,6.4,2.5,2.0,13.6,14.8,0.6,2.1,2.8,0.068,-1.5,1.1,-0.4,0.8,,harklma01,2014
145,Rodney Stuckey,27,DET,SG,73,5,1950,14.0,0.516,0.103,0.342,2.1,7.7,4.7,12.7,1.4,0.4,11.3,24.3,1.8,0.4,2.2,0.053,-1.2,-1.7,-2.9,-0.4,,stuckro01,2014
146,Tayshaun Prince,33,MEM,SF,76,76,1948,8.2,0.438,0.14,0.122,1.9,12.3,7.1,8.9,1.1,0.8,7.3,13.3,-0.2,1.8,1.5,0.038,-2.7,0.2,-2.5,-0.2,,princta01,2014
147,D.J. Augustin,26,2TM,PG,71,9,1939,16.2,0.569,0.462,0.316,0.9,6.7,3.8,28.9,1.5,0.1,13.3,22.4,3.8,2.4,6.2,0.154,1.9,-0.4,1.4,1.7,6MOY-7,augusdj01,2014
148,D.J. Augustin,26,TOR,PG,10,0,82,1.2,0.394,0.458,0.25,0.0,5.7,2.8,18.4,0.6,0.0,25.3,19.8,-0.2,0.0,-0.2,-0.112,-6.9,-2.2,-9.1,-0.1,,augusdj01,2014
149,D.J. Augustin,26,CHI,PG,61,9,1857,16.8,0.574,0.463,0.318,0.9,6.7,3.9,29.3,1.5,0.1,12.8,22.5,4.0,2.4,6.4,0.166,2.2,-0.3,1.9,1.8,,augusdj01,2014
150,Ray Allen,38,MIA,SG,73,9,1936,12.8,0.59,0.569,0.214,1.6,11.4,6.7,11.1,1.5,0.4,12.4,16.8,2.5,1.5,4.1,0.101,0.5,-0.9,-0.4,0.8,,allenra02,2014
151,Wilson Chandler,26,DEN,SF,62,55,1927,12.4,0.526,0.476,0.206,3.2,13.3,8.2,9.3,1.2,1.2,8.9,19.5,1.8,1.2,3.1,0.076,-0.1,-0.6,-0.8,0.6,,chandwi01,2014
152,Kawhi Leonard,22,SAS,SF,66,65,1923,19.4,0.602,0.282,0.195,4.6,18.9,12.1,10.4,3.0,1.9,10.3,18.3,3.8,3.9,7.7,0.193,2.1,3.0,5.1,3.5,DPOY-11,leonaka01,2014
153,Giannis Antetokounmpo,19,MIL,SF,77,23,1897,10.8,0.518,0.282,0.483,4.6,16.3,10.2,12.1,1.7,2.6,19.4,15.0,0.1,1.1,1.2,0.031,-2.4,-0.1,-2.5,-0.2,ROY-7,antetgi01,2014
154,Pau Gasol,33,LAL,C,60,60,1884,19.3,0.522,0.016,0.287,7.0,25.9,16.4,18.7,0.7,3.5,12.4,26.4,1.3,1.7,3.0,0.076,1.0,0.2,1.2,1.5,,gasolpa01,2014
155,Tim Hardaway Jr.,21,NYK,SG,81,1,1875,12.7,0.554,0.521,0.186,1.2,6.6,3.8,5.8,1.2,0.3,5.9,19.6,2.7,0.4,3.1,0.08,0.0,-1.8,-1.8,0.1,ROY-56MOY-13,hardati02,2014
156,J.J. Hickson,25,DEN,PF,69,52,1859,16.2,0.521,0.012,0.443,11.9,24.8,18.3,8.4,1.2,2.0,14.1,20.8,1.3,2.1,3.3,0.086,-0.4,-0.5,-0.9,0.5,,hicksjj01,2014
157,Jordan Crawford,25,2TM,PG,81,35,1859,14.3,0.516,0.362,0.214,1.7,9.5,5.5,25.1,1.3,0.2,13.4,23.7,1.5,1.4,2.8,0.073,0.6,-1.2,-0.6,0.6,,crawfjo02,2014
158,Jordan Crawford,25,BOS,PG,39,35,1198,15.7,0.525,0.345,0.277,1.7,10.0,5.7,31.0,1.5,0.2,14.1,22.0,1.7,0.7,2.4,0.096,1.5,-1.0,0.5,0.8,,crawfjo02,2014
159,Jordan Crawford,25,GSW,SG,42,0,661,11.9,0.503,0.384,0.129,1.7,8.6,5.2,14.2,1.0,0.2,12.4,26.8,-0.2,0.7,0.4,0.033,-1.1,-1.5,-2.7,-0.1,,crawfjo02,2014
160,John Henson,23,MIL,PF,70,23,1856,17.9,0.543,0.002,0.277,10.2,20.8,15.3,10.9,1.2,5.1,13.7,20.3,1.7,1.5,3.3,0.084,-0.3,-0.2,-0.5,0.7,,hensojo01,2014
161,Avery Bradley,23,BOS,SG,60,58,1855,12.7,0.51,0.242,0.136,2.9,11.2,6.9,8.1,1.7,0.5,9.9,23.2,0.4,1.4,1.8,0.046,-1.1,-0.8,-1.9,0.1,,bradlav01,2014
162,Tobias Harris,21,ORL,PF,61,36,1850,16.5,0.542,0.176,0.341,5.4,20.6,13.0,7.7,1.1,1.0,8.7,22.2,2.4,1.7,4.1,0.107,0.0,-0.7,-0.7,0.6,,harrito02,2014
163,Mo Williams,31,POR,PG,74,0,1834,11.8,0.507,0.335,0.132,2.5,6.4,4.5,26.7,1.5,0.4,17.3,20.5,1.0,1.2,2.2,0.056,-1.2,-0.8,-2.0,0.0,6MOY-13,willima01,2014
164,Derrick Williams,22,2TM,PF,78,15,1820,11.5,0.524,0.205,0.537,4.3,15.8,10.0,4.7,1.3,0.9,11.3,16.2,1.3,1.3,2.6,0.068,-1.6,-0.5,-2.1,0.0,,willide02,2014
165,Derrick Williams,22,MIN,PF,11,0,162,7.6,0.442,0.278,0.296,2.0,15.9,8.7,0.9,1.2,1.9,8.9,17.6,-0.1,0.2,0.0,0.008,-4.0,-0.2,-4.2,-0.1,,willide02,2014
166,Derrick Williams,22,SAC,SF,67,15,1658,11.9,0.533,0.196,0.568,4.6,15.8,10.1,5.1,1.4,0.8,11.6,16.1,1.4,1.1,2.5,0.073,-1.3,-0.5,-1.9,0.1,,willide02,2014
167,Nikola Vučević,23,ORL,C,57,57,1812,18.8,0.536,0.0,0.197,11.5,27.6,19.5,10.2,1.7,2.0,12.9,21.8,1.8,2.6,4.4,0.116,0.1,0.0,0.1,1.0,,vucevni01,2014
168,Nick Young,28,LAL,SG,64,9,1810,16.0,0.564,0.394,0.321,1.7,8.1,4.9,9.0,1.2,0.5,8.6,26.8,2.3,0.3,2.5,0.067,1.4,-1.9,-0.5,0.7,6MOY-8,youngni01,2014
169,Marcus Morris,24,PHO,SF,82,1,1800,14.8,0.552,0.399,0.244,5.2,14.6,9.9,7.6,2.0,0.8,11.6,19.9,2.3,1.8,4.2,0.111,0.6,-0.1,0.5,1.1,,morrima03,2014
170,Anderson Varejão,31,CLE,C,65,29,1800,17.0,0.527,0.015,0.294,11.4,28.2,19.6,12.2,2.0,1.8,12.2,14.6,2.7,2.7,5.4,0.144,0.3,1.1,1.4,1.6,,varejan01,2014
171,Draymond Green,23,GSW,SF,82,12,1797,12.7,0.498,0.359,0.268,5.3,19.3,12.4,11.9,2.8,3.0,15.1,14.8,0.7,3.8,4.5,0.119,-1.7,3.6,1.9,1.8,,greendr01,2014
172,Greivis Vásquez,27,2TM,PG,79,23,1779,14.1,0.537,0.439,0.164,1.3,10.0,5.6,30.4,0.9,0.2,15.4,21.1,2.4,1.2,3.6,0.097,1.1,-1.5,-0.4,0.7,6MOY-13,vasqugr01,2014
173,Greivis Vásquez,27,SAC,PG,18,18,465,14.1,0.536,0.333,0.213,1.2,7.1,4.1,32.8,0.7,0.2,14.1,18.1,0.9,0.1,0.9,0.097,0.3,-2.1,-1.8,0.0,,vasqugr01,2014
174,Greivis Vásquez,27,TOR,PG,61,5,1314,14.2,0.537,0.47,0.15,1.3,11.1,6.2,29.5,1.0,0.2,15.7,22.2,1.6,1.1,2.6,0.096,1.4,-1.3,0.1,0.7,,vasqugr01,2014
175,Dwyane Wade,32,MIA,SG,54,53,1775,22.0,0.588,0.042,0.339,4.4,12.3,8.5,25.5,2.3,1.4,15.5,27.9,3.5,2.0,5.5,0.149,2.9,0.0,2.9,2.2,AS,wadedw01,2014
176,Alan Anderson,31,BRK,SF,78,26,1773,9.5,0.525,0.511,0.243,2.7,9.1,5.9,7.3,1.4,0.5,10.4,15.9,0.8,0.9,1.7,0.047,-1.8,-1.0,-2.8,-0.4,,anderal01,2014
177,Timofey Mozgov,27,DEN,C,82,30,1770,16.7,0.584,0.044,0.477,10.4,21.9,16.1,5.5,0.7,4.2,15.6,18.8,2.6,1.9,4.5,0.123,-0.9,0.0,-0.8,0.5,6MOY-13,mozgoti01,2014
178,Andrew Bogut,29,GSW,C,67,67,1769,17.0,0.61,0.0,0.171,11.4,29.7,20.7,9.3,1.3,5.2,19.4,12.4,2.4,4.0,6.5,0.176,-0.2,3.2,3.0,2.2,DPOY-10,bogutan01,2014
179,Tony Wroten,20,PHI,PG,72,16,1765,12.9,0.493,0.233,0.403,4.1,10.1,7.0,20.9,2.1,0.7,17.7,27.7,-1.8,0.9,-0.9,-0.025,-1.9,-1.8,-3.7,-0.7,,wroteto01,2014
180,Patrick Beverley,25,HOU,PG,56,55,1751,12.4,0.545,0.53,0.212,4.9,7.4,6.2,12.8,2.2,1.0,11.2,14.8,2.7,1.6,4.2,0.116,-0.3,0.9,0.6,1.2,DPOY-17,beverpa01,2014
181,Hollis Thompson,22,PHI,SF,77,41,1742,9.5,0.57,0.449,0.196,4.4,11.2,7.7,6.1,1.5,0.5,12.9,11.3,1.4,0.6,2.0,0.055,-2.1,-1.0,-3.2,-0.5,,thompho01,2014
182,Marcus Thornton,26,2TM,SG,72,27,1741,12.0,0.511,0.495,0.175,3.7,9.4,6.6,7.3,1.7,0.5,8.9,19.7,1.0,1.0,2.0,0.055,-0.4,-1.1,-1.5,0.2,,thornma01,2014
183,Marcus Thornton,26,SAC,SG,46,26,1121,9.7,0.484,0.48,0.139,3.9,8.7,6.2,6.6,1.4,0.6,8.8,17.1,0.4,0.5,0.9,0.038,-1.4,-0.9,-2.3,-0.1,,thornma01,2014
184,Marcus Thornton,26,BRK,SG,26,1,620,16.1,0.547,0.515,0.226,3.5,10.8,7.1,8.6,2.3,0.4,9.0,24.4,0.6,0.5,1.1,0.087,1.6,-1.6,0.0,0.3,,thornma01,2014
185,Matt Barnes,33,LAC,SF,63,40,1735,12.0,0.552,0.537,0.171,4.0,14.4,9.3,10.6,1.6,1.2,13.0,16.6,1.5,2.0,3.5,0.097,-0.4,0.2,-0.2,0.8,,barnema02,2014
186,Jared Dudley,28,LAC,SF,74,43,1729,8.9,0.541,0.503,0.13,2.4,7.7,5.1,8.6,1.2,0.4,10.6,13.5,1.2,1.2,2.4,0.068,-1.4,-0.1,-1.5,0.2,,dudleja01,2014
187,John Salmons,34,2TM,SF,78,8,1726,7.8,0.462,0.395,0.126,1.3,9.6,5.5,12.8,1.4,0.9,11.0,12.8,0.2,1.4,1.7,0.046,-2.5,0.5,-1.9,0.0,,salmojo01,2014
188,John Salmons,34,SAC,SF,18,8,445,8.3,0.437,0.359,0.06,2.0,9.8,5.8,14.7,1.4,1.5,10.4,13.3,0.0,0.3,0.3,0.029,-2.5,0.1,-2.4,0.0,,salmojo01,2014
189,John Salmons,34,TOR,SG,60,0,1281,7.6,0.472,0.409,0.152,1.1,9.6,5.3,12.1,1.4,0.7,11.2,12.6,0.2,1.2,1.4,0.052,-2.5,0.7,-1.8,0.1,,salmojo01,2014
190,Mike Miller,33,MEM,SF,82,4,1707,12.5,0.619,0.526,0.126,2.1,12.3,7.2,11.5,0.8,0.2,14.1,14.7,2.6,1.4,3.9,0.111,0.7,-0.3,0.4,1.0,,millemi01,2014
191,Jerryd Bayless,25,2TM,PG,72,19,1686,12.0,0.498,0.344,0.191,1.5,8.6,5.0,18.5,1.9,0.4,10.9,20.1,1.1,1.3,2.4,0.069,-1.6,-0.2,-1.8,0.1,,bayleje01,2014
192,Jerryd Bayless,25,MEM,PG,31,5,650,11.3,0.473,0.347,0.238,1.5,9.3,5.4,15.6,1.6,0.6,7.7,20.3,0.4,0.6,1.0,0.077,-2.3,0.2,-2.1,0.0,,bayleje01,2014
193,Jerryd Bayless,25,BOS,PG,41,14,1036,12.5,0.514,0.341,0.161,1.5,8.1,4.7,20.4,2.0,0.3,12.9,19.9,0.7,0.7,1.4,0.064,-1.2,-0.4,-1.7,0.1,,bayleje01,2014
194,Marvin Williams,27,UTA,PF,66,50,1674,14.0,0.54,0.445,0.139,5.5,17.9,11.5,7.7,1.7,1.5,8.7,16.7,1.9,1.0,2.9,0.084,0.3,-0.3,0.0,0.9,,willima02,2014
195,Brian Roberts,28,NOP,PG,72,42,1667,13.4,0.529,0.306,0.229,1.2,8.4,4.7,22.1,1.3,0.4,12.9,20.0,2.0,0.2,2.2,0.063,-0.1,-1.6,-1.7,0.1,,roberbr01,2014
196,Nikola Peković,28,MIN,C,54,54,1663,20.7,0.582,0.0,0.355,13.1,17.6,15.3,5.2,0.9,1.1,9.4,22.9,4.3,1.5,5.9,0.169,2.2,-1.6,0.6,1.1,,pekovni01,2014
197,Tyson Chandler,31,NYK,C,55,55,1662,16.4,0.615,0.003,0.481,10.9,27.0,18.7,5.5,1.2,3.4,15.4,12.9,3.1,1.9,4.9,0.143,0.3,-0.1,0.2,0.9,,chandty01,2014
198,Glen Davis,28,2TM,PF,68,44,1662,13.1,0.491,0.019,0.231,7.4,16.4,11.9,7.8,1.8,1.4,10.4,19.9,0.2,1.8,2.0,0.058,-2.2,-0.3,-2.5,-0.2,,davisgl01,2014
199,Glen Davis,28,ORL,PF,45,43,1354,13.7,0.485,0.02,0.223,7.2,16.4,11.8,8.8,1.7,1.3,9.5,20.9,0.2,1.3,1.5,0.053,-1.8,-0.4,-2.1,0.0,,davisgl01,2014
200,Glen Davis,28,LAC,PF,23,1,308,10.3,0.527,0.012,0.284,7.8,16.7,12.4,3.3,1.9,1.7,15.7,15.5,0.1,0.4,0.5,0.079,-4.4,0.1,-4.3,-0.2,,davisgl01,2014
201,Danny Green,26,SAS,SG,68,59,1651,13.9,0.58,0.63,0.125,1.8,13.4,7.8,8.9,2.0,2.7,12.5,16.7,1.4,2.8,4.2,0.122,1.2,2.0,3.2,2.2,,greenda02,2014
202,Dante Cunningham,26,MIN,PF,81,7,1635,12.6,0.474,0.01,0.132,7.3,14.9,11.0,7.7,1.9,2.7,7.2,15.1,0.9,2.0,2.9,0.085,-1.7,0.9,-0.8,0.5,,cunnida01,2014
203,Andray Blatche,27,BRK,PF,73,7,1618,18.8,0.532,0.08,0.328,8.9,19.9,14.4,12.8,2.4,2.0,12.5,25.6,1.6,2.1,3.7,0.109,0.1,-0.1,0.0,0.8,6MOY-13,blatcan01,2014
204,Samuel Dalembert,32,DAL,C,80,68,1614,16.8,0.605,0.003,0.363,14.4,24.2,19.4,3.4,1.3,4.8,17.1,14.8,2.9,2.1,4.9,0.147,-0.9,0.1,-0.8,0.5,,dalemsa01,2014
205,Thabo Sefolosha,29,OKC,SG,61,61,1584,10.4,0.517,0.447,0.203,3.7,11.5,7.8,8.3,2.5,0.9,12.9,11.9,0.9,2.1,3.0,0.092,-1.2,1.5,0.3,0.9,,sefolth01,2014
206,Kentavious Caldwell-Pope,20,DET,SG,80,41,1583,9.4,0.483,0.402,0.133,2.5,8.6,5.4,5.0,2.4,0.6,5.4,13.9,1.0,0.8,1.8,0.055,-3.0,0.5,-2.6,-0.2,,caldwke01,2014
207,Kendall Marshall,22,LAL,PG,54,45,1564,12.6,0.494,0.425,0.086,1.0,9.6,5.3,44.3,1.5,0.2,25.6,16.3,0.6,0.3,0.9,0.029,0.0,-2.4,-2.4,-0.2,,marshke01,2014
208,Nenê,31,WAS,PF,53,37,1560,16.6,0.53,0.008,0.448,4.7,17.3,10.9,16.3,2.1,2.5,14.1,24.0,0.8,2.4,3.2,0.098,-0.9,1.2,0.3,0.9,,hilarne01,2014
209,Aaron Brooks,29,2TM,PG,72,12,1557,12.5,0.518,0.427,0.164,3.1,6.7,4.9,23.3,1.6,0.6,15.8,20.5,1.3,0.9,2.2,0.067,-0.2,-0.8,-1.0,0.4,,brookaa01,2014
210,Aaron Brooks,29,HOU,PG,43,0,716,11.9,0.529,0.502,0.167,3.8,5.7,4.8,18.1,1.7,0.6,15.3,20.4,0.6,0.5,1.1,0.076,-0.1,-0.3,-0.4,0.3,,brookaa01,2014
211,Aaron Brooks,29,DEN,PG,29,12,841,12.9,0.508,0.365,0.16,2.6,7.5,5.0,27.7,1.6,0.6,16.2,20.5,0.6,0.4,1.0,0.058,-0.3,-1.2,-1.5,0.1,,brookaa01,2014
212,Trevor Booker,26,WAS,PF,72,45,1553,15.0,0.563,0.005,0.189,10.9,17.5,14.1,6.3,1.4,2.4,11.7,14.4,2.3,2.0,4.3,0.132,-0.5,0.4,-0.1,0.7,,booketr01,2014
213,Manu Ginóbili,36,SAS,SG,68,3,1550,20.0,0.59,0.411,0.3,2.3,12.0,7.3,29.0,2.3,0.8,16.4,24.7,3.3,2.4,5.7,0.176,2.8,1.2,4.0,2.4,6MOY-3,ginobma01,2014
214,Jeremy Lamb,21,OKC,SG,78,0,1538,13.4,0.522,0.406,0.105,2.1,11.3,6.9,11.8,1.8,1.4,8.7,20.1,1.4,1.8,3.3,0.102,-0.1,0.2,0.1,0.8,,lambje01,2014
215,Patrick Patterson,24,2TM,PF,65,13,1533,14.6,0.533,0.309,0.145,8.8,17.1,12.9,8.5,1.9,1.9,11.1,17.2,1.8,2.0,3.8,0.118,0.0,0.5,0.5,1.0,,pattepa01,2014
216,Patrick Patterson,24,SAC,PF,17,6,415,10.3,0.457,0.32,0.131,9.1,17.9,13.5,5.6,1.6,0.6,11.0,15.4,0.0,0.3,0.4,0.042,-2.5,-0.9,-3.4,-0.1,,pattepa01,2014
217,Patrick Patterson,24,TOR,PF,48,7,1118,16.2,0.559,0.305,0.15,8.6,16.8,12.7,9.5,2.0,2.4,11.1,17.9,1.8,1.6,3.4,0.147,1.0,1.0,2.0,1.1,,pattepa01,2014
218,Patty Mills,25,SAS,PG,81,2,1527,18.7,0.588,0.477,0.123,2.6,9.6,6.2,15.3,2.3,0.4,8.2,22.6,3.4,2.1,5.6,0.175,2.9,1.1,4.0,2.3,6MOY-13,millspa02,2014
219,E'Twaun Moore,24,ORL,SG,79,3,1506,11.1,0.513,0.353,0.149,2.2,8.1,5.1,11.8,2.0,0.7,10.2,16.4,0.6,1.1,1.7,0.055,-1.9,0.3,-1.6,0.2,,mooreet01,2014
220,Evan Fournier,21,DEN,SG,76,4,1503,10.3,0.533,0.436,0.226,2.4,12.1,7.3,11.6,1.1,0.3,14.3,19.7,0.6,0.8,1.4,0.043,-2.0,-0.9,-2.9,-0.4,,fournev01,2014
221,Michael Kidd-Gilchrist,20,CHA,SF,62,62,1502,12.0,0.516,0.025,0.521,8.2,16.2,12.2,5.4,1.5,2.1,12.1,15.2,0.9,2.2,3.1,0.098,-2.9,0.8,-2.1,0.0,,kiddgmi01,2014
222,Jordan Hill,26,LAL,PF,72,32,1500,19.3,0.579,0.002,0.347,13.8,24.3,19.0,5.9,0.9,3.1,11.1,19.7,3.1,1.3,4.4,0.141,0.5,-1.0,-0.5,0.6,,hilljo01,2014
223,Steve Blake,33,2TM,PG,55,28,1498,11.0,0.508,0.595,0.122,0.9,10.4,5.7,28.8,1.8,0.4,21.5,13.8,0.7,1.1,1.8,0.058,-1.2,0.1,-1.1,0.4,,blakest01,2014
224,Steve Blake,33,LAL,PG,27,27,891,12.1,0.515,0.562,0.15,1.0,11.4,6.2,33.0,1.9,0.2,22.2,15.7,0.4,0.3,0.8,0.041,-0.7,-0.5,-1.2,0.2,,blakest01,2014
225,Steve Blake,33,GSW,PG,28,1,607,9.4,0.494,0.658,0.067,0.9,9.0,5.0,22.7,1.6,0.7,20.1,11.2,0.3,0.7,1.1,0.084,-2.0,0.9,-1.0,0.2,,blakest01,2014
226,Shelvin Mack,23,ATL,PG,73,11,1490,13.2,0.51,0.367,0.148,1.6,10.7,6.2,28.8,1.7,0.1,14.3,19.0,1.2,1.2,2.3,0.074,-0.6,-0.5,-1.1,0.3,,macksh01,2014
227,Mike Scott,25,ATL,PF,80,6,1482,15.3,0.559,0.318,0.21,4.9,17.2,11.1,8.9,1.0,0.4,10.3,23.5,1.3,1.2,2.6,0.084,0.0,-1.6,-1.6,0.1,,scottmi01,2014
228,Ersan İlyasova,26,MIL,PF,55,47,1478,13.8,0.486,0.226,0.225,8.0,18.8,13.3,8.4,1.6,0.4,8.7,21.3,0.9,0.8,1.6,0.053,-1.0,-1.8,-2.8,-0.3,,ilyaser01,2014
229,J.J. Barea,29,MIN,PG,79,1,1471,11.6,0.471,0.352,0.152,1.2,10.5,5.7,32.7,0.9,0.0,15.2,23.9,-0.1,0.9,0.7,0.024,-0.9,-1.8,-2.7,-0.3,,bareajo01,2014
230,Shane Battier,35,MIA,SF,73,56,1468,8.7,0.523,0.764,0.084,3.0,8.6,5.9,6.0,1.8,2.3,6.9,10.0,1.0,1.4,2.4,0.078,-0.6,0.6,0.0,0.7,,battish01,2014
231,Amar'e Stoudemire,31,NYK,C,65,21,1466,18.8,0.596,0.0,0.364,8.7,17.2,12.8,4.2,0.8,2.2,12.3,23.4,2.9,0.9,3.8,0.124,0.3,-1.8,-1.6,0.2,,stoudam01,2014
232,Lou Williams,27,ATL,PG,60,7,1445,14.2,0.547,0.469,0.363,0.8,9.1,5.0,22.9,1.6,0.2,13.9,20.9,1.6,1.0,2.6,0.087,0.2,-1.0,-0.8,0.5,,willilo02,2014
233,Derek Fisher,39,OKC,SG,81,0,1428,10.1,0.542,0.634,0.197,1.0,8.3,4.8,11.6,2.5,0.2,11.1,13.7,1.4,1.7,3.1,0.103,-1.8,1.2,-0.6,0.5,,fishede01,2014
234,Anthony Morrow,28,NOP,SG,76,9,1426,13.9,0.57,0.375,0.167,2.3,9.2,5.7,6.7,1.4,0.7,8.4,19.4,2.1,0.3,2.4,0.081,0.7,-1.6,-0.9,0.4,,morroan01,2014
235,Caron Butler,33,2TM,SF,56,13,1419,12.2,0.512,0.461,0.139,1.7,16.8,9.2,9.6,1.7,1.0,9.5,20.1,0.6,1.2,1.8,0.062,-0.6,-0.8,-1.4,0.2,,butleca01,2014
236,Caron Butler,33,MIL,SF,34,13,821,12.4,0.494,0.415,0.158,2.2,20.5,11.0,11.9,1.5,1.1,12.1,23.7,-0.2,0.5,0.2,0.014,-1.2,-1.7,-2.9,-0.2,,butleca01,2014
237,Caron Butler,33,OKC,SF,22,0,598,11.9,0.548,0.548,0.102,1.0,11.9,6.7,6.4,2.0,0.8,4.0,15.0,0.9,0.7,1.6,0.127,0.2,0.5,0.7,0.4,,butleca01,2014
238,Cody Zeller,21,CHA,C,82,3,1416,13.1,0.498,0.002,0.495,9.4,18.8,14.1,10.4,1.5,2.3,15.0,18.9,0.4,2.2,2.6,0.09,-2.9,0.9,-2.0,0.0,,zelleco01,2014
239,Gerald Wallace,31,BOS,SF,58,16,1416,10.0,0.543,0.278,0.439,2.8,14.5,8.5,14.9,2.7,0.8,26.1,11.6,-0.3,1.6,1.3,0.043,-2.8,2.0,-0.8,0.4,,wallage01,2014
240,Eric Bledsoe,24,PHO,PG,43,40,1416,19.6,0.578,0.252,0.426,2.1,13.8,8.0,27.0,2.4,0.8,17.8,24.9,2.6,1.6,4.1,0.14,2.3,0.7,3.1,1.8,,bledser01,2014
241,Elton Brand,34,ATL,C,73,15,1414,14.0,0.561,0.006,0.283,8.0,21.5,14.8,8.1,1.4,4.9,13.8,13.9,1.4,2.1,3.6,0.121,-2.4,1.6,-0.8,0.4,,brandel01,2014
242,Russell Westbrook,25,OKC,PG,46,46,1412,24.7,0.545,0.271,0.37,4.6,15.9,10.5,40.2,3.1,0.4,16.1,34.4,3.0,2.3,5.2,0.178,4.8,0.7,5.5,2.7,,westbru01,2014
243,Kelly Olynyk,22,BOS,C,70,9,1400,15.2,0.546,0.227,0.243,11.0,18.8,14.8,13.1,1.3,1.5,16.0,21.0,1.5,1.4,2.9,0.101,-0.9,-0.3,-1.2,0.3,,olynyke01,2014
244,Luis Scola,33,IND,PF,82,2,1399,13.4,0.505,0.013,0.243,7.2,23.4,15.7,10.4,1.0,0.9,14.8,23.8,-0.4,2.8,2.5,0.084,-2.8,0.4,-2.5,-0.2,,scolalu01,2014
245,Chris Andersen,35,MIA,C,72,0,1396,18.5,0.683,0.044,0.615,12.1,21.7,17.1,2.1,1.2,6.1,13.2,13.8,3.8,2.2,6.0,0.205,0.6,0.7,1.2,1.1,6MOY-11,anderch01,2014
246,Mirza Teletović,28,BRK,SF,72,7,1396,14.3,0.559,0.66,0.117,5.2,17.6,11.4,7.1,1.1,1.4,8.8,20.5,1.6,1.1,2.7,0.094,1.4,-1.6,-0.2,0.6,,teletmi01,2014
247,Kris Humphries,28,BOS,PF,69,30,1376,18.2,0.552,0.004,0.312,10.2,24.0,16.9,8.2,1.2,3.4,10.9,19.0,2.3,1.8,4.1,0.143,0.5,0.4,0.9,1.0,,humphkr01,2014
248,Nick Collison,33,OKC,PF,81,0,1353,11.8,0.599,0.071,0.386,10.2,14.1,12.2,10.9,1.1,1.7,20.1,11.6,2.0,1.6,3.6,0.128,-1.3,0.5,-0.9,0.4,,collini01,2014
249,Kosta Koufos,24,MEM,C,80,22,1349,16.5,0.514,0.0,0.203,14.0,22.7,18.4,4.7,1.3,4.4,11.8,19.4,1.3,2.2,3.5,0.124,-1.5,0.1,-1.5,0.2,,koufoko01,2014
250,O.J. Mayo,26,MIL,SG,52,23,1346,11.2,0.516,0.413,0.16,2.0,8.8,5.3,14.6,1.1,0.8,13.9,23.0,0.0,0.0,0.1,0.002,-1.0,-2.4,-3.4,-0.5,,mayooj01,2014
251,Austin Rivers,21,NOP,PG,69,4,1339,11.6,0.482,0.209,0.365,2.2,9.1,5.6,18.7,1.8,0.6,12.3,21.3,0.2,0.4,0.6,0.023,-2.0,-1.4,-3.4,-0.5,,riverau01,2014
252,Zaza Pachulia,29,MIL,C,53,43,1325,14.0,0.502,0.003,0.372,11.8,17.1,14.4,16.3,1.8,0.9,18.5,17.0,1.0,0.7,1.7,0.06,-0.9,-0.9,-1.8,0.1,,pachuza01,2014
253,Ryan Kelly,22,LAL,PF,59,25,1312,12.6,0.548,0.383,0.364,3.4,14.4,8.9,10.7,1.2,2.5,9.8,15.9,1.5,0.7,2.2,0.081,-1.4,-0.1,-1.5,0.2,,kellyry01,2014
254,Nate Wolters,22,MIL,PG,58,31,1309,12.7,0.486,0.159,0.231,2.8,10.5,6.5,23.3,1.4,0.9,11.7,16.8,0.9,0.2,1.2,0.043,-0.8,-1.0,-1.8,0.1,,woltena01,2014
255,Anthony Tolliver,28,CHA,PF,64,9,1298,11.0,0.605,0.805,0.134,2.9,11.8,7.3,5.0,0.8,0.9,6.6,12.4,1.9,1.3,3.2,0.117,0.1,-0.1,0.0,0.6,,tollian01,2014
256,Omri Casspi,25,HOU,PF,71,2,1283,12.9,0.528,0.429,0.298,5.1,16.8,11.3,10.5,1.7,0.8,13.4,18.3,1.0,1.4,2.4,0.091,-0.4,0.0,-0.3,0.5,,casspom01,2014
257,Pablo Prigioni,36,NYK,PG,66,27,1283,13.0,0.642,0.733,0.063,3.2,8.8,5.9,25.6,2.8,0.1,23.4,9.3,2.5,0.9,3.4,0.127,-0.3,0.8,0.5,0.8,,prigipa01,2014
258,Tony Allen,32,MEM,SG,55,28,1278,15.6,0.531,0.114,0.293,7.3,12.0,9.6,11.7,3.8,1.2,16.2,20.1,0.5,2.1,2.7,0.1,-1.1,2.1,1.0,1.0,,allento01,2014
259,Mason Plumlee,23,BRK,C,70,22,1275,19.0,0.67,0.01,0.646,9.3,19.6,14.5,8.1,2.0,3.6,16.6,17.1,3.0,1.7,4.7,0.176,0.2,0.8,1.0,1.0,ROY-4,plumlma01,2014
260,Matthew Dellavedova,23,CLE,SG,72,4,1271,10.7,0.534,0.524,0.162,2.5,8.5,5.4,22.1,1.3,0.3,15.9,13.2,1.4,0.7,2.1,0.078,-1.6,-0.2,-1.8,0.1,,dellama01,2014
261,Tiago Splitter,29,SAS,C,59,50,1271,16.5,0.572,0.009,0.5,11.4,20.5,16.1,10.1,1.2,1.8,15.1,17.7,2.3,2.1,4.3,0.163,-0.3,0.9,0.6,0.8,,splitti01,2014
262,Andrea Bargnani,28,NYK,C,42,39,1257,14.5,0.51,0.215,0.203,6.3,14.7,10.4,6.1,0.6,3.7,9.6,22.4,0.8,0.7,1.5,0.058,-0.7,-1.6,-2.3,-0.1,,bargnan01,2014
263,Jae Crowder,23,DAL,SF,78,8,1254,11.9,0.551,0.51,0.206,4.3,13.5,8.9,6.7,2.4,1.4,11.3,13.2,1.2,1.1,2.3,0.089,-0.7,0.8,0.2,0.7,,crowdja01,2014
264,Ian Mahinmi,27,IND,C,77,1,1248,10.2,0.538,0.005,0.767,10.1,12.9,11.6,2.9,1.7,4.4,18.7,11.4,0.7,2.7,3.3,0.129,-4.1,2.7,-1.3,0.2,,mahinia01,2014
265,Tony Snell,22,CHI,SG,77,12,1231,8.0,0.489,0.53,0.122,1.8,9.6,5.7,9.1,1.3,0.9,11.1,14.9,-0.1,1.7,1.6,0.063,-3.1,0.5,-2.6,-0.2,,snellto01,2014
266,DeJuan Blair,24,DAL,PF,78,13,1214,17.3,0.557,0.005,0.308,13.3,21.6,17.5,8.9,2.5,1.4,14.7,19.6,1.8,1.5,3.4,0.133,-1.2,0.1,-1.1,0.3,,blairde01,2014
267,Jeremy Evans,26,UTA,SF,66,4,1209,16.2,0.549,0.006,0.226,11.1,18.7,14.8,6.1,1.8,3.0,9.9,15.3,1.9,1.0,2.8,0.112,-0.7,-0.2,-0.9,0.3,,evansje01,2014
268,Kendrick Perkins,29,OKC,C,62,62,1207,6.3,0.474,0.005,0.347,8.0,19.9,14.2,7.6,1.1,2.2,28.8,11.5,-0.9,1.7,0.8,0.031,-5.0,0.7,-4.2,-0.7,,perkike01,2014
269,Steven Adams,20,OKC,C,81,20,1197,11.2,0.541,0.0,0.735,14.1,17.1,15.6,4.9,1.7,3.9,22.5,11.7,0.9,1.9,2.9,0.114,-3.1,0.9,-2.2,-0.1,ROY-7,adamsst01,2014
270,C.J. Watson,29,IND,PG,63,5,1193,13.0,0.555,0.434,0.263,1.9,7.4,4.8,14.4,2.6,0.5,13.9,16.6,1.1,2.1,3.2,0.13,-1.1,2.3,1.3,1.0,,watsocj01,2014
271,Kyle O'Quinn,23,ORL,C,69,19,1188,16.5,0.526,0.008,0.224,9.5,25.2,17.3,10.9,1.7,5.8,16.1,18.6,0.5,2.0,2.5,0.101,-2.2,1.9,-0.3,0.5,,oquinky01,2014
272,Andrew Nicholson,24,ORL,PF,76,5,1174,9.9,0.489,0.212,0.136,5.1,19.5,12.3,3.5,0.8,1.5,10.3,19.3,-0.4,1.0,0.6,0.025,-3.9,-1.2,-5.1,-0.9,,nichoan01,2014
273,Nick Calathes,24,MEM,SG,71,7,1173,12.3,0.506,0.196,0.232,2.3,11.5,6.9,26.5,3.0,0.6,22.8,17.5,-0.1,1.6,1.5,0.062,-2.5,1.6,-0.9,0.3,ROY-7,calatni01,2014
274,Darrell Arthur,25,DEN,SF,68,1,1161,9.4,0.459,0.156,0.151,4.8,14.7,9.8,8.0,1.6,3.0,11.7,18.1,-0.5,1.2,0.7,0.029,-4.0,0.8,-3.2,-0.4,,arthuda01,2014
275,Elliot Williams,24,PHI,SG,67,2,1157,8.7,0.519,0.371,0.353,2.7,9.7,6.1,9.4,1.5,0.2,14.9,16.7,0.0,0.3,0.3,0.014,-3.9,-1.7,-5.6,-1.1,,williel01,2014
276,Jrue Holiday,23,NOP,PG,34,34,1143,17.1,0.505,0.17,0.139,2.8,11.8,7.2,38.9,2.6,0.9,17.9,23.3,0.8,0.7,1.5,0.064,1.2,-0.9,0.4,0.7,,holidjr01,2014
277,Luke Ridnour,32,2TM,PG,61,14,1141,9.0,0.452,0.33,0.08,2.2,7.6,4.8,24.3,1.5,0.6,16.3,16.1,-0.3,0.4,0.1,0.005,-3.2,-1.1,-4.4,-0.7,,ridnolu01,2014
278,Luke Ridnour,32,MIL,PG,36,12,763,9.1,0.453,0.311,0.087,2.2,7.3,4.7,25.3,1.6,0.2,16.8,16.2,-0.2,0.0,-0.1,-0.008,-2.9,-1.5,-4.4,-0.5,,ridnolu01,2014
279,Luke Ridnour,32,CHA,PG,25,2,378,8.6,0.45,0.37,0.065,2.4,8.1,5.2,22.4,1.2,1.3,15.3,16.0,-0.2,0.4,0.2,0.03,-4.0,-0.3,-4.2,-0.2,,ridnolu01,2014
280,Phil Pressey,22,BOS,PG,75,11,1132,8.8,0.39,0.419,0.178,1.9,8.8,5.3,30.8,3.1,0.3,24.2,14.1,-1.0,1.1,0.1,0.005,-3.8,0.5,-3.3,-0.4,,pressph01,2014
281,Gary Neal,29,2TM,SG,52,3,1114,12.5,0.53,0.382,0.223,1.0,8.3,4.6,13.0,0.8,0.0,11.0,23.8,0.6,0.3,1.0,0.041,-0.7,-2.3,-3.0,-0.3,,nealga01,2014
282,Gary Neal,29,MIL,SG,30,2,607,11.2,0.5,0.401,0.195,1.5,8.2,4.7,13.4,0.6,0.0,11.5,25.3,0.0,-0.1,-0.2,-0.012,-0.6,-3.6,-4.2,-0.3,,nealga01,2014
283,Gary Neal,29,CHA,SG,22,1,507,14.0,0.571,0.356,0.263,0.4,8.5,4.5,12.6,1.1,0.0,10.4,22.0,0.6,0.5,1.1,0.105,-0.9,-0.7,-1.6,0.0,,nealga01,2014
284,Kevin Garnett,37,BRK,C,54,54,1109,13.3,0.467,0.008,0.132,6.5,32.1,19.3,12.4,2.0,3.0,15.5,18.9,-0.7,1.9,1.2,0.054,-2.5,1.3,-1.2,0.2,,garneke01,2014
285,Robert Sacre,24,LAL,C,65,13,1089,12.1,0.513,0.0,0.313,8.0,16.9,12.5,7.0,1.1,3.1,11.4,15.5,0.7,0.7,1.4,0.061,-3.0,-0.5,-3.6,-0.4,,sacrero01,2014
286,Francisco García,32,HOU,SF,55,4,1083,9.3,0.521,0.656,0.065,2.3,9.8,6.3,8.6,1.2,2.3,9.0,13.5,0.8,0.9,1.8,0.078,-0.7,0.6,-0.1,0.5,,garcifr01,2014
287,Brandan Wright,26,DAL,C,58,0,1077,23.5,0.695,0.0,0.32,11.0,15.1,13.1,4.7,1.5,4.2,8.5,17.4,4.1,1.0,5.1,0.227,3.4,0.0,3.4,1.5,,wrighbr03,2014
288,Bismack Biyombo,21,CHA,C,77,9,1072,13.3,0.606,0.0,0.618,11.0,27.6,19.3,1.1,0.3,6.3,17.9,9.6,1.1,2.1,3.2,0.144,-2.9,1.7,-1.2,0.2,,biyombi01,2014
289,Lavoy Allen,24,2TM,PF,65,2,1072,12.5,0.47,0.043,0.167,11.7,20.0,15.7,10.1,1.1,2.4,12.0,14.6,0.6,0.9,1.5,0.066,-2.6,-0.8,-3.5,-0.4,,allenla01,2014
290,Lavoy Allen,24,PHI,PF,51,2,960,11.9,0.464,0.049,0.15,11.5,20.0,15.6,10.2,1.1,2.2,12.4,14.3,0.4,0.7,1.1,0.053,-2.9,-1.0,-3.8,-0.4,,allenla01,2014
291,Lavoy Allen,24,IND,PF,14,0,112,17.5,0.521,0.0,0.294,13.7,20.1,17.1,9.0,0.9,4.1,9.4,17.3,0.2,0.2,0.4,0.18,-0.8,0.2,-0.5,0.0,,allenla01,2014
292,Travis Outlaw,29,SAC,SF,63,4,1065,10.4,0.492,0.359,0.16,3.8,14.2,8.9,7.0,1.0,1.4,6.9,15.5,0.8,0.6,1.4,0.062,-1.1,-0.4,-1.4,0.1,,outlatr01,2014
293,Will Bynum,31,DET,PG,56,3,1054,14.4,0.502,0.144,0.281,2.4,8.2,5.1,32.5,1.9,0.5,17.6,23.8,0.6,0.4,1.0,0.047,-0.6,-1.5,-2.1,0.0,,bynumwi01,2014
294,Tyler Zeller,24,CLE,C,70,9,1049,15.4,0.581,0.003,0.417,10.8,19.6,15.1,5.6,0.9,3.0,14.9,17.1,1.5,1.1,2.6,0.12,-1.8,-0.4,-2.2,-0.1,,zellety01,2014
295,Diante Garrett,25,UTA,PG,71,0,1048,7.1,0.459,0.362,0.045,1.2,9.8,5.3,17.6,2.1,0.4,21.7,15.1,-1.1,0.3,-0.8,-0.036,-4.0,-0.6,-4.6,-0.7,,garredi02,2014
296,Alonzo Gee,26,CLE,SF,65,24,1020,8.6,0.491,0.246,0.258,3.8,12.8,8.2,6.9,2.0,1.2,14.3,13.4,-0.1,1.0,0.9,0.041,-3.7,0.6,-3.1,-0.3,,geeal01,2014
297,Jordan Hamilton,23,2TM,SF,60,12,1019,12.7,0.507,0.527,0.136,3.5,17.1,10.4,7.9,2.1,1.5,10.4,18.7,0.4,1.1,1.6,0.073,0.2,0.6,0.7,0.7,,hamiljo02,2014
298,Jordan Hamilton,23,DEN,SF,39,11,670,13.2,0.497,0.508,0.122,3.7,17.8,10.7,7.8,2.3,1.4,9.2,18.7,0.2,0.7,1.0,0.069,0.7,0.9,1.6,0.6,,hamiljo02,2014
299,Jordan Hamilton,23,HOU,SF,21,1,349,11.7,0.528,0.566,0.164,3.0,15.7,9.7,8.0,1.9,1.5,12.7,18.8,0.2,0.4,0.6,0.08,-0.9,0.0,-1.0,0.1,,hamiljo02,2014
300,Chris Douglas-Roberts,27,CHA,SF,49,8,1016,12.2,0.588,0.524,0.325,1.8,11.5,6.6,7.9,1.5,1.2,11.1,14.7,1.1,1.2,2.4,0.113,-1.1,0.5,-0.5,0.4,,douglch01,2014
301,Greg Stiemsma,28,NOP,C,55,20,1007,9.7,0.584,0.008,0.262,8.2,18.0,13.0,5.0,1.8,4.7,24.4,8.1,0.5,1.0,1.5,0.072,-3.6,1.9,-1.7,0.1,,stiemgr01,2014
302,Ish Smith,25,PHO,PG,70,1,1006,11.7,0.438,0.082,0.139,3.5,10.9,7.2,26.0,2.4,1.0,17.9,15.9,0.0,1.0,1.0,0.048,-2.0,0.6,-1.4,0.2,,smithis01,2014
303,Luc Mbah a Moute,27,2TM,PF,64,7,1003,8.3,0.503,0.088,0.347,6.0,10.1,8.0,5.1,1.5,1.1,15.2,11.2,0.2,0.8,1.0,0.049,-3.0,0.2,-2.8,-0.2,,mbahalu01,2014
304,Luc Mbah a Moute,27,SAC,SF,9,5,196,11.7,0.53,0.094,0.406,5.1,10.5,7.8,11.1,2.3,2.1,9.6,9.4,0.3,0.2,0.4,0.106,-1.7,2.3,0.5,0.1,,mbahalu01,2014
305,Luc Mbah a Moute,27,MIN,PF,55,2,807,7.5,0.498,0.087,0.335,6.2,10.0,8.0,3.6,1.3,0.8,16.3,11.6,0.0,0.6,0.6,0.035,-3.4,-0.2,-3.6,-0.3,,mbahalu01,2014
306,Rajon Rondo,27,BOS,PG,30,30,998,15.3,0.461,0.257,0.191,2.4,16.6,9.3,47.7,2.1,0.2,20.7,21.3,0.2,1.0,1.1,0.054,0.3,-0.6,-0.3,0.5,,rondora01,2014
307,JJ Redick,29,LAC,SG,35,34,987,16.6,0.598,0.465,0.266,1.0,7.1,4.2,12.6,1.4,0.2,8.6,21.8,2.3,0.7,3.0,0.147,2.5,-0.8,1.7,0.9,,redicjj01,2014
308,Dorell Wright,28,POR,SF,68,13,984,11.9,0.524,0.68,0.232,3.2,17.5,10.5,9.4,1.2,1.1,10.6,16.2,0.9,1.0,1.9,0.091,0.4,0.5,0.9,0.7,,wrighdo01,2014
309,C.J. Miles,26,CLE,SG,51,34,984,16.0,0.569,0.516,0.183,2.0,9.9,5.9,9.1,2.4,1.3,9.1,22.0,1.5,0.9,2.5,0.122,1.5,0.9,2.4,1.1,,milescj01,2014
310,Marreese Speights,26,GSW,C,79,3,982,15.2,0.507,0.07,0.303,11.4,20.6,16.1,5.3,0.5,2.6,11.6,25.4,0.6,1.5,2.1,0.103,-2.8,-0.9,-3.7,-0.4,,speigma01,2014
311,Andre Miller,37,2TM,SG,58,2,982,13.9,0.534,0.091,0.333,3.1,11.7,7.4,29.2,1.7,0.7,18.7,14.5,1.4,0.8,2.2,0.108,-0.3,1.1,0.8,0.7,,millean02,2014
312,Andre Miller,37,DEN,SG,30,2,570,13.4,0.534,0.125,0.326,3.0,10.8,6.9,25.8,1.3,0.9,16.7,14.7,0.8,0.3,1.1,0.091,0.1,0.7,0.8,0.4,,millean02,2014
313,Andre Miller,37,WAS,SG,28,0,412,14.6,0.534,0.034,0.345,3.3,12.9,8.0,33.9,2.4,0.4,21.8,14.1,0.6,0.5,1.1,0.132,-0.9,1.7,0.8,0.3,,millean02,2014
314,Tyler Hansbrough,28,TOR,PF,64,4,978,14.2,0.562,0.01,0.944,14.2,20.0,17.1,2.7,1.5,1.6,14.5,15.1,1.7,1.4,3.0,0.149,-1.3,-0.6,-1.9,0.0,,hansbty01,2014
315,Rashard Lewis,34,MIA,SF,60,6,971,10.7,0.535,0.568,0.14,3.2,10.7,7.1,8.5,2.9,0.7,12.3,14.1,0.5,1.1,1.7,0.083,-1.3,1.0,-0.3,0.4,,lewisra02,2014
316,Ömer Aşık,27,HOU,C,48,19,968,14.0,0.57,0.0,0.663,12.3,30.1,21.7,3.8,0.7,2.8,19.4,13.8,1.0,1.5,2.4,0.121,-1.2,-0.3,-1.5,0.1,,asikom01,2014
317,Jeff Adrien,27,2TM,PF,53,12,961,17.4,0.553,0.0,0.433,11.8,24.8,18.2,6.8,1.3,3.0,10.6,17.3,1.6,1.1,2.7,0.134,0.0,-0.9,-0.9,0.3,,adrieje01,2014
318,Jeff Adrien,27,CHA,PF,25,0,256,14.9,0.559,0.0,0.625,14.5,24.4,19.4,4.1,1.4,4.6,13.6,10.6,0.4,0.5,0.9,0.17,-1.8,1.7,0.0,0.1,,adrieje01,2014
319,Jeff Adrien,27,MIL,PF,28,12,705,18.4,0.552,0.0,0.4,10.9,25.0,17.7,7.7,1.3,2.4,10.1,19.7,1.2,0.6,1.8,0.121,0.6,-1.8,-1.2,0.1,,adrieje01,2014
320,Al Horford,27,ATL,C,29,29,958,22.0,0.588,0.026,0.202,8.0,21.4,14.8,15.2,1.4,3.6,12.3,24.7,1.5,1.3,2.8,0.141,2.2,0.8,3.0,1.2,,horfoal01,2014
321,Ed Davis,24,MEM,PF,63,4,956,15.9,0.542,0.0,0.307,11.4,20.9,16.1,4.5,0.9,3.7,10.8,17.8,1.2,1.4,2.6,0.129,-1.3,0.1,-1.2,0.2,,davised01,2014
322,James Johnson,26,MEM,SF,52,4,956,18.5,0.552,0.282,0.292,7.4,13.2,10.3,18.2,2.3,5.0,16.0,20.0,1.4,1.6,3.0,0.15,1.6,2.9,4.5,1.6,,johnsja01,2014
323,Jeff Ayres,26,SAS,PF,73,10,952,11.1,0.605,0.0,0.316,11.0,19.2,15.3,8.6,0.7,1.9,24.1,12.4,1.0,1.4,2.4,0.121,-3.0,1.0,-2.1,0.0,,pendeje02,2014
324,Donatas Motiejūnas,23,HOU,PF,62,3,952,10.7,0.504,0.284,0.324,7.4,18.2,13.1,5.5,1.0,1.6,12.7,17.8,0.3,1.0,1.4,0.069,-3.2,-0.6,-3.8,-0.4,,motiedo01,2014
325,Alexis Ajinça,25,NOP,C,56,30,951,14.6,0.589,0.004,0.269,11.3,22.7,16.9,6.6,1.3,4.1,18.4,16.3,1.2,0.9,2.1,0.104,-2.7,0.1,-2.6,-0.1,,ajincal01,2014
326,Cory Joseph,22,SAS,SG,68,19,936,14.7,0.558,0.143,0.362,4.0,8.7,6.4,17.2,1.9,1.1,12.3,16.9,1.6,1.3,2.9,0.148,-0.4,1.3,0.9,0.7,,josepco01,2014
327,Pero Antić,31,ATL,C,50,26,925,11.7,0.545,0.582,0.224,7.2,18.9,13.1,9.8,1.0,1.0,14.5,18.6,0.5,0.9,1.4,0.075,-1.6,-0.7,-2.3,-0.1,,anticpe01,2014
328,Jordan Farmar,27,LAL,PG,41,5,912,15.0,0.533,0.44,0.162,2.3,9.8,6.1,34.6,2.0,0.6,19.6,23.2,0.4,0.4,0.7,0.039,0.8,-1.6,-0.7,0.3,,farmajo01,2014
329,Kent Bazemore,24,2TM,SG,67,15,911,11.2,0.515,0.373,0.318,1.2,12.6,6.9,15.7,2.3,1.0,16.8,22.6,-0.6,0.8,0.2,0.011,-3.0,-0.2,-3.3,-0.3,,bazemke01,2014
330,Kent Bazemore,24,GSW,SG,44,0,268,6.2,0.448,0.402,0.371,2.1,14.0,8.1,10.9,2.2,1.7,19.9,23.1,-0.6,0.4,-0.2,-0.034,-6.3,1.2,-5.0,-0.2,,bazemke01,2014
331,Kent Bazemore,24,LAL,SG,23,15,643,13.3,0.543,0.362,0.297,0.8,12.0,6.4,17.7,2.3,0.8,15.5,22.3,0.0,0.4,0.4,0.029,-1.7,-0.8,-2.5,-0.1,,bazemke01,2014
332,Xavier Henry,22,LAL,SF,43,5,908,12.3,0.511,0.235,0.513,2.9,10.5,6.7,8.8,2.4,0.6,11.9,23.1,-0.1,0.5,0.3,0.017,-2.4,-0.5,-2.8,-0.2,,henryxa01,2014
333,Reggie Evans,33,2TM,PF,54,20,899,11.7,0.516,0.0,0.867,14.8,28.4,21.5,3.5,2.1,0.3,21.9,13.4,0.3,1.2,1.5,0.08,-2.8,-0.5,-3.4,-0.3,,evansre01,2014
334,Reggie Evans,33,BRK,PF,30,6,399,9.0,0.462,0.0,1.102,15.9,28.7,22.4,1.8,1.7,0.4,24.2,13.6,-0.1,0.5,0.4,0.046,-4.4,-1.7,-6.1,-0.4,,evansre01,2014
335,Reggie Evans,33,SAC,PF,24,14,500,13.8,0.556,0.0,0.714,13.8,28.1,20.9,4.8,2.4,0.2,20.1,13.2,0.5,0.7,1.1,0.107,-1.6,0.4,-1.2,0.1,,evansre01,2014
336,Ray McCallum,22,SAC,PG,45,10,897,9.7,0.439,0.197,0.143,2.2,7.8,5.0,21.0,1.2,0.8,10.9,17.6,0.0,0.4,0.4,0.02,-2.3,-0.8,-3.1,-0.3,,mccalra01,2014
337,Jermaine O'Neal,35,GSW,PF,44,13,883,15.3,0.57,0.0,0.532,10.7,19.1,15.0,4.2,0.8,3.4,14.5,17.8,1.3,1.4,2.7,0.146,-1.6,0.2,-1.4,0.1,,onealje01,2014
338,Henry Sims,23,2TM,C,46,25,875,16.1,0.535,0.004,0.442,12.5,17.2,14.8,9.5,1.6,1.9,11.1,18.0,1.4,0.7,2.1,0.115,-0.8,-1.4,-2.2,0.0,,simshe01,2014
339,Henry Sims,23,CLE,C,20,0,168,10.7,0.43,0.0,0.311,14.4,23.2,18.7,4.5,1.5,3.5,13.5,15.7,0.0,0.2,0.2,0.059,-5.4,-0.6,-6.0,-0.2,,simshe01,2014
340,Henry Sims,23,PHI,C,26,25,707,17.4,0.554,0.004,0.467,12.1,15.7,13.8,10.6,1.6,1.5,10.7,18.5,1.5,0.4,1.9,0.128,0.3,-1.6,-1.3,0.1,,simshe01,2014
341,Thomas Robinson,22,POR,PF,70,0,873,14.1,0.502,0.003,0.345,13.1,24.6,18.9,6.0,1.3,1.6,14.5,19.7,0.4,1.2,1.6,0.09,-2.7,-0.6,-3.2,-0.3,,robinth01,2014
342,Cartier Martin,29,2TM,SF,59,6,870,11.0,0.562,0.572,0.246,1.7,12.8,7.3,5.9,1.6,0.6,10.4,17.1,0.5,0.8,1.3,0.07,-0.9,-0.3,-1.3,0.2,,martica01,2014
343,Cartier Martin,29,ATL,SF,53,6,822,10.9,0.555,0.57,0.238,1.7,13.0,7.4,5.9,1.6,0.7,10.4,17.5,0.4,0.7,1.1,0.064,-1.0,-0.4,-1.4,0.1,,martica01,2014
344,Cartier Martin,29,CHI,SF,6,0,48,13.3,0.768,0.625,0.5,2.4,9.3,5.9,6.8,1.1,0.0,9.3,10.3,0.1,0.1,0.2,0.174,0.6,0.4,1.1,0.0,,martica01,2014
345,Willie Green,32,LAC,SG,55,9,869,7.1,0.477,0.446,0.125,1.6,8.2,5.0,8.3,1.3,1.0,10.6,16.3,-0.2,0.7,0.5,0.028,-3.1,-0.1,-3.2,-0.3,,greenwi01,2014
346,Nate Robinson,29,DEN,PG,44,1,866,15.6,0.544,0.402,0.222,2.6,7.5,5.0,21.3,2.0,0.3,12.1,23.5,1.3,0.5,1.8,0.101,0.8,-0.3,0.6,0.6,,robinna01,2014
347,Andrei Kirilenko,32,BRK,PF,45,4,857,12.4,0.532,0.031,0.744,7.7,12.7,10.2,13.1,2.4,1.9,20.3,14.6,0.4,0.9,1.3,0.07,-1.1,0.8,-0.4,0.4,,kirilan01,2014
348,Quincy Acy,23,2TM,SF,63,0,847,10.1,0.52,0.106,0.376,9.5,19.5,14.4,4.9,1.4,2.5,15.4,10.1,0.6,0.9,1.5,0.086,-2.5,0.8,-1.7,0.1,,acyqu01,2014
349,Quincy Acy,23,TOR,SF,7,0,61,17.2,0.542,0.357,0.571,9.5,19.2,14.3,10.1,3.4,3.9,10.2,14.5,0.1,0.1,0.2,0.188,1.2,3.7,5.0,0.1,,acyqu01,2014
350,Quincy Acy,23,SAC,SF,56,0,786,9.6,0.518,0.079,0.354,9.5,19.5,14.4,4.4,1.2,2.4,16.0,9.8,0.5,0.7,1.3,0.078,-2.8,0.6,-2.2,0.0,,acyqu01,2014
351,Danny Granger,30,2TM,SF,41,2,847,10.9,0.502,0.417,0.218,4.3,12.9,8.8,7.8,0.7,1.5,12.0,20.5,0.1,1.2,1.3,0.073,-1.3,-0.1,-1.4,0.1,,grangda01,2014
352,Danny Granger,30,IND,SF,29,2,653,10.3,0.491,0.422,0.238,4.3,13.3,9.0,8.1,0.7,1.5,12.8,19.8,0.0,1.0,1.0,0.075,-1.4,0.4,-1.0,0.2,,grangda01,2014
353,Danny Granger,30,LAC,SF,12,0,194,12.6,0.532,0.405,0.167,4.2,11.6,8.0,6.6,0.8,1.6,10.0,22.8,0.1,0.2,0.3,0.07,-1.0,-1.6,-2.6,0.0,,grangda01,2014
354,Michael Beasley,25,MIA,SF,55,2,831,16.8,0.559,0.152,0.223,4.9,20.5,13.0,8.8,1.5,2.2,12.8,25.7,0.5,1.1,1.6,0.092,-1.1,-0.9,-2.0,0.0,,beaslmi01,2014
355,Jason Smith,27,NOP,PF,31,27,830,12.4,0.495,0.0,0.177,7.0,18.5,12.7,5.6,0.7,2.9,8.4,18.2,0.5,0.4,0.9,0.054,-2.4,-1.3,-3.6,-0.3,,smithja02,2014
356,Gorgui Dieng,24,MIN,C,60,15,818,16.5,0.534,0.004,0.41,13.4,26.9,20.0,7.2,1.8,4.6,16.8,16.8,0.7,1.5,2.2,0.129,-2.0,0.9,-1.1,0.2,ROY-6,dienggo01,2014
357,Devin Harris,30,DAL,PG,40,0,818,14.6,0.517,0.398,0.453,1.1,10.8,6.0,31.0,1.8,0.2,16.2,20.2,1.2,0.4,1.6,0.094,0.3,-0.8,-0.5,0.3,,harride01,2014
358,Ekpe Udoh,26,MIL,PF,42,14,804,7.6,0.44,0.0,0.329,8.4,12.8,10.5,5.7,1.0,4.4,18.8,11.4,-0.4,0.4,0.0,0.0,-4.8,-0.1,-4.8,-0.6,,udohek01,2014
359,Ryan Anderson,25,NOP,PF,22,14,795,18.8,0.572,0.463,0.175,9.5,11.3,10.4,3.6,0.7,0.7,5.0,22.9,2.2,0.1,2.3,0.138,4.5,-3.2,1.4,0.6,,anderry01,2014
360,Quincy Miller,21,DEN,PF,52,16,789,8.6,0.459,0.367,0.215,4.9,15.2,10.1,4.9,1.4,3.0,14.6,17.7,-0.7,0.7,0.0,0.002,-3.4,-0.4,-3.7,-0.4,,millequ01,2014
361,Chris Johnson,23,BOS,SF,40,0,789,10.8,0.537,0.593,0.201,4.3,9.8,7.0,6.0,1.8,0.4,8.6,14.3,0.9,0.5,1.4,0.085,-1.2,0.0,-1.2,0.2,,johnsch04,2014
362,Jan Veselý,23,2TM,PF,54,1,776,12.7,0.498,0.0,0.324,11.7,16.1,13.9,4.0,3.4,3.5,15.4,13.2,0.2,1.4,1.6,0.097,-3.3,2.2,-1.1,0.2,,veselja01,2014
363,Jan Veselý,23,WAS,PF,33,1,470,11.5,0.494,0.0,0.326,12.9,15.1,13.9,3.1,2.8,3.3,17.3,12.2,0.1,0.8,0.9,0.09,-3.7,1.5,-2.3,0.0,,veselja01,2014
364,Jan Veselý,23,DEN,PF,21,0,306,14.5,0.503,0.0,0.321,9.8,17.7,13.8,5.4,4.3,3.9,13.2,14.8,0.1,0.6,0.7,0.109,-2.7,3.4,0.7,0.2,,veselja01,2014
365,Earl Clark,26,2TM,PF,54,17,768,9.1,0.466,0.467,0.13,3.2,18.2,10.5,3.7,1.1,2.8,10.1,17.9,-0.4,0.8,0.3,0.02,-2.5,-0.1,-2.6,-0.1,,clarkea01,2014
366,Earl Clark,26,CLE,PF,45,17,698,8.6,0.467,0.483,0.1,3.1,17.6,10.2,3.6,1.2,2.3,10.7,17.9,-0.5,0.7,0.2,0.014,-2.5,-0.1,-2.6,-0.1,,clarkea01,2014
367,Earl Clark,26,NYK,PF,9,0,70,13.5,0.453,0.286,0.476,3.3,24.2,13.4,4.3,0.8,7.6,3.8,17.5,0.0,0.1,0.1,0.08,-2.4,-0.4,-2.7,0.0,,clarkea01,2014
368,Perry Jones,22,OKC,PF,62,7,764,10.1,0.541,0.337,0.232,4.3,12.1,8.4,4.9,0.9,2.0,9.5,12.8,0.7,0.8,1.5,0.094,-1.2,-0.2,-1.4,0.1,,jonespe01,2014
369,Chuck Hayes,30,2TM,C,61,1,754,10.0,0.468,0.008,0.192,10.5,21.8,16.1,6.8,2.3,1.3,19.0,10.4,0.2,1.2,1.4,0.086,-3.1,1.3,-1.8,0.0,,hayesch01,2014
370,Chuck Hayes,30,SAC,C,16,1,179,11.4,0.47,0.0,0.219,12.5,17.2,14.8,4.9,3.1,0.9,16.6,10.4,0.1,0.2,0.3,0.081,-2.4,0.8,-1.6,0.0,,hayesch01,2014
371,Chuck Hayes,30,TOR,C,45,0,575,9.6,0.467,0.01,0.184,9.9,23.2,16.5,7.5,2.1,1.4,19.7,10.4,0.1,0.9,1.1,0.088,-3.3,1.5,-1.9,0.0,,hayesch01,2014
372,Chase Budinger,25,MIN,SF,41,8,751,9.7,0.505,0.472,0.154,2.7,12.5,7.5,6.2,1.2,0.2,8.1,16.7,0.3,0.6,0.9,0.059,-1.7,-0.8,-2.5,-0.1,,budinch01,2014
373,Shawne Williams,27,LAL,PF,36,13,751,9.5,0.503,0.672,0.104,3.6,20.2,11.9,5.7,1.2,2.9,9.5,12.9,0.1,0.6,0.7,0.045,-2.5,0.8,-1.7,0.1,,willish03,2014
374,Jonas Jerebko,26,DET,PF,64,0,741,13.4,0.577,0.356,0.284,7.2,19.3,12.9,7.8,1.4,0.6,15.5,16.0,1.0,0.5,1.4,0.092,-0.8,-0.7,-1.5,0.1,,jerebjo01,2014
375,Chris Kaman,31,LAL,C,39,13,736,17.0,0.537,0.009,0.197,7.8,25.4,16.6,14.1,0.7,3.9,16.4,26.7,-0.2,0.7,0.5,0.036,-1.7,0.3,-1.4,0.1,,kamanch01,2014
376,Joel Freeland,26,POR,C,52,0,727,11.3,0.498,0.012,0.179,13.2,17.6,15.4,7.1,0.7,2.1,15.5,12.4,0.7,0.7,1.4,0.093,-2.6,0.0,-2.6,-0.1,,freeljo01,2014
377,Darius Miller,23,NOP,SF,45,7,723,9.0,0.55,0.464,0.217,1.4,7.0,4.2,8.7,1.7,1.0,10.8,12.8,0.6,0.2,0.8,0.055,-2.8,0.0,-2.8,-0.1,,milleda01,2014
378,Doron Lamb,22,ORL,SG,53,0,695,7.5,0.543,0.563,0.225,1.3,6.7,4.0,9.3,0.8,0.1,13.3,13.3,0.3,0.2,0.5,0.036,-3.0,-1.6,-4.6,-0.5,,lambdo01,2014
379,Matt Bonner,33,SAS,PF,61,0,690,11.2,0.582,0.598,0.073,2.7,17.9,10.6,6.1,1.1,1.2,8.6,12.1,0.8,1.0,1.8,0.123,0.0,1.1,1.0,0.5,,bonnema01,2014
380,Jeff Withey,23,NOP,C,58,4,684,15.2,0.59,0.008,0.566,8.2,17.4,12.7,5.6,1.1,6.1,11.0,12.0,1.2,0.6,1.8,0.128,-0.5,0.7,0.2,0.4,,witheje01,2014
381,Toney Douglas,27,2TM,PG,51,17,675,9.2,0.493,0.537,0.179,3.4,11.9,7.8,14.6,1.5,0.6,14.2,16.3,0.2,0.7,0.9,0.061,-2.5,0.5,-2.0,0.0,,douglto01,2014
382,Toney Douglas,27,GSW,PG,24,0,265,6.5,0.492,0.686,0.093,1.7,8.9,5.4,10.3,1.1,0.6,15.2,17.5,-0.1,0.3,0.2,0.028,-3.4,0.6,-2.9,-0.1,,douglto01,2014
383,Toney Douglas,27,MIA,PG,27,17,410,10.9,0.494,0.413,0.25,4.5,13.9,9.3,17.3,1.7,0.6,13.5,15.6,0.3,0.4,0.7,0.083,-1.9,0.5,-1.4,0.1,,douglto01,2014
384,Alexey Shved,25,MIN,SG,63,0,664,10.2,0.452,0.43,0.38,3.4,10.1,6.6,14.9,1.9,1.8,14.8,20.8,-0.4,0.7,0.2,0.017,-1.8,-0.1,-1.9,0.0,,shvedal01,2014
385,Anthony Bennett,20,CLE,PF,52,0,663,6.9,0.425,0.236,0.307,8.1,18.4,13.1,4.0,1.6,1.0,15.5,20.3,-1.1,0.7,-0.4,-0.028,-6.0,-1.3,-7.4,-0.9,,bennean01,2014
386,Robbie Hummel,24,MIN,SF,53,5,655,9.6,0.492,0.503,0.09,5.7,16.6,11.0,5.0,1.2,0.2,5.2,12.6,0.6,0.6,1.1,0.084,-1.6,-0.4,-2.0,0.0,,hummero01,2014
387,Udonis Haslem,33,MIA,PF,46,18,653,10.5,0.523,0.0,0.301,8.4,24.7,16.8,2.9,0.9,2.0,12.7,13.9,0.3,0.8,1.1,0.083,-3.1,-0.9,-3.9,-0.3,,hasleud01,2014
388,Beno Udrih,31,2TM,SG,41,12,643,12.7,0.523,0.236,0.169,1.8,9.2,5.4,28.0,1.9,0.5,19.7,17.2,0.5,0.3,0.8,0.061,-0.9,-0.9,-1.8,0.0,,udrihbe01,2014
389,Beno Udrih,31,NYK,SG,31,12,588,12.4,0.507,0.25,0.15,1.9,9.7,5.7,28.9,2.0,0.5,19.8,16.8,0.4,0.3,0.7,0.056,-1.0,-0.9,-2.0,0.0,,udrihbe01,2014
390,Beno Udrih,31,MEM,SG,10,0,55,16.0,0.654,0.111,0.333,0.0,4.3,2.2,18.0,1.0,1.5,19.5,21.5,0.1,0.0,0.1,0.117,0.6,-0.2,0.4,0.0,,udrihbe01,2014
391,Jon Leuer,24,MEM,PF,49,0,642,17.6,0.566,0.199,0.191,6.8,22.4,14.6,5.2,1.5,1.7,9.2,21.1,1.1,0.9,2.0,0.149,1.0,0.0,1.0,0.5,,leuerjo01,2014
392,Dennis Schröder,20,ATL,PG,49,0,641,5.8,0.442,0.223,0.229,0.9,9.9,5.4,22.0,1.3,0.0,22.8,19.0,-1.1,0.4,-0.7,-0.054,-5.7,-1.6,-7.3,-0.9,,schrode01,2014
393,Garrett Temple,27,WAS,SG,75,0,638,7.8,0.431,0.206,0.305,3.8,8.7,6.2,15.8,2.8,1.4,20.8,14.3,-0.5,0.9,0.3,0.025,-4.8,1.8,-3.0,-0.2,,templga01,2014
394,Kenyon Martin,36,NYK,PF,32,15,633,12.2,0.521,0.008,0.154,6.5,18.7,12.5,11.9,2.1,3.8,16.5,11.6,0.5,0.7,1.2,0.09,-2.2,2.1,0.0,0.3,,martike01,2014
395,Jeff Taylor,24,CHA,SF,26,8,629,5.9,0.436,0.307,0.216,2.7,8.1,5.4,5.7,1.1,0.6,9.5,19.4,-0.8,0.6,-0.2,-0.019,-5.0,-0.4,-5.4,-0.5,,tayloje03,2014
396,Ronny Turiaf,31,MIN,C,31,10,606,13.9,0.578,0.0,0.467,9.6,22.0,15.6,5.7,0.7,6.3,15.7,10.7,0.6,0.9,1.5,0.122,-1.5,2.0,0.5,0.4,,turiaro01,2014
397,John Lucas III,31,UTA,PG,42,6,591,5.2,0.403,0.442,0.084,2.3,5.4,3.8,11.1,1.2,0.0,10.0,17.0,-0.7,0.0,-0.7,-0.058,-4.1,-1.7,-5.9,-0.6,,lucasjo02,2014
398,Larry Sanders,25,MIL,C,23,20,584,14.0,0.478,0.006,0.34,11.4,21.3,16.2,5.3,1.6,5.6,12.3,16.4,0.1,0.6,0.7,0.057,-3.0,0.0,-3.0,-0.1,,sandela01,2014
399,Kevin Séraphin,24,WAS,C,53,1,578,12.5,0.533,0.0,0.141,10.5,15.3,12.8,4.9,0.3,3.7,14.9,21.5,0.2,0.6,0.8,0.066,-4.3,-0.8,-5.2,-0.5,,serapke01,2014
400,Brandon Davies,22,PHI,PF,51,0,575,7.5,0.476,0.078,0.414,6.9,13.9,10.2,7.1,2.0,1.1,18.8,13.7,-0.3,0.4,0.1,0.008,-5.7,-0.6,-6.3,-0.6,,daviebr01,2014
401,Jason Terry,36,BRK,PG,35,0,570,7.4,0.501,0.678,0.099,0.8,6.9,3.9,15.3,1.2,0.0,14.5,15.3,0.0,0.2,0.2,0.016,-2.3,-1.2,-3.5,-0.2,,terryja01,2014
402,Nazr Mohammed,36,CHI,C,80,1,562,10.1,0.445,0.0,0.238,13.6,21.7,17.7,5.8,1.3,4.1,21.0,14.5,-0.4,1.2,0.8,0.07,-5.1,1.2,-3.9,-0.3,,mohamna01,2014
403,Steve Novak,30,TOR,PF,54,1,540,11.1,0.599,0.836,0.041,1.7,10.8,6.3,3.8,1.2,0.6,3.3,12.9,1.0,0.5,1.4,0.127,1.5,-0.1,1.5,0.5,,novakst01,2014
404,Archie Goodwin,19,PHO,SG,52,0,533,10.3,0.507,0.216,0.329,5.3,13.0,9.2,5.7,1.9,1.6,18.7,19.4,-0.3,0.5,0.2,0.018,-3.1,-0.1,-3.2,-0.2,,goodwar01,2014
405,Brook Lopez,25,BRK,C,17,17,533,25.4,0.629,0.004,0.502,8.8,14.1,11.5,6.1,0.9,4.8,9.1,27.1,1.9,0.5,2.3,0.211,4.0,-0.3,3.7,0.8,,lopezbr01,2014
406,Anthony Randolph,24,DEN,PF,43,5,527,12.2,0.499,0.347,0.392,4.1,21.0,12.5,9.1,2.4,2.7,15.9,19.8,-0.1,0.7,0.6,0.055,-2.3,1.5,-0.8,0.2,,randoan01,2014
407,Jimmer Fredette,24,2TM,SG,49,0,519,15.8,0.578,0.37,0.093,1.7,9.7,5.7,22.2,1.4,0.5,16.9,24.3,0.5,0.3,0.8,0.078,2.0,-1.5,0.6,0.3,,fredeji01,2014
408,Jimmer Fredette,24,SAC,SG,41,0,463,16.3,0.584,0.369,0.096,1.7,9.4,5.5,23.5,1.5,0.5,17.6,23.8,0.6,0.2,0.8,0.082,2.6,-1.2,1.4,0.4,,fredeji01,2014
409,Jimmer Fredette,24,CHI,SG,8,0,56,11.6,0.535,0.379,0.069,2.1,12.0,7.1,11.1,0.0,0.0,11.8,27.9,0.0,0.1,0.0,0.043,-2.7,-3.6,-6.3,-0.1,,fredeji01,2014
410,Andrew Bynum,26,2TM,C,26,19,516,15.2,0.456,0.0,0.218,11.4,20.3,15.8,9.7,0.6,4.7,12.1,24.3,-0.2,0.6,0.4,0.038,-1.4,-0.5,-1.9,0.0,,bynuman01,2014
411,Andrew Bynum,26,CLE,C,24,19,480,14.8,0.456,0.0,0.207,10.7,18.9,14.7,9.6,0.6,4.9,11.9,23.4,-0.2,0.5,0.4,0.036,-1.5,-0.4,-1.9,0.0,,bynuman01,2014
412,Andrew Bynum,26,IND,C,2,0,36,19.9,0.459,0.0,0.318,19.7,38.8,29.7,11.2,0.0,2.1,13.8,36.9,0.0,0.1,0.0,0.063,-0.3,-1.6,-1.9,0.0,,bynuman01,2014
413,Al Harrington,33,WAS,PF,34,0,511,9.7,0.506,0.483,0.169,3.3,15.0,9.1,8.7,1.4,0.0,13.3,22.7,-0.2,0.5,0.4,0.035,-3.2,-1.0,-4.2,-0.3,,harrial01,2014
414,Nando De Colo,26,2TM,SF,47,3,494,13.1,0.526,0.346,0.229,3.3,13.3,8.4,19.7,2.3,0.9,17.2,18.6,0.3,0.7,1.0,0.1,-1.1,1.3,0.2,0.3,,decolna01,2014
415,Nando De Colo,26,SAS,SF,26,3,301,13.2,0.545,0.333,0.237,2.3,14.0,8.4,15.1,2.5,0.7,17.0,18.6,0.1,0.5,0.6,0.101,-1.5,1.7,0.1,0.2,,decolna01,2014
416,Nando De Colo,26,TOR,SF,21,0,193,12.9,0.495,0.367,0.217,4.8,12.1,8.5,26.9,1.9,1.2,17.6,18.8,0.2,0.2,0.4,0.098,-0.5,0.8,0.3,0.1,,decolna01,2014
417,Aron Baynes,27,SAS,C,53,4,491,9.7,0.467,0.0,0.129,13.6,19.4,16.6,9.9,0.2,0.7,17.3,19.2,-0.1,0.6,0.6,0.055,-4.7,-1.0,-5.7,-0.5,,baynear01,2014
418,Shane Larkin,21,DAL,PG,48,0,489,8.3,0.446,0.277,0.182,2.6,7.3,5.0,20.4,2.7,0.2,20.9,17.4,-0.4,0.3,-0.1,-0.01,-3.8,0.0,-3.8,-0.2,,larkish01,2014
419,Vítor Luiz Faverani,25,BOS,C,37,8,488,11.0,0.502,0.272,0.252,9.5,20.6,14.9,5.2,1.5,4.3,20.1,18.6,-0.3,0.7,0.3,0.031,-3.6,0.5,-3.2,-0.1,,favervi01,2014
420,Jason Maxiell,30,ORL,PF,34,13,488,8.1,0.459,0.0,0.295,6.5,13.5,10.0,2.8,0.8,3.2,10.6,12.4,-0.1,0.4,0.3,0.029,-4.2,0.0,-4.2,-0.3,,maxieja01,2014
421,Ryan Hollins,29,LAC,PF,61,0,482,11.9,0.73,0.0,0.778,7.4,13.1,10.4,2.4,0.9,4.9,23.1,11.5,0.7,0.6,1.3,0.126,-3.4,1.5,-1.9,0.0,,holliry01,2014
422,CJ McCollum,22,POR,SG,38,0,476,9.0,0.521,0.449,0.191,1.6,9.2,5.4,8.7,1.5,0.3,15.4,20.9,-0.2,0.3,0.2,0.019,-2.9,-0.6,-3.4,-0.2,,mccolcj01,2014
423,Luke Babbitt,24,NOP,PF,27,2,473,12.1,0.525,0.617,0.117,4.4,17.5,10.8,9.4,0.8,1.9,8.5,17.0,0.5,0.2,0.7,0.074,0.0,-1.1,-1.1,0.1,,babbilu01,2014
424,Miroslav Raduljica,26,MIL,C,48,2,465,15.3,0.603,0.0,0.437,12.9,13.7,13.3,8.3,0.8,2.3,15.7,17.3,1.0,0.1,1.1,0.112,-2.1,-1.6,-3.6,-0.2,,radulmi01,2014
425,Marquis Teague,20,2TM,SG,40,3,443,3.8,0.398,0.151,0.294,0.3,10.2,5.3,20.6,1.2,0.9,22.5,18.2,-1.0,0.4,-0.5,-0.059,-6.8,-0.6,-7.4,-0.6,,teaguma01,2014
426,Marquis Teague,20,CHI,SG,19,2,242,0.0,0.308,0.152,0.242,0.5,8.3,4.5,17.9,0.4,1.3,18.9,17.2,-0.8,0.3,-0.5,-0.094,-8.1,0.1,-8.1,-0.4,,teaguma01,2014
427,Marquis Teague,20,BRK,SG,21,1,201,8.4,0.505,0.151,0.358,0.0,12.5,6.3,23.8,2.1,0.4,26.4,19.5,-0.2,0.2,-0.1,-0.017,-5.2,-1.4,-6.7,-0.2,,teaguma01,2014
428,Rudy Gobert,21,UTA,C,45,0,434,12.9,0.507,0.0,0.878,13.1,28.5,20.6,2.4,1.0,7.4,23.8,14.2,-0.2,0.6,0.4,0.045,-3.6,0.9,-2.7,-0.1,,goberru01,2014
429,Gustavo Ayón,28,ATL,C,26,14,429,12.9,0.505,0.0,0.196,11.4,22.3,16.9,10.0,3.0,1.8,20.7,14.8,0.0,0.7,0.7,0.078,-2.5,1.4,-1.2,0.1,,ayongu01,2014
430,Brandon Rush,28,UTA,SG,38,0,418,4.1,0.428,0.522,0.056,1.3,11.1,6.1,8.5,0.6,1.7,17.8,12.3,-0.5,0.0,-0.4,-0.05,-4.2,-1.3,-5.6,-0.4,,rushbr01,2014
431,Byron Mullens,24,2TM,C,45,0,414,12.8,0.544,0.539,0.121,6.2,18.2,12.1,5.5,1.8,2.1,13.4,20.9,0.1,0.4,0.5,0.057,-0.8,-0.8,-1.7,0.0,,mulleby01,2014
432,Byron Mullens,24,LAC,C,27,0,167,7.8,0.503,0.609,0.094,4.8,16.1,10.6,5.5,1.8,1.4,16.3,21.1,-0.2,0.2,0.0,0.012,-4.0,-0.5,-4.5,-0.1,,mulleby01,2014
433,Byron Mullens,24,PHI,C,18,0,247,16.1,0.569,0.495,0.139,7.2,19.6,13.1,5.5,1.8,2.6,11.6,20.8,0.2,0.2,0.4,0.087,1.3,-1.0,0.2,0.1,,mulleby01,2014
434,Andre Roberson,22,OKC,SG,40,16,399,9.0,0.518,0.191,0.147,10.7,15.6,13.3,5.2,2.4,2.0,20.8,10.1,0.2,0.6,0.8,0.099,-3.8,1.4,-2.4,0.0,,roberan03,2014
435,Jeremy Tyler,22,NYK,C,41,0,398,13.0,0.532,0.0,0.414,10.9,21.6,16.1,3.3,0.8,4.5,15.9,19.1,0.1,0.4,0.5,0.064,-4.4,-1.2,-5.5,-0.4,,tylerje01,2014
436,Reggie Bullock,22,LAC,SF,43,0,395,6.7,0.46,0.603,0.074,3.2,11.7,7.6,4.3,1.1,0.2,9.4,15.4,-0.2,0.3,0.2,0.019,-2.5,-0.9,-3.3,-0.1,,bullore01,2014
437,Drew Gooden,32,WAS,C,22,0,395,18.4,0.591,0.119,0.189,10.7,23.0,16.7,6.3,1.3,1.5,9.9,19.7,0.9,0.6,1.4,0.173,0.6,-0.2,0.4,0.2,,goodedr01,2014
438,Wayne Ellington,26,DAL,SG,45,1,393,12.2,0.554,0.468,0.087,2.4,10.2,6.3,7.1,2.1,0.4,7.8,16.4,0.4,0.2,0.7,0.084,-0.5,-0.2,-0.8,0.1,,ellinwa01,2014
439,Donald Sloan,26,IND,SG,48,1,392,8.5,0.437,0.359,0.171,1.2,11.0,6.3,20.1,1.3,0.2,14.9,17.2,-0.3,0.6,0.3,0.039,-3.3,0.3,-3.0,-0.1,,sloando01,2014
440,Hedo Türkoğlu,34,LAC,SF,38,0,392,11.3,0.492,0.459,0.165,3.2,21.4,12.6,11.9,2.4,2.0,12.0,15.0,0.1,0.7,0.8,0.095,-1.6,1.8,0.2,0.2,,turkohe01,2014
441,Orlando Johnson,24,2TM,SG,45,0,392,5.3,0.402,0.416,0.23,2.7,12.6,7.9,7.7,0.8,0.4,10.8,16.2,-0.5,0.5,0.1,0.008,-4.8,-0.3,-5.1,-0.3,,johnsor01,2014
442,Orlando Johnson,24,IND,SG,38,0,342,6.1,0.431,0.427,0.229,2.4,13.8,8.4,7.2,0.9,0.2,11.7,16.0,-0.3,0.5,0.2,0.031,-4.5,0.3,-4.3,-0.2,,johnsor01,2014
443,Orlando Johnson,24,SAC,SG,7,0,50,-0.3,0.24,0.353,0.235,4.5,4.6,4.5,11.4,0.0,1.6,5.1,17.4,-0.2,0.0,-0.1,-0.144,-6.5,-4.0,-10.5,-0.1,,johnsor01,2014
444,Dewayne Dedmon,24,3TM,C,31,6,390,10.7,0.5,0.0,0.386,10.7,25.8,18.1,1.9,0.9,4.5,15.6,13.1,0.1,0.5,0.6,0.07,-4.5,-0.3,-4.7,-0.3,,dedmode01,2014
445,Dewayne Dedmon,24,GSW,C,4,0,6,-5.1,0.266,0.0,2.0,0.0,0.0,0.0,0.0,0.0,0.0,0.0,13.8,0.0,0.0,0.0,-0.107,-10.3,-3.2,-13.6,0.0,,dedmode01,2014
446,Dewayne Dedmon,24,PHI,C,11,0,150,8.7,0.533,0.0,0.448,7.6,28.5,17.6,2.9,0.0,4.8,20.6,12.3,0.0,0.1,0.1,0.035,-5.8,0.0,-5.8,-0.1,,dedmode01,2014
447,Dewayne Dedmon,24,ORL,C,16,6,234,12.5,0.488,0.0,0.321,13.0,24.8,18.9,1.3,1.5,4.4,13.0,13.5,0.1,0.4,0.5,0.096,-3.5,-0.4,-3.8,-0.1,,dedmode01,2014
448,Metta World Peace,34,NYK,SF,29,1,388,11.7,0.469,0.383,0.113,5.3,12.8,8.9,7.1,3.3,1.8,11.4,20.0,-0.2,0.4,0.3,0.032,-1.9,0.5,-1.4,0.1,,artesro01,2014
449,Will Barton,23,POR,SG,41,0,387,13.5,0.488,0.212,0.205,4.5,16.0,10.3,13.3,1.2,1.3,9.6,21.2,0.3,0.4,0.6,0.078,-1.2,-0.1,-1.3,0.1,,bartowi01,2014
450,Rasual Butler,34,IND,SG,50,2,378,12.2,0.585,0.564,0.127,1.9,9.9,6.1,7.4,1.0,1.8,8.7,15.4,0.5,0.6,1.1,0.138,0.0,0.3,0.3,0.2,,butlera01,2014
451,Ronnie Price,30,ORL,SG,31,2,377,7.6,0.379,0.467,0.141,2.4,10.5,6.5,25.6,3.4,0.4,21.0,15.0,-0.5,0.4,-0.1,-0.007,-5.6,1.2,-4.3,-0.2,,pricero01,2014
452,Toure' Murry,24,NYK,PG,51,0,373,11.1,0.479,0.093,0.302,4.0,10.1,6.9,21.5,2.7,0.2,18.9,22.5,-0.3,0.3,0.0,0.002,-3.7,-0.7,-4.4,-0.2,,murryto01,2014
453,Leandro Barbosa,31,PHO,PG,20,0,368,11.5,0.506,0.191,0.298,1.5,9.7,5.6,13.4,1.0,0.8,11.4,20.0,0.2,0.2,0.4,0.058,-1.8,-1.0,-2.8,-0.1,,barbole01,2014
454,Alex Len,20,PHO,C,42,3,362,7.3,0.469,0.0,0.397,12.1,18.6,15.3,1.6,0.6,3.8,22.1,14.3,-0.2,0.4,0.2,0.024,-5.9,-0.7,-6.6,-0.4,,lenal01,2014
455,Meyers Leonard,21,POR,C,40,0,355,9.4,0.489,0.066,0.231,8.0,25.5,16.8,7.3,1.0,1.0,13.0,14.2,0.2,0.5,0.6,0.086,-4.7,0.8,-4.0,-0.2,,leoname01,2014
456,Aaron Gray,29,2TM,C,37,6,355,7.8,0.466,0.016,0.328,13.2,22.3,17.7,9.1,1.4,1.8,30.8,12.5,-0.3,0.4,0.1,0.016,-4.9,0.2,-4.7,-0.2,,grayaa01,2014
457,Aaron Gray,29,TOR,C,4,0,20,5.7,0.644,0.0,0.667,17.4,29.3,23.3,23.1,0.0,0.0,50.8,17.9,0.0,0.0,0.0,-0.007,-9.9,2.1,-7.8,0.0,,grayaa01,2014
458,Aaron Gray,29,SAC,C,33,6,335,7.9,0.455,0.017,0.31,13.0,21.8,17.4,8.2,1.5,1.9,29.1,12.2,-0.2,0.4,0.1,0.018,-4.6,0.1,-4.5,-0.2,,grayaa01,2014
459,Jarvis Varnado,25,2TM,PF,24,0,339,13.3,0.597,0.0,0.867,5.8,14.6,10.0,5.7,1.4,6.8,10.8,11.6,0.5,0.3,0.8,0.114,-3.5,1.3,-2.3,0.0,,varnaja01,2014
460,Jarvis Varnado,25,CHI,PF,1,0,2,-9.1,,,,0.0,0.0,0.0,0.0,0.0,0.0,,0.0,0.0,0.0,0.0,0.038,-14.8,0.2,-14.6,0.0,,varnaja01,2014
461,Jarvis Varnado,25,PHI,PF,23,0,337,13.4,0.597,0.0,0.867,5.9,14.7,10.1,5.7,1.4,6.9,10.8,11.7,0.5,0.3,0.8,0.115,-3.4,1.3,-2.2,0.0,,varnaja01,2014
462,Cole Aldrich,25,NYK,C,46,2,330,19.1,0.62,0.0,0.492,12.8,33.8,23.0,6.4,1.3,8.1,19.5,13.0,0.6,0.6,1.2,0.178,-0.1,1.6,1.5,0.3,,aldrico01,2014
463,Eric Maynor,26,2TM,PG,31,0,327,6.2,0.387,0.366,0.109,3.1,10.6,6.7,23.0,1.4,0.7,21.5,18.2,-0.6,0.2,-0.4,-0.058,-4.4,-1.6,-6.0,-0.3,,maynoer01,2014
464,Eric Maynor,26,WAS,PG,23,0,215,6.0,0.355,0.347,0.042,3.7,9.3,6.5,26.8,1.2,0.4,18.8,19.0,-0.4,0.2,-0.2,-0.052,-4.4,-1.6,-6.0,-0.2,,maynoer01,2014
465,Eric Maynor,26,PHI,PG,8,0,112,6.6,0.461,0.414,0.276,1.9,13.0,7.2,15.7,1.7,1.4,27.0,16.8,-0.2,0.1,-0.2,-0.07,-4.3,-1.7,-6.0,-0.1,,maynoer01,2014
466,Landry Fields,25,TOR,SF,30,2,322,8.6,0.443,0.075,0.328,5.4,16.0,10.7,9.3,1.6,0.7,12.5,12.4,0.0,0.4,0.4,0.057,-2.4,1.0,-1.4,0.1,,fieldla01,2014
467,Otto Porter Jr.,20,WAS,SF,37,0,319,6.0,0.405,0.231,0.132,7.5,13.3,10.4,4.6,1.3,0.3,12.7,15.6,-0.4,0.3,0.0,-0.006,-4.9,-1.3,-6.2,-0.3,,porteot01,2014
468,Josh Harrellson,24,DET,C,32,0,317,13.4,0.547,0.378,0.085,9.8,16.7,13.1,6.9,1.0,3.8,10.5,12.8,0.5,0.2,0.7,0.108,-0.8,0.1,-0.7,0.1,,harrejo01,2014
469,MarShon Brooks,25,3TM,SG,35,0,316,15.5,0.551,0.2,0.352,3.4,15.5,9.3,12.9,2.2,0.9,14.3,23.4,0.1,0.3,0.4,0.06,-0.6,-0.5,-1.1,0.1,,brookma01,2014
470,MarShon Brooks,25,BOS,SG,10,0,73,10.7,0.514,0.167,0.583,1.5,28.8,14.8,8.6,0.7,1.1,18.8,22.6,-0.1,0.1,0.0,0.017,-2.5,0.3,-2.2,0.0,,brookma01,2014
471,MarShon Brooks,25,GSW,SG,7,0,15,24.3,0.44,0.154,0.308,7.4,28.6,18.2,0.0,3.3,0.0,0.0,43.3,0.0,0.0,0.0,0.087,-2.0,0.3,-1.6,0.0,,brookma01,2014
472,MarShon Brooks,25,LAL,SG,18,0,228,16.5,0.578,0.216,0.295,3.7,10.3,7.0,15.2,2.6,0.9,14.6,22.3,0.2,0.1,0.3,0.072,0.1,-0.8,-0.7,0.1,,brookma01,2014
473,Steve Nash,39,LAL,PG,15,10,313,12.2,0.488,0.255,0.255,1.4,8.5,4.9,40.3,1.1,0.5,22.9,18.9,0.1,0.0,0.1,0.017,-1.3,-2.3,-3.6,-0.1,,nashst01,2014
474,Darius Morris,23,3TM,PG,27,0,313,9.2,0.498,0.396,0.271,2.5,6.8,4.6,21.5,2.1,0.0,20.1,18.6,-0.1,0.2,0.0,0.006,-3.6,-0.9,-4.5,-0.2,,morrida01,2014
475,Darius Morris,23,PHI,PG,12,0,193,11.9,0.544,0.358,0.313,1.6,5.8,3.6,25.4,2.0,0.0,19.9,20.9,0.1,0.1,0.1,0.027,-2.2,-1.6,-3.9,-0.1,,morrida01,2014
476,Darius Morris,23,LAC,PG,10,0,54,1.5,0.324,0.538,0.154,0.0,9.9,5.1,12.5,1.9,0.0,12.6,13.0,-0.1,0.1,0.0,-0.041,-9.2,0.1,-9.1,-0.1,,morrida01,2014
477,Darius Morris,23,MEM,PG,5,0,66,7.9,0.433,0.438,0.188,7.2,7.2,7.2,17.4,2.4,0.0,25.7,16.3,-0.1,0.1,0.0,-0.016,-2.9,0.4,-2.5,0.0,,morrida01,2014
478,Derrick Rose,25,CHI,PG,10,10,311,9.7,0.446,0.287,0.195,3.3,8.3,5.9,26.2,0.9,0.2,16.0,31.5,-0.6,0.4,-0.2,-0.036,-1.2,-1.9,-3.1,-0.1,,rosede01,2014
479,Chauncey Billups,37,DET,SG,19,7,309,5.3,0.427,0.608,0.152,1.3,8.9,4.9,18.7,1.3,0.3,22.9,15.1,-0.3,0.1,-0.3,-0.042,-4.2,-1.6,-5.8,-0.3,,billuch01,2014
480,Gal Mekel,25,DAL,PG,31,1,292,5.4,0.4,0.233,0.14,2.0,8.6,5.3,30.1,0.7,0.3,25.4,19.0,-0.5,0.1,-0.4,-0.073,-4.9,-2.7,-7.6,-0.4,,mekelga01,2014
481,Shabazz Muhammad,21,MIN,SG,37,0,290,13.1,0.505,0.089,0.323,8.8,11.2,10.0,3.4,1.4,0.3,10.2,23.1,0.1,0.2,0.3,0.053,-2.2,-2.3,-4.5,-0.2,,muhamsh01,2014
482,Ben Gordon,30,CHA,SG,19,0,279,6.4,0.422,0.269,0.194,1.2,9.8,5.5,12.2,1.9,0.6,15.2,22.9,-0.7,0.3,-0.3,-0.058,-5.8,-0.3,-6.0,-0.3,,gordobe01,2014
483,Tyshawn Taylor,23,BRK,PG,23,3,270,5.4,0.427,0.132,0.33,1.3,5.3,3.3,21.4,2.3,0.3,22.9,23.5,-0.7,0.2,-0.6,-0.098,-6.7,-2.0,-8.7,-0.5,,tayloty01,2014
484,Quincy Pondexter,25,MEM,SG,15,2,270,10.3,0.52,0.43,0.329,4.4,7.0,5.7,11.0,1.0,0.3,14.2,18.0,0.2,0.2,0.4,0.063,-1.0,-1.0,-2.0,0.0,,pondequ01,2014
485,Chris Copeland,29,IND,SF,41,0,265,17.6,0.621,0.675,0.12,3.1,10.1,6.8,12.6,0.6,2.0,10.2,23.7,0.6,0.4,1.0,0.186,4.2,0.3,4.5,0.4,,copelch01,2014
486,Roger Mason,33,MIA,SG,25,2,260,8.2,0.528,0.716,0.104,0.5,9.8,5.3,10.5,1.2,0.3,11.4,14.5,0.1,0.2,0.3,0.055,-1.9,-0.8,-2.7,0.0,,masonro01,2014
487,Isaiah Canaan,22,HOU,PG,22,0,252,9.5,0.506,0.632,0.333,3.3,7.1,5.3,13.2,1.6,1.2,17.4,21.0,0.0,0.2,0.2,0.031,-2.5,-1.5,-4.0,-0.1,,canaais01,2014
488,Daniel Orton,23,PHI,C,22,4,251,10.5,0.54,0.0,0.638,6.6,20.2,13.1,8.5,1.2,5.1,23.0,13.2,0.0,0.2,0.3,0.049,-4.7,0.7,-4.0,-0.1,,ortonda01,2014
489,Shannon Brown,28,2TM,SG,29,1,251,4.7,0.419,0.03,0.318,3.2,9.5,6.4,5.0,2.7,0.0,19.3,17.1,-0.5,0.3,-0.3,-0.05,-6.6,-0.1,-6.8,-0.3,,brownsh01,2014
490,Shannon Brown,28,SAS,SG,10,1,103,-0.5,0.36,0.071,0.321,1.1,12.6,7.1,6.4,0.5,0.0,20.0,17.5,-0.3,0.1,-0.2,-0.102,-8.8,-1.5,-10.3,-0.2,,brownsh01,2014
491,Shannon Brown,28,NYK,SG,19,0,148,8.4,0.462,0.0,0.316,4.6,7.4,6.0,4.1,4.3,0.0,18.8,16.7,-0.2,0.2,0.0,-0.013,-5.2,0.9,-4.3,-0.1,,brownsh01,2014
492,Chris Singleton,24,WAS,SF,25,0,250,8.8,0.481,0.284,0.373,8.2,17.5,12.8,3.5,1.9,1.0,17.9,17.2,-0.2,0.3,0.2,0.033,-3.9,-0.7,-4.6,-0.2,,singlch01,2014
493,Antawn Jamison,37,LAC,PF,22,0,248,7.8,0.408,0.446,0.272,4.2,19.9,12.3,4.1,1.8,0.9,6.4,19.6,-0.3,0.4,0.1,0.019,-4.5,-0.3,-4.7,-0.2,,jamisan01,2014
494,Jorge Gutiérrez,25,BRK,PG,15,2,244,8.7,0.523,0.222,0.222,1.5,9.3,5.4,19.4,2.2,0.3,19.1,14.1,0.1,0.2,0.2,0.048,-4.7,-0.2,-4.9,-0.2,,gutiejo01,2014
495,Jannero Pargo,34,CHA,PG,29,0,242,18.9,0.554,0.508,0.093,0.5,8.9,4.7,40.3,3.0,0.3,17.5,28.4,0.2,0.4,0.5,0.105,2.9,-0.3,2.7,0.3,,pargoja01,2014
496,Gigi Datome,26,DET,SF,34,0,238,8.0,0.409,0.402,0.103,6.1,15.5,10.6,7.0,1.3,0.3,9.8,20.2,-0.2,0.1,-0.1,-0.023,-3.7,-2.3,-6.0,-0.2,,datomlu01,2014
497,James Jones,33,MIA,SF,20,6,236,15.4,0.666,0.794,0.162,1.1,10.8,6.1,5.8,0.7,1.5,5.2,15.6,0.6,0.1,0.7,0.147,4.1,-0.9,3.2,0.3,,jonesja02,2014
498,Carl Landry,30,SAC,PF,18,1,233,11.2,0.563,0.0,0.283,7.2,20.6,13.8,3.4,0.7,0.3,11.8,14.5,0.3,0.1,0.4,0.088,-2.4,-0.7,-3.1,-0.1,,landrca01,2014
499,Solomon Hill,22,IND,SF,28,0,226,7.6,0.545,0.575,0.175,4.7,15.2,10.2,7.9,1.1,0.7,23.2,11.3,0.0,0.4,0.4,0.08,-3.3,0.9,-2.4,0.0,,hillso01,2014
500,Mike Harris,30,UTA,PF,20,0,225,15.3,0.576,0.033,0.443,7.4,9.5,8.4,3.6,3.7,2.4,13.1,17.1,0.3,0.2,0.5,0.116,-1.6,1.9,0.3,0.1,,harrimi01,2014
501,Lorenzo Brown,23,PHI,PG,26,0,224,8.2,0.349,0.349,0.151,3.7,10.0,6.8,27.5,2.8,1.1,14.9,20.4,-0.5,0.2,-0.3,-0.068,-4.5,-0.7,-5.2,-0.2,,brownlo01,2014
502,Peyton Siva,23,DET,SG,24,0,224,5.7,0.425,0.439,0.263,0.9,6.2,3.4,21.0,2.0,0.4,22.1,15.6,-0.2,0.1,-0.2,-0.032,-5.3,-1.1,-6.4,-0.2,,sivape01,2014
503,Mike Muscala,22,ATL,PF,20,0,215,10.8,0.48,0.041,0.192,9.2,18.7,14.0,5.2,0.7,3.7,13.2,19.3,-0.1,0.2,0.2,0.04,-4.5,-1.0,-5.5,-0.2,,muscami01,2014
504,Greg Oden,26,MIA,C,23,6,212,12.4,0.567,0.0,0.469,14.2,17.7,16.0,0.7,1.7,5.3,16.9,16.0,0.2,0.3,0.5,0.119,-5.0,0.2,-4.8,-0.1,,odengr01,2014
505,Dionte Christmas,27,PHO,SF,31,0,198,11.1,0.489,0.5,0.387,7.4,14.1,10.8,5.8,0.5,1.1,7.6,17.4,0.2,0.1,0.3,0.083,-0.5,-1.3,-1.8,0.0,,chrisdi01,2014
506,Hasheem Thabeet,26,OKC,C,23,0,192,2.6,0.536,0.0,0.217,5.6,17.4,11.7,0.7,1.0,3.8,35.7,9.0,-0.2,0.3,0.0,0.012,-8.1,0.7,-7.3,-0.3,,thabeha01,2014
507,Arnett Moultrie,23,PHI,PF,12,2,187,6.7,0.448,0.0,0.132,6.1,14.4,10.1,1.5,2.1,1.7,14.8,10.7,-0.1,0.1,0.0,0.007,-5.9,-1.4,-7.3,-0.3,,moultar01,2014
508,Joel Anthony,31,2TM,C,33,0,186,8.1,0.394,0.0,0.25,9.1,14.6,11.8,1.6,0.8,5.2,7.8,9.3,0.0,0.2,0.2,0.044,-4.2,-0.8,-5.0,-0.1,,anthojo01,2014
509,Joel Anthony,31,MIA,C,12,0,37,8.0,0.436,0.0,0.333,7.1,16.4,11.9,0.0,0.0,9.4,12.7,10.2,0.0,0.0,0.0,0.049,-5.2,-0.3,-5.5,0.0,,anthojo01,2014
510,Joel Anthony,31,BOS,C,21,0,149,8.1,0.384,0.0,0.231,9.6,14.1,11.8,1.9,1.0,4.1,6.5,9.1,0.0,0.1,0.1,0.043,-4.0,-0.9,-4.9,-0.1,,anthojo01,2014
511,Lou Amundson,31,2TM,PF,19,0,185,9.1,0.446,0.0,0.75,17.3,17.2,17.3,4.7,2.5,5.0,24.8,13.9,-0.1,0.2,0.1,0.024,-6.6,0.1,-6.5,-0.2,,amundlo01,2014
512,Lou Amundson,31,NOP,PF,18,0,184,9.2,0.446,0.0,0.75,17.4,17.3,17.4,4.7,2.5,5.0,24.8,14.0,-0.1,0.2,0.1,0.024,-6.7,0.1,-6.5,-0.2,,amundlo01,2014
513,Lou Amundson,31,CHI,PF,1,0,1,0.0,,,,0.0,0.0,0.0,0.0,0.0,0.0,,0.0,0.0,0.0,0.0,0.029,-4.4,-3.9,-8.3,0.0,,amundlo01,2014
514,Victor Claver,25,POR,SF,21,0,184,8.8,0.502,0.429,0.262,5.3,17.4,11.4,9.1,0.8,1.1,19.0,13.7,0.0,0.2,0.2,0.047,-3.2,0.0,-3.2,-0.1,,clavevi01,2014
515,Charlie Villanueva,29,DET,PF,20,0,180,12.7,0.469,0.609,0.152,3.5,17.9,10.3,5.5,1.1,2.2,6.7,25.0,0.0,0.1,0.1,0.034,-0.6,-1.9,-2.4,0.0,,villach01,2014
516,Manny Harris,24,LAL,SG,9,0,180,10.9,0.485,0.286,0.171,4.1,16.0,10.1,9.5,1.1,0.4,10.7,20.4,-0.1,0.1,0.0,0.002,-1.7,-1.7,-3.3,-0.1,,harrima01,2014
517,Kobe Bryant,35,LAL,SG,6,6,177,10.7,0.505,0.219,0.288,1.2,14.5,7.8,34.6,1.9,0.4,29.2,28.7,-0.5,0.1,-0.4,-0.097,-3.1,-2.1,-5.1,-0.1,AS,bryanko01,2014
518,Ian Clark,22,UTA,SG,23,0,172,9.2,0.485,0.463,0.104,1.9,11.1,6.4,14.7,2.4,0.9,16.7,22.4,-0.2,0.1,-0.1,-0.025,-2.9,-0.3,-3.2,-0.1,,clarkia01,2014
519,Jason Collins,35,BRK,C,22,1,172,4.1,0.485,0.125,0.167,4.9,8.3,6.6,3.5,2.4,0.5,21.4,8.9,-0.1,0.1,0.1,0.017,-6.4,-0.3,-6.7,-0.2,,collija04,2014
520,James Nunnally,23,2TM,SF,13,0,165,6.1,0.44,0.543,0.196,0.7,12.4,6.4,7.0,1.8,1.0,12.3,15.1,-0.2,0.1,-0.1,-0.021,-4.3,-1.1,-5.4,-0.1,,nunnaja01,2014
521,James Nunnally,23,ATL,SF,4,0,54,6.2,0.455,0.556,0.222,2.2,14.9,8.6,5.6,0.9,1.5,16.8,20.0,-0.1,0.0,-0.1,-0.055,-3.9,-2.8,-6.6,-0.1,,nunnaja01,2014
522,James Nunnally,23,PHI,SF,9,0,111,6.1,0.43,0.536,0.179,0.0,11.1,5.4,7.7,2.2,0.7,9.0,12.7,-0.1,0.1,0.0,-0.005,-4.5,-0.3,-4.7,-0.1,,nunnaja01,2014
523,Earl Watson,34,POR,PG,24,0,161,2.1,0.47,0.636,0.364,3.4,6.6,5.0,22.0,1.6,0.4,57.1,8.1,-0.2,0.1,-0.1,-0.018,-7.2,0.5,-6.7,-0.2,,watsoea01,2014
524,Jamaal Franklin,22,MEM,SG,21,0,161,4.7,0.489,0.282,0.051,2.9,14.0,8.5,5.4,1.3,1.0,21.6,14.6,-0.2,0.2,0.0,-0.002,-6.0,0.1,-5.9,-0.2,,frankja01,2014
525,Ronnie Brewer,28,2TM,SF,24,3,160,3.4,0.22,0.533,0.133,1.5,7.9,4.9,8.1,1.9,0.5,11.2,4.9,-0.1,0.1,0.0,0.004,-3.8,1.4,-2.4,0.0,,brewero02,2014
526,Ronnie Brewer,28,HOU,SF,23,3,158,3.5,0.22,0.533,0.133,1.5,8.0,4.9,8.2,1.9,0.5,11.2,5.0,-0.1,0.1,0.0,0.004,-3.8,1.5,-2.3,0.0,,brewero02,2014
527,Ronnie Brewer,28,CHI,SF,1,0,2,0.0,,,,0.0,0.0,0.0,0.0,0.0,0.0,,0.0,0.0,0.0,0.0,0.029,-4.4,-3.9,-8.3,0.0,,brewero02,2014
528,John Jenkins,22,ATL,SG,13,0,158,4.7,0.457,0.429,0.095,2.2,13.8,8.1,10.4,0.3,0.5,20.1,15.8,-0.2,0.1,-0.1,-0.043,-4.7,-1.6,-6.3,-0.2,,jenkijo01,2014
529,Sergey Karasev,20,CLE,SF,22,1,156,2.3,0.47,0.543,0.286,0.0,11.8,5.8,5.6,1.0,0.5,21.8,14.4,-0.2,0.1,-0.1,-0.041,-7.5,-0.9,-8.4,-0.3,,karasse01,2014
530,Tornike Shengelia,22,2TM,SF,26,0,154,3.9,0.46,0.214,0.286,3.1,9.2,6.2,14.0,1.0,0.5,27.6,13.2,-0.2,0.1,-0.1,-0.04,-6.2,-1.1,-7.3,-0.2,,shengto01,2014
531,Tornike Shengelia,22,BRK,SF,17,0,137,3.3,0.454,0.25,0.333,3.5,8.7,6.1,13.3,0.8,0.6,28.6,13.2,-0.2,0.0,-0.2,-0.054,-6.3,-1.6,-7.9,-0.2,,shengto01,2014
532,Tornike Shengelia,22,CHI,SF,9,0,17,9.0,0.5,0.0,0.0,0.0,13.2,6.7,19.8,3.1,0.0,20.0,13.6,0.0,0.0,0.0,0.073,-5.7,3.0,-2.7,0.0,,shengto01,2014
533,Austin Daye,25,2TM,SF,22,1,148,11.0,0.456,0.544,0.147,3.9,16.4,10.4,8.2,1.4,2.0,6.5,23.7,-0.1,0.2,0.1,0.047,-2.8,-1.0,-3.8,-0.1,,dayeau01,2014
534,Austin Daye,25,TOR,SF,8,0,33,2.4,0.279,0.615,0.231,7.0,17.8,12.4,9.2,0.0,0.0,0.0,19.7,-0.1,0.0,0.0,-0.067,-6.9,-3.4,-10.3,-0.1,,dayeau01,2014
535,Austin Daye,25,SAS,SF,14,1,115,13.5,0.499,0.527,0.127,3.1,16.0,9.8,7.9,1.8,2.5,7.9,24.8,0.0,0.2,0.2,0.08,-1.6,-0.4,-1.9,0.0,,dayeau01,2014
536,Bernard James,28,DAL,C,30,0,146,8.5,0.503,0.043,0.478,12.0,21.2,16.6,2.8,1.1,4.5,26.4,11.8,0.0,0.2,0.1,0.04,-5.0,0.1,-4.9,-0.1,,jamesbe01,2014
537,Dwight Buycks,24,TOR,PG,14,0,146,7.2,0.414,0.354,0.188,3.2,15.2,9.2,10.6,2.9,0.0,16.1,19.3,-0.2,0.2,0.0,-0.009,-4.4,1.1,-3.4,0.0,,buyckdw01,2014
538,Nemanja Nedović,22,GSW,SG,24,0,142,-1.7,0.306,0.462,0.205,2.3,9.1,5.8,12.1,0.0,0.5,23.4,17.2,-0.5,0.1,-0.4,-0.132,-8.2,-1.9,-10.0,-0.3,,nedovne01,2014
539,Chris Babb,23,BOS,SG,14,0,132,3.7,0.367,0.9,0.0,3.3,11.5,7.3,3.3,2.3,0.0,9.1,11.1,-0.1,0.1,0.0,-0.008,-6.0,-0.1,-6.1,-0.1,,babbch01,2014
540,Chris Wright,25,MIL,SF,8,0,126,16.5,0.577,0.029,0.429,8.8,9.4,9.1,6.9,2.9,3.2,10.7,16.7,0.2,0.1,0.3,0.102,-0.4,0.2,-0.2,0.1,,wrighch01,2014
541,Julyan Stone,25,TOR,SG,21,0,120,6.6,0.491,0.471,0.176,1.9,17.6,9.7,14.5,1.3,0.0,21.4,8.8,0.0,0.1,0.2,0.061,-3.9,1.0,-2.9,0.0,,stoneju01,2014
542,Casper Ware,24,PHI,PG,9,0,116,13.0,0.538,0.5,0.143,0.0,8.7,4.2,13.7,3.3,0.0,10.1,18.1,0.1,0.1,0.2,0.071,-2.6,0.2,-2.4,0.0,,wareca01,2014
543,Jamaal Tinsley,35,UTA,PG,8,5,110,1.9,0.225,0.75,0.0,2.0,9.7,5.8,29.5,1.0,0.0,31.0,12.1,-0.3,0.0,-0.3,-0.122,-6.1,-1.5,-7.6,-0.2,,tinslja01,2014
544,Glen Rice Jr.,23,WAS,SG,11,1,109,6.6,0.399,0.459,0.189,4.2,17.3,10.6,9.3,2.8,0.8,18.3,20.3,-0.3,0.2,-0.1,-0.043,-4.7,1.8,-2.9,0.0,,ricegl02,2014
545,Stephen Jackson,35,LAC,SF,9,0,107,0.1,0.27,0.538,0.154,2.2,8.0,5.2,6.2,2.8,0.7,17.8,13.9,-0.3,0.1,-0.2,-0.099,-7.4,0.9,-6.6,-0.1,,jacksst02,2014
546,Allen Crabbe,21,POR,SG,15,0,100,7.7,0.475,0.424,0.121,1.1,8.5,4.8,8.7,1.0,0.7,7.9,16.5,0.0,0.1,0.1,0.037,-4.6,-1.4,-6.1,-0.1,,crabbal01,2014
547,Greg Smith,23,HOU,C,11,0,100,13.7,0.629,0.0,0.179,13.0,16.8,15.0,0.0,0.5,1.5,14.2,15.4,0.2,0.1,0.2,0.119,-1.2,-1.2,-2.5,0.0,,smithgr02,2014
548,A.J. Price,27,MIN,SG,28,0,99,9.7,0.469,0.478,0.043,1.1,10.2,5.5,21.5,0.5,0.0,13.0,23.2,-0.1,0.0,0.0,-0.012,-2.4,-2.4,-4.8,-0.1,,priceaj01,2014
549,Hilton Armstrong,29,GSW,C,15,1,97,17.0,0.48,0.0,0.842,21.8,31.0,26.5,7.1,2.1,3.1,18.7,14.5,0.1,0.2,0.3,0.162,-0.7,0.5,-0.1,0.0,,armsthi01,2014
550,Shavlik Randolph,30,PHO,PF,14,0,95,7.7,0.531,0.0,0.786,8.3,21.2,14.8,1.4,1.6,0.8,21.0,11.0,0.0,0.1,0.1,0.06,-4.8,-0.2,-4.9,-0.1,,randosh01,2014
551,Ognjen Kuzmić,23,GSW,C,21,0,92,3.4,0.42,0.0,0.846,12.1,12.8,12.5,2.9,1.6,3.3,35.9,13.3,-0.2,0.1,0.0,-0.025,-8.7,-0.2,-8.9,-0.2,,kuzmiog01,2014
552,Solomon Jones,29,ORL,PF,11,0,85,5.8,0.373,0.0,0.235,10.6,10.7,10.7,3.4,1.2,1.8,9.6,11.1,0.0,0.1,0.0,0.013,-5.1,-1.5,-6.6,-0.1,,jonesso01,2014
553,Jared Cunningham,22,2TM,SG,13,0,80,8.5,0.464,0.333,0.762,1.4,7.2,4.3,14.4,1.9,0.0,6.7,16.6,0.1,0.0,0.1,0.075,-5.1,1.1,-4.1,0.0,,cunnija01,2014
554,Jared Cunningham,22,ATL,SG,5,0,22,-1.8,0.347,0.5,1.0,0.0,5.2,2.6,18.8,0.0,0.0,41.0,10.1,-0.1,0.0,-0.1,-0.11,-9.0,-2.4,-11.4,-0.1,,cunnija01,2014
555,Jared Cunningham,22,SAC,SG,8,0,58,12.4,0.477,0.316,0.737,1.9,7.9,4.9,12.7,2.6,0.0,0.0,19.1,0.1,0.0,0.2,0.145,-3.7,2.4,-1.3,0.0,,cunnija01,2014
556,Tony Mitchell,21,DET,PF,21,0,79,18.1,0.54,0.083,1.583,19.7,16.0,18.0,3.4,3.8,3.0,16.4,13.2,0.1,0.1,0.2,0.151,0.5,-0.1,0.4,0.0,,mitchto02,2014
557,JaVale McGee,26,DEN,C,5,5,79,10.2,0.455,0.0,0.026,13.6,9.6,11.6,4.4,0.6,6.5,17.2,25.0,-0.1,0.1,-0.1,-0.039,-6.3,-0.1,-6.5,-0.1,,mcgeeja01,2014
558,Mike James,38,CHI,PG,11,0,77,1.5,0.251,0.238,0.095,0.0,10.2,5.2,34.1,1.4,0.0,18.6,16.1,-0.2,0.1,-0.1,-0.073,-8.9,-1.3,-10.2,-0.1,,jamesmi01,2014
559,Troy Daniels,22,HOU,SG,5,1,75,16.0,0.677,0.806,0.0,0.0,5.6,3.0,11.4,0.0,0.0,8.8,19.9,0.2,0.0,0.2,0.15,3.7,-3.3,0.4,0.0,,danietr01,2014
560,Hamady N'Diaye,27,SAC,C,14,0,74,2.9,0.318,0.0,0.111,7.5,20.1,13.7,5.6,0.0,4.4,24.1,7.4,-0.1,0.1,0.0,-0.008,-8.1,0.3,-7.8,-0.1,,ndiayha01,2014
561,Justin Hamilton,23,2TM,C,8,0,72,11.9,0.586,0.45,0.25,7.2,5.0,6.1,0.0,3.6,0.0,15.3,17.4,0.1,0.1,0.1,0.089,-2.5,-1.3,-3.8,0.0,,hamilju01,2014
562,Justin Hamilton,23,CHA,C,1,0,4,0.0,,,,0.0,0.0,0.0,0.0,13.0,0.0,100.0,11.5,0.0,0.0,0.0,-0.19,-14.1,5.8,-8.3,0.0,,hamilju01,2014
563,Justin Hamilton,23,MIA,C,7,0,68,12.6,0.586,0.45,0.25,7.7,5.3,6.5,0.0,3.1,0.0,11.9,17.7,0.1,0.1,0.1,0.105,-1.8,-1.7,-3.5,0.0,,hamilju01,2014
564,Malcolm Thomas,25,2TM,PF,8,0,63,4.6,0.444,0.25,0.125,9.0,28.9,19.0,5.1,0.0,3.5,34.8,18.7,-0.2,0.1,-0.2,-0.132,-7.1,-1.9,-9.1,-0.1,,thomama01,2014
565,Malcolm Thomas,25,SAS,PF,1,0,15,6.6,0.205,0.0,0.5,7.8,57.8,33.8,0.0,0.0,9.6,17.0,17.7,-0.1,0.0,0.0,-0.107,-8.3,1.0,-7.4,0.0,,thomama01,2014
566,Malcolm Thomas,25,UTA,PF,7,0,48,4.0,0.542,0.333,0.0,9.3,19.8,14.4,6.7,0.0,1.6,40.0,19.1,-0.2,0.0,-0.1,-0.14,-6.8,-2.9,-9.6,-0.1,,thomama01,2014
567,Erik Murphy,23,CHI,C,24,0,62,0.2,0.231,0.231,0.0,3.7,10.8,7.3,4.9,0.0,5.0,13.3,11.2,-0.2,0.1,-0.1,-0.055,-9.0,0.3,-8.6,-0.1,,murpher01,2014
568,Viacheslav Kravtsov,26,PHO,C,20,0,59,10.5,0.54,0.0,0.533,17.2,15.2,16.2,2.5,0.0,1.3,24.5,18.3,0.0,0.0,0.0,0.027,-3.8,-3.0,-6.9,-0.1,,kravtvi01,2014
569,Keith Bogans,33,BOS,SG,6,0,55,9.9,0.82,1.0,0.5,0.0,6.4,3.1,7.7,0.9,0.0,12.0,6.7,0.1,0.0,0.1,0.121,-1.4,-0.6,-2.0,0.0,,boganke01,2014
570,Damion James,26,SAS,SF,5,1,50,4.1,0.304,0.222,0.222,2.4,23.8,13.5,7.5,0.0,1.4,9.2,9.8,-0.1,0.1,0.0,0.01,-4.9,0.2,-4.7,0.0,,jamesda01,2014
571,Othyus Jeffers,28,2TM,SG,6,1,47,6.9,0.58,0.333,0.667,2.5,18.7,10.7,2.8,0.0,0.0,11.4,8.3,0.0,0.0,0.1,0.082,-2.9,-0.3,-3.2,0.0,,jeffeot01,2014
572,Othyus Jeffers,28,SAS,SG,4,1,34,8.9,0.595,0.2,0.4,3.5,15.9,9.9,3.9,0.0,0.0,0.0,7.8,0.1,0.0,0.1,0.121,-0.9,0.0,-0.9,0.0,,jeffeot01,2014
573,Othyus Jeffers,28,MIN,SG,2,0,13,1.7,0.532,1.0,2.0,0.0,25.8,12.6,0.0,0.0,0.0,34.7,9.4,0.0,0.0,0.0,-0.02,-8.2,-1.0,-9.2,0.0,,jeffeot01,2014
574,Andris Biedriņš,27,UTA,C,6,0,45,2.4,0.412,0.0,6.0,5.0,39.7,21.8,0.0,0.0,0.0,35.5,5.7,-0.1,0.0,0.0,-0.033,-6.2,-2.0,-8.2,-0.1,,biedran01,2014
575,Lance Thomas,25,NOP,SF,5,0,42,0.5,0.279,0.0,0.444,5.4,14.0,9.7,9.7,0.0,0.0,15.7,13.8,-0.1,0.0,-0.1,-0.117,-6.5,-3.0,-9.6,-0.1,,thomala01,2014
576,Carrick Felix,23,CLE,SG,7,0,38,13.3,0.603,0.357,0.286,2.9,15.1,8.9,18.2,0.0,0.0,20.2,23.2,0.0,0.0,0.0,0.057,-1.3,-2.2,-3.4,0.0,,felixca01,2014
577,Adonis Thomas,20,2TM,SF,6,1,37,7.3,0.485,0.357,0.071,0.0,9.2,4.6,13.4,0.0,0.0,6.5,18.5,0.0,0.0,0.0,0.001,-4.2,-2.0,-6.2,0.0,,thomaad01,2014
578,Adonis Thomas,20,ORL,SF,4,0,24,5.8,0.371,0.333,0.111,0.0,14.2,7.1,13.2,0.0,0.0,0.0,17.9,0.0,0.0,0.0,-0.031,-4.7,-1.7,-6.4,0.0,,thomaad01,2014
579,Adonis Thomas,20,PHI,SF,2,1,13,10.1,0.7,0.4,0.0,0.0,0.0,0.0,13.9,0.0,0.0,16.7,19.5,0.0,0.0,0.0,0.06,-3.4,-2.5,-5.9,0.0,,thomaad01,2014
580,Robert Covington,23,HOU,SF,7,0,34,15.0,0.571,0.786,0.0,6.9,9.3,8.2,0.0,2.9,0.0,6.7,19.3,0.1,0.0,0.1,0.122,1.5,-0.8,0.7,0.0,,covinro01,2014
581,Ryan Gomes,31,OKC,SF,5,0,34,0.2,0.375,0.25,0.0,0.0,12.7,6.6,4.1,0.0,0.0,11.1,11.7,-0.1,0.0,0.0,-0.039,-7.5,-1.3,-8.8,-0.1,,gomesry01,2014
582,Ricky Ledo,21,DAL,SG,11,0,33,12.7,0.506,0.471,0.235,0.0,7.0,3.5,9.5,1.6,0.0,9.6,28.6,0.0,0.0,0.0,0.024,-1.4,-2.5,-3.9,0.0,,ledori01,2014
583,James Southerland,23,2TM,SF,4,0,30,11.8,0.441,0.4,0.133,0.0,31.5,15.5,0.0,1.7,5.6,5.9,25.6,-0.1,0.0,0.0,-0.023,-2.3,-0.4,-2.7,0.0,,southja01,2014
584,James Southerland,23,CHA,SF,1,0,3,-40.6,0.0,0.333,0.0,0.0,0.0,0.0,0.0,0.0,0.0,0.0,46.2,-0.1,0.0,-0.1,-1.119,-31.4,-15.6,-47.0,0.0,,southja01,2014
585,James Southerland,23,NOP,SF,3,0,27,17.7,0.543,0.417,0.167,0.0,34.9,17.2,0.0,1.9,6.2,7.2,23.4,0.0,0.0,0.1,0.098,0.9,1.3,2.2,0.0,,southja01,2014
586,Arinze Onuaku,26,2TM,PF,5,0,30,3.8,0.255,0.0,0.4,7.6,23.5,15.4,13.5,0.0,0.0,14.5,10.4,0.0,0.0,0.0,-0.044,-4.0,-1.2,-5.2,0.0,,onuakar01,2014
587,Arinze Onuaku,26,NOP,PF,3,0,25,5.6,0.307,0.0,0.5,9.2,23.6,16.3,16.2,0.0,0.0,17.0,10.7,0.0,0.0,0.0,-0.016,-3.1,-0.5,-3.6,0.0,,onuakar01,2014
588,Arinze Onuaku,26,CLE,PF,2,0,5,-5.3,0.0,0.0,0.0,0.0,23.0,11.2,0.0,0.0,0.0,0.0,8.9,0.0,0.0,0.0,-0.179,-8.7,-4.4,-13.1,0.0,,onuakar01,2014
589,Melvin Ely,35,NOP,C,2,0,27,3.9,0.5,0.0,0.0,0.0,4.4,2.2,0.0,0.0,3.1,0.0,10.1,0.0,0.0,0.0,0.011,-7.5,-2.8,-10.3,-0.1,,elyme01,2014
590,Josh Childress,30,NOP,SF,4,0,24,3.9,,,,0.0,14.7,7.3,10.7,2.2,0.0,100.0,1.9,0.0,0.0,0.0,-0.003,-4.1,0.9,-3.3,0.0,,childjo01,2014
591,Josh Powell,31,HOU,PF,1,0,19,2.5,0.333,0.0,0.0,0.0,27.7,14.6,0.0,0.0,3.9,14.3,16.1,-0.1,0.0,0.0,-0.094,-8.8,-2.6,-11.4,0.0,,poweljo01,2014
592,Reggie Williams,27,OKC,SF,3,0,17,16.4,0.611,0.333,0.0,0.0,0.0,0.0,11.5,3.0,0.0,18.2,28.7,0.0,0.0,0.0,0.034,-0.9,-1.5,-2.4,0.0,,willire02,2014
593,Vander Blue,21,BOS,SG,3,0,15,0.5,0.403,0.25,1.25,0.0,23.4,11.4,10.7,0.0,0.0,24.4,24.3,-0.1,0.0,-0.1,-0.214,-10.0,-3.8,-13.8,0.0,,blueva01,2014
594,Darius Johnson-Odom,24,PHI,SG,3,0,15,-23.0,0.0,0.429,0.286,0.0,15.0,7.2,8.5,3.2,0.0,20.2,27.9,-0.2,0.0,-0.2,-0.661,-23.0,-4.4,-27.3,-0.1,,johnsda03,2014
595,D.J. Stephens,23,MIL,SG,3,0,15,16.1,0.47,0.0,0.143,7.4,31.6,19.1,0.0,0.0,0.0,0.0,22.4,0.0,0.0,0.0,0.067,2.2,-0.5,1.7,0.0,,stephdj01,2014
596,Seth Curry,23,2TM,PG,2,0,13,13.8,0.5,0.333,0.0,0.0,8.8,4.3,0.0,7.9,0.0,0.0,10.3,0.0,0.0,0.0,0.131,-2.5,7.1,4.7,0.0,,curryse01,2014
597,Seth Curry,23,MEM,PG,1,0,4,0.0,,,,0.0,0.0,0.0,0.0,0.0,0.0,,0.0,0.0,0.0,0.0,0.006,-7.3,0.7,-6.6,0.0,,curryse01,2014
598,Seth Curry,23,CLE,PG,1,0,9,19.9,0.5,0.333,0.0,0.0,12.8,6.2,0.0,11.5,0.0,0.0,14.9,0.0,0.0,0.0,0.187,-0.3,10.0,9.7,0.0,,curryse01,2014
599,Shane Edwards,26,CLE,SF,2,0,12,-1.0,0.333,0.0,0.0,9.1,9.6,9.3,0.0,0.0,0.0,25.0,14.9,0.0,0.0,0.0,-0.141,-8.7,-4.6,-13.3,0.0,,edwarsh01,2014
600,Mustafa Shakur,29,OKC,PG,3,0,11,-8.8,0.129,0.333,0.667,0.0,0.0,0.0,45.1,0.0,0.0,34.0,23.7,-0.1,0.0,-0.1,-0.347,-12.0,-6.6,-18.6,0.0,,shakumu01,2014
601,Elias Harris,24,LAL,SF,2,0,11,7.6,0.0,0.0,0.0,9.7,0.0,4.9,11.4,4.4,0.0,0.0,4.0,0.0,0.0,0.0,0.018,-0.6,0.9,0.3,0.0,,harriel01,2014
602,Tony Mitchell,24,MIL,SF,3,0,10,30.9,0.6,0.2,0.0,11.1,0.0,5.7,22.6,5.2,0.0,0.0,22.6,0.0,0.0,0.1,0.242,9.0,1.7,10.6,0.0,,mitchto03,2014
603,Sasha Vujačić,29,LAC,SG,2,0,10,1.5,0.5,0.4,0.0,0.0,32.2,16.7,0.0,5.0,0.0,37.5,35.3,-0.1,0.0,-0.1,-0.289,-12.3,-0.1,-12.4,0.0,,vujacsa01,2014
604,D.J. White,27,CHA,PF,2,0,10,2.4,0.0,0.0,0.0,0.0,22.7,11.3,0.0,5.2,0.0,0.0,4.6,0.0,0.0,0.0,0.004,-8.2,2.6,-5.6,0.0,,whitedj01,2014
605,Royce White,22,SAC,PF,3,0,9,-8.3,0.0,0.0,0.0,0.0,0.0,0.0,0.0,0.0,0.0,0.0,4.9,0.0,0.0,0.0,-0.121,-12.5,-4.5,-16.9,0.0,,whitero03,2014
606,Maalik Wayns,22,LAC,PG,2,0,9,19.3,0.5,0.0,0.0,0.0,23.9,12.3,31.7,11.1,0.0,0.0,9.8,0.0,0.0,0.1,0.313,-8.7,13.4,4.8,0.0,,waynsma01,2014
607,Scotty Hopson,24,CLE,SG,2,0,7,-6.5,0.102,0.5,0.5,0.0,0.0,0.0,18.8,7.4,0.0,0.0,31.1,-0.1,0.0,-0.1,-0.412,-17.4,-3.3,-20.7,0.0,,hopsosc01,2014
608,Royal Ivey,32,OKC,SG,2,0,5,-16.5,0.0,0.5,0.0,0.0,21.5,11.3,0.0,0.0,0.0,0.0,17.7,0.0,0.0,0.0,-0.362,-21.7,-6.1,-27.7,0.0,,iveyro01,2014
609,Dexter Pittman,25,ATL,C,2,0,3,13.1,0.0,0.0,2.0,100.0,0.0,57.9,0.0,0.0,0.0,0.0,28.5,0.0,0.0,0.0,-0.18,1.8,-26.1,-24.3,0.0,,pittmde01,2014
610,Chris Smith,26,NYK,PG,2,0,2,0.0,,,,0.0,0.0,0.0,0.0,0.0,0.0,,0.0,0.0,0.0,0.0,-0.02,-6.1,-3.6,-9.7,0.0,,smithch05,2014
611,DeAndre Liggins,25,MIA,SG,1,0,1,129.1,1.0,0.0,0.0,100.0,0.0,62.8,0.0,0.0,0.0,0.0,47.8,0.0,0.0,0.0,2.123,42.1,-0.6,41.5,0.0,,liggide01,2014
