Rk,Player,Age,Team,Pos,G,GS,MP,PER,TS%,3PAr,FTr,ORB%,DRB%,TRB%,AST%,STL%,BLK%,TOV%,USG%,OWS,DWS,WS,WS/48,OBPM,DBPM,BPM,VORP,Awards,Player-additional,Year
1,Mikal Bridges,28,NYK,SF,56,56,2134,13.3,0.575,0.429,0.075,2.8,6.7,4.8,12.1,1.2,1.3,9.1,19.1,2.3,1.0,3.3,0.075,0.3,-1.4,-1.1,0.5,,bridgmi01,2023
2,Anthony Edwards,23,MIN,SG,55,55,2022,19.3,0.584,0.486,0.284,2.4,14.9,8.7,21.0,1.6,1.7,12.7,31.9,2.4,2.7,5.1,0.121,4.0,-0.2,3.8,3.0,,edwaran01,2023
3,Josh Hart,29,NYK,SG,53,53,2003,17.9,0.644,0.324,0.276,6.9,22.1,14.6,19.9,2.0,0.9,14.7,15.3,4.9,2.3,7.2,0.173,2.1,1.3,3.4,2.7,,hartjo01,2023
4,Jalen Brunson,28,NYK,PG,55,55,1931,22.3,0.608,0.317,0.379,1.4,7.8,4.7,32.6,1.3,0.2,10.2,29.4,6.6,0.9,7.4,0.185,4.9,-1.8,3.1,2.5,,brunsja01,2023
5,Jayson Tatum,26,BOS,PF,53,53,1926,22.0,0.589,0.506,0.32,1.7,24.2,13.0,25.5,1.6,1.3,10.8,30.6,4.1,3.2,7.3,0.182,4.6,0.9,5.5,3.7,,tatumja01,2023
6,Domantas Sabonis,28,SAC,C,53,53,1911,23.3,0.667,0.179,0.329,12.6,32.1,22.3,26.1,0.8,1.1,16.6,21.5,6.3,2.1,8.3,0.209,4.5,0.8,5.3,3.5,,sabondo01,2023
7,De'Aaron Fox,27,2TM,PG,52,52,1909,19.2,0.571,0.321,0.286,2.8,12.0,7.4,26.9,2.0,1.1,11.6,28.4,2.9,1.5,4.4,0.112,2.0,-0.8,1.2,1.5,,foxde01,2023
8,De'Aaron Fox,27,SAC,PG,45,45,1663,18.9,0.567,0.324,0.279,3.0,12.0,7.5,25.9,1.9,1.2,11.8,28.7,2.3,1.3,3.6,0.104,2.0,-1.0,1.1,1.3,,foxde01,2023
9,De'Aaron Fox,27,SAS,PG,7,7,246,21.2,0.598,0.299,0.342,1.3,11.9,6.7,33.6,2.9,0.7,10.0,26.0,0.6,0.3,0.9,0.168,1.8,0.3,2.1,0.3,,foxde01,2023
10,Jalen Green,22,HOU,SG,57,57,1902,15.0,0.549,0.462,0.231,1.8,12.1,6.8,14.7,1.2,0.9,11.5,27.3,1.4,2.2,3.5,0.09,1.3,-0.8,0.5,1.2,,greenja05,2023
11,Trae Young,26,ATL,PG,52,52,1884,17.6,0.561,0.486,0.396,1.4,8.1,4.7,46.8,1.6,0.5,18.5,29.5,2.3,1.0,3.3,0.084,2.7,-2.6,0.1,1.0,,youngtr01,2023
12,Devin Booker,28,PHO,SG,50,50,1863,20.1,0.592,0.407,0.382,2.9,8.7,5.9,29.4,1.4,0.6,10.9,29.2,4.5,0.5,5.0,0.13,3.1,-2.0,1.1,1.5,,bookede01,2023
13,Tyler Herro,25,MIA,SG,52,52,1854,19.2,0.608,0.545,0.234,1.1,15.4,8.4,26.8,1.1,0.4,12.0,27.8,3.1,1.7,4.8,0.124,3.9,-1.0,2.9,2.3,,herroty01,2023
14,Keegan Murray,24,SAC,PF,53,53,1853,11.3,0.539,0.525,0.099,6.6,15.6,11.1,5.5,1.1,2.4,7.5,14.7,1.3,1.4,2.8,0.072,-1.4,-1.0,-2.4,-0.2,,murrake02,2023
15,Christian Braun,23,DEN,SG,56,54,1847,15.8,0.656,0.261,0.281,4.5,11.8,8.3,8.7,1.6,1.4,7.7,15.7,4.2,1.4,5.6,0.145,0.5,-0.5,0.0,0.9,,braunch01,2023
16,Kelly Oubre Jr.,29,PHI,SF,53,50,1843,13.3,0.543,0.333,0.233,5.2,16.5,10.6,8.0,2.2,1.4,9.0,18.7,1.0,1.6,2.6,0.066,-1.9,-0.5,-2.4,-0.1,,oubreke01,2023
17,Shai Gilgeous-Alexander,26,OKC,PG,54,54,1836,30.9,0.638,0.266,0.409,2.8,12.9,7.9,30.6,2.7,3.1,9.1,34.7,8.4,3.8,12.2,0.318,8.7,3.1,11.7,6.4,,gilgesh01,2023
18,Nikola Jokić,29,DEN,C,51,51,1834,33.1,0.664,0.237,0.315,9.8,27.9,19.3,44.8,2.4,1.6,12.5,29.7,9.8,2.8,12.6,0.329,10.6,3.4,14.0,7.4,,jokicni01,2023
19,DeMar DeRozan,35,SAC,SF,51,51,1833,17.8,0.582,0.179,0.335,1.6,10.3,5.9,15.9,1.3,1.2,6.6,24.1,3.8,1.1,4.8,0.126,0.9,-1.0,-0.1,0.9,,derozde01,2023
20,Rudy Gobert,32,MIN,C,55,55,1831,16.9,0.676,0.0,0.547,11.9,22.6,17.3,7.9,1.0,4.3,14.4,12.3,4.1,3.0,7.1,0.185,-0.1,1.3,1.2,1.5,,goberru01,2023
21,Tyrese Maxey,24,PHI,PG,48,48,1825,20.9,0.576,0.447,0.269,0.8,10.2,5.3,28.7,2.4,1.1,9.4,30.5,3.4,1.3,4.6,0.122,4.0,-0.9,3.0,2.3,,maxeyty01,2023
22,Jaden McDaniels,24,MIN,PF,57,57,1822,12.6,0.559,0.396,0.157,5.3,13.9,9.6,8.3,2.2,2.5,10.0,15.7,1.4,2.8,4.2,0.111,-1.7,1.6,-0.1,0.9,,mcdanja02,2023
23,Cade Cunningham,23,DET,PG,51,51,1807,20.2,0.554,0.303,0.237,2.7,16.7,9.7,44.0,1.3,2.0,16.1,32.6,2.2,2.0,4.2,0.111,3.7,-0.2,3.5,2.5,,cunnica01,2023
24,OG Anunoby,27,NYK,PF,50,50,1804,14.1,0.588,0.45,0.19,4.1,10.4,7.3,7.4,1.9,2.2,8.8,18.0,2.2,1.5,3.7,0.099,0.0,-0.4,-0.4,0.7,,anunoog01,2023
25,Tyrese Haliburton,24,IND,PG,53,53,1801,19.6,0.591,0.569,0.213,2.0,9.7,5.9,35.1,1.8,1.8,10.6,21.6,4.7,1.3,6.0,0.159,4.3,-0.5,3.8,2.7,,halibty01,2023
26,Nikola Vučević,34,CHI,C,56,56,1799,20.1,0.614,0.312,0.146,7.7,25.5,16.7,16.6,1.3,1.8,9.9,22.5,3.6,1.8,5.3,0.142,2.1,-0.3,1.9,1.8,,vucevni01,2023
27,Jamal Murray,27,DEN,PG,50,50,1799,17.7,0.582,0.355,0.212,1.9,9.4,5.9,23.3,1.9,1.4,10.8,24.0,3.3,1.3,4.6,0.123,1.6,-0.9,0.7,1.2,,murraja01,2023
28,Michael Porter Jr.,26,DEN,SF,54,54,1790,17.1,0.628,0.461,0.19,6.2,15.3,11.0,8.9,0.9,1.2,8.4,20.6,3.7,1.2,4.9,0.131,2.3,-1.8,0.5,1.1,,portemi01,2023
29,Pascal Siakam,30,IND,PF,54,54,1789,20.1,0.614,0.278,0.266,5.9,18.3,12.2,15.5,1.4,1.3,7.0,23.6,4.4,1.5,5.9,0.159,2.8,-0.6,2.2,1.9,,siakapa01,2023
30,James Harden,35,LAC,PG,52,52,1788,18.6,0.565,0.514,0.432,2.1,16.6,9.4,37.7,2.1,1.9,19.1,29.6,1.6,2.8,4.4,0.118,2.5,0.7,3.1,2.3,,hardeja01,2023
31,Karl-Anthony Towns,29,NYK,C,51,51,1782,24.9,0.641,0.286,0.34,10.2,33.2,21.9,14.4,1.5,2.0,11.9,27.2,5.4,2.5,8.0,0.215,4.4,0.0,4.4,2.9,,townska01,2023
32,Toumani Camara,24,POR,PF,55,55,1779,12.0,0.571,0.484,0.178,7.6,12.7,10.1,9.0,2.2,1.8,14.0,13.8,1.5,1.6,3.1,0.083,-1.3,0.5,-0.8,0.5,,camarto01,2023
33,Derrick White,30,BOS,SG,53,53,1776,16.0,0.602,0.706,0.173,2.9,11.1,7.0,18.2,1.2,3.0,10.8,19.5,3.3,2.2,5.5,0.15,2.4,0.5,2.9,2.2,,whitede01,2023
34,Bam Adebayo,27,MIA,C,52,52,1771,17.9,0.541,0.189,0.3,8.4,23.7,16.2,20.9,1.8,2.2,12.4,23.0,1.7,2.6,4.3,0.117,0.2,0.9,1.1,1.4,,adebaba01,2023
35,LeBron James,40,LAL,SF,51,51,1764,23.4,0.608,0.315,0.245,3.0,21.8,12.7,43.8,1.3,1.6,16.1,30.7,3.7,2.0,5.7,0.156,5.3,0.7,6.0,3.6,,jamesle01,2023
36,Dillon Brooks,29,HOU,SF,54,54,1741,10.2,0.54,0.518,0.146,3.8,9.1,6.4,7.0,1.2,0.6,7.5,17.1,1.6,1.8,3.4,0.094,-1.8,-0.2,-2.0,0.0,,brookdi01,2023
37,Amen Thompson,22,HOU,SF,54,27,1735,18.2,0.603,0.132,0.405,8.7,18.5,13.4,15.5,2.1,3.6,15.3,17.5,2.9,3.1,6.0,0.166,1.1,2.3,3.4,2.3,,thompam01,2023
38,Austin Reaves,26,LAL,SG,50,50,1734,17.4,0.597,0.511,0.35,2.8,11.0,7.0,26.1,1.6,0.8,13.4,23.5,3.2,1.4,4.7,0.129,1.9,-0.6,1.3,1.4,,reaveau01,2023
39,Dyson Daniels,21,ATL,SG,51,51,1732,14.7,0.525,0.273,0.159,5.2,12.6,8.8,16.5,4.1,2.1,12.1,18.0,0.6,2.5,3.1,0.085,-1.7,2.6,0.9,1.2,,daniedy01,2023
40,Tobias Harris,32,DET,PF,54,54,1722,13.7,0.56,0.336,0.2,3.2,17.3,10.3,9.9,1.4,2.5,8.2,17.6,1.8,2.0,3.8,0.105,-0.7,0.4,-0.3,0.7,,harrito02,2023
41,Brook Lopez,36,MIL,C,54,54,1712,14.0,0.601,0.522,0.159,4.3,11.8,8.2,7.5,1.1,5.8,9.0,15.6,1.9,2.0,3.9,0.111,0.0,0.5,0.4,1.0,,lopezbr01,2023
42,Anfernee Simons,25,POR,SG,53,53,1709,14.8,0.558,0.527,0.179,1.0,8.4,4.6,24.5,1.2,0.3,11.3,24.4,2.1,0.6,2.7,0.076,1.5,-1.9,-0.4,0.7,,simonan01,2023
43,Bilal Coulibaly,20,WAS,SF,51,51,1703,10.9,0.513,0.367,0.3,4.6,11.4,7.9,15.3,1.8,1.9,14.7,17.5,-0.3,0.6,0.3,0.01,-2.9,-0.7,-3.6,-0.7,,coulibi01,2023
44,Ivica Zubac,27,LAC,C,53,53,1694,21.3,0.622,0.0,0.25,13.4,30.7,22.1,12.2,1.3,3.7,12.1,18.9,3.7,3.2,6.9,0.196,1.5,0.8,2.3,1.9,,zubaciv01,2023
45,Jalen Williams,23,OKC,SG,52,52,1690,19.8,0.561,0.289,0.229,2.9,15.1,9.1,23.4,2.6,2.2,10.7,27.3,2.3,3.5,5.8,0.166,2.2,1.8,4.0,2.6,,willija06,2023
46,Zach LaVine,29,2TM,SF,49,49,1689,17.8,0.626,0.434,0.26,0.9,13.0,7.0,20.6,1.3,0.6,13.2,26.3,2.2,0.9,3.1,0.088,2.1,-1.5,0.6,1.1,,lavinza01,2023
47,Zach LaVine,29,CHI,SF,42,42,1432,18.5,0.637,0.43,0.256,0.9,13.7,7.4,21.0,1.3,0.6,13.3,26.6,2.1,0.8,2.9,0.096,2.7,-1.3,1.3,1.2,,lavinza01,2023
48,Zach LaVine,29,SAC,SG,7,7,257,13.4,0.554,0.465,0.281,0.9,9.1,4.9,18.4,1.3,0.4,12.9,24.3,0.1,0.1,0.3,0.047,-1.3,-2.2,-3.6,-0.1,,lavinza01,2023
49,Alperen Şengün,22,HOU,C,54,54,1686,21.5,0.536,0.095,0.348,11.0,25.2,17.9,25.1,1.8,2.1,12.2,26.6,2.7,3.1,5.8,0.166,2.7,1.8,4.5,2.7,,sengual01,2023
50,Kentavious Caldwell-Pope,31,ORL,SG,55,55,1667,9.1,0.542,0.627,0.185,1.4,7.0,4.0,8.5,2.4,1.5,9.5,12.6,0.6,2.3,2.9,0.083,-3.7,1.6,-2.1,0.0,,caldwke01,2023
51,Donovan Mitchell,28,CLE,SG,53,53,1652,21.4,0.588,0.495,0.229,2.6,12.2,7.6,22.8,2.1,0.6,9.0,30.6,3.8,2.1,5.9,0.172,4.3,-0.1,4.1,2.6,,mitchdo01,2023
52,Jaylen Brown,28,BOS,SF,47,47,1651,17.9,0.552,0.325,0.287,4.5,14.1,9.3,22.1,1.7,0.7,11.4,29.0,1.9,2.1,4.0,0.117,0.5,-0.5,0.0,0.8,,brownja02,2023
53,Kyrie Irving,32,DAL,SG,45,45,1646,20.0,0.6,0.382,0.225,3.5,10.3,7.0,20.6,1.7,0.9,9.9,26.9,3.7,1.3,5.0,0.145,4.0,-0.5,3.5,2.3,,irvinky01,2023
54,Damian Lillard,34,MIL,PG,45,45,1638,21.8,0.62,0.52,0.399,1.7,12.0,7.0,31.5,1.6,0.5,12.7,28.1,4.6,1.5,6.2,0.181,4.7,-0.9,3.8,2.4,,lillada01,2023
55,Coby White,24,CHI,SG,50,50,1635,13.6,0.579,0.571,0.231,1.1,9.4,5.3,20.4,1.3,0.6,13.1,23.0,1.2,0.7,1.9,0.055,-0.5,-1.8,-2.3,-0.1,,whiteco01,2023
56,Bennedict Mathurin,22,IND,SF,52,44,1631,13.9,0.589,0.339,0.341,4.5,15.5,10.0,8.4,0.9,1.1,11.6,22.0,1.3,1.0,2.3,0.069,-1.0,-1.8,-2.8,-0.3,,mathube01,2023
57,Darius Garland,25,CLE,PG,54,54,1625,21.5,0.626,0.448,0.232,2.1,6.9,4.6,32.4,1.9,0.6,12.7,27.6,5.1,1.6,6.7,0.198,5.0,-0.8,4.3,2.6,,garlada01,2023
58,Carlton Carrington,19,WAS,PG,55,39,1618,8.8,0.527,0.565,0.106,1.4,12.8,7.0,18.9,1.2,0.6,15.1,14.3,0.1,0.2,0.3,0.01,-3.4,-1.1,-4.6,-1.1,,carrica01,2023
59,Tyus Jones,28,PHO,PG,55,54,1613,13.9,0.573,0.558,0.099,2.2,7.0,4.7,28.6,1.5,0.4,12.5,16.2,2.6,0.4,3.0,0.09,0.8,-1.4,-0.6,0.6,,jonesty01,2023
60,Jaren Jackson Jr.,25,MEM,C,54,54,1605,20.6,0.593,0.315,0.353,5.0,16.1,10.7,11.1,2.0,5.1,10.4,28.8,2.7,2.6,5.3,0.159,2.0,1.0,3.0,2.0,,jacksja02,2023
61,Jarrett Allen,26,CLE,C,56,56,1604,22.3,0.728,0.007,0.416,10.7,28.2,19.7,9.3,1.5,3.0,11.1,15.6,5.5,2.9,8.4,0.251,3.2,1.2,4.3,2.6,,allenja01,2023
62,Fred VanVleet,30,HOU,PG,45,45,1596,13.5,0.521,0.595,0.174,1.9,9.9,5.8,22.7,2.2,1.1,10.0,18.1,2.0,2.1,4.1,0.125,0.1,1.3,1.4,1.4,,vanvlfr01,2023
63,Kevin Durant,36,PHO,PF,43,43,1572,22.0,0.643,0.317,0.327,1.2,16.5,9.1,20.2,1.1,3.4,12.4,29.2,3.0,1.1,4.1,0.124,4.2,-0.5,3.7,2.3,,duranke01,2023
64,Chris Paul,39,SAS,PG,54,54,1565,15.4,0.573,0.652,0.191,1.6,12.7,7.3,36.9,2.2,0.6,16.0,14.0,3.3,1.3,4.6,0.14,0.5,0.7,1.2,1.3,,paulch01,2023
65,Malik Monk,26,SAC,SG,48,35,1564,15.6,0.553,0.459,0.192,1.4,11.3,6.4,26.0,1.5,1.9,12.2,24.1,1.6,1.1,2.7,0.083,0.6,-0.8,-0.2,0.7,,monkma01,2023
66,Julius Randle,30,MIN,PF,48,48,1564,17.2,0.578,0.328,0.37,7.3,16.9,12.2,21.8,1.1,0.7,14.8,25.4,2.2,1.9,4.1,0.127,1.2,-0.3,0.9,1.2,,randlju01,2023
67,Rui Hachimura,26,LAL,PF,48,48,1548,13.8,0.615,0.405,0.199,5.3,12.8,9.2,6.7,1.3,1.3,7.6,16.1,2.3,1.3,3.6,0.111,-0.2,-0.7,-0.9,0.4,,hachiru01,2023
68,Deni Avdija,24,POR,SF,54,36,1547,16.0,0.591,0.413,0.432,4.4,19.7,11.9,18.2,1.7,1.7,16.4,21.9,1.6,1.5,3.1,0.097,0.4,0.3,0.7,1.1,,avdijde01,2023
69,Malik Beasley,28,DET,SG,56,12,1540,15.5,0.599,0.717,0.124,2.3,8.9,5.6,9.4,1.7,0.1,7.1,22.8,2.3,1.3,3.6,0.112,2.5,-1.0,1.5,1.3,,beaslma01,2023
70,Payton Pritchard,27,BOS,PG,55,0,1538,17.8,0.639,0.74,0.105,5.1,9.5,7.3,18.5,1.5,0.6,8.3,18.7,4.4,1.7,6.1,0.189,3.5,0.2,3.7,2.2,,pritcpa01,2023
71,Josh Giddey,22,CHI,PG,53,53,1535,16.2,0.551,0.375,0.224,6.2,19.9,13.1,30.8,1.8,1.8,18.9,20.5,1.4,1.5,2.8,0.088,0.7,0.6,1.3,1.3,,giddejo01,2023
72,Victor Wembanyama,21,SAS,C,46,46,1527,24.3,0.594,0.47,0.221,5.8,29.1,17.6,18.7,1.6,10.2,13.7,30.4,1.2,3.0,4.2,0.131,3.6,2.9,6.5,3.3,,wembavi01,2023
73,Stephen Curry,36,GSW,PG,47,47,1514,20.1,0.599,0.625,0.207,1.8,13.4,7.4,31.0,1.6,1.4,12.8,29.1,2.8,1.6,4.4,0.139,5.7,-0.5,5.2,2.8,,curryst01,2023
74,Norman Powell,31,LAC,SG,45,45,1511,19.4,0.633,0.462,0.289,1.3,10.5,5.9,11.1,1.9,0.5,9.7,27.2,2.9,1.9,4.8,0.152,3.1,-0.1,2.9,1.9,,powelno01,2023
75,Jordan Poole,25,WAS,SG,48,48,1506,15.7,0.571,0.574,0.272,1.6,9.2,5.4,25.7,2.1,1.4,15.4,28.8,0.4,0.5,0.9,0.029,1.1,-1.6,-0.6,0.5,,poolejo01,2023
76,Harrison Barnes,32,SAS,PF,54,54,1505,13.9,0.632,0.48,0.31,5.5,10.2,7.9,8.8,0.6,0.6,5.9,14.9,3.2,0.5,3.7,0.118,1.0,-1.6,-0.6,0.5,,barneha02,2023
77,Naz Reid,25,MIN,C,56,9,1502,17.4,0.608,0.491,0.166,4.4,18.8,11.7,12.2,1.4,3.2,9.2,21.4,2.5,2.3,4.8,0.154,2.0,1.2,3.2,2.0,,reidna01,2023
78,Evan Mobley,23,CLE,PF,50,50,1496,23.1,0.646,0.223,0.328,8.4,24.6,16.7,14.2,1.4,4.7,11.7,23.1,4.1,2.7,6.8,0.218,3.3,1.6,4.8,2.6,,mobleev01,2023
79,Jalen Wilson,24,BRK,PF,55,15,1495,8.7,0.526,0.556,0.232,4.5,10.7,7.5,10.5,1.0,0.2,11.5,16.1,0.3,0.8,1.1,0.035,-3.1,-1.2,-4.3,-0.9,,wilsoja03,2023
80,Scottie Barnes,23,TOR,PF,43,43,1491,17.7,0.526,0.292,0.274,4.7,20.2,12.4,28.0,2.0,3.2,13.5,26.7,0.5,1.6,2.1,0.069,1.5,0.8,2.3,1.6,,barnesc01,2023
81,Luguentz Dort,25,OKC,SF,51,51,1477,11.5,0.582,0.678,0.096,5.2,10.1,7.6,7.1,1.8,2.2,7.5,13.5,1.9,2.5,4.4,0.142,-0.8,0.9,0.2,0.8,,dortlu01,2023
82,Giannis Antetokounmpo,30,MIL,PF,43,43,1474,29.8,0.621,0.039,0.518,7.2,29.3,18.6,33.4,1.0,3.5,12.3,36.4,4.0,2.4,6.4,0.208,6.0,2.0,8.0,3.7,,antetgi01,2023
83,Tim Hardaway Jr.,32,DET,SG,52,52,1471,9.2,0.568,0.671,0.221,0.8,8.2,4.5,7.6,0.8,0.3,7.1,14.9,1.3,0.8,2.1,0.07,-1.6,-1.1,-2.7,-0.2,,hardati02,2023
84,Anthony Davis,31,2TM,PF,43,43,1471,27.4,0.602,0.124,0.421,9.7,29.2,19.8,17.4,1.8,5.9,9.3,30.3,3.9,2.7,6.6,0.214,4.7,1.5,6.2,3.1,,davisan02,2023
85,Anthony Davis,31,LAL,C,42,42,1440,27.1,0.601,0.124,0.423,9.6,29.0,19.6,16.9,1.8,5.8,9.4,30.3,3.7,2.6,6.3,0.211,4.5,1.4,5.9,2.9,,davisan02,2023
86,Anthony Davis,31,DAL,PF,1,1,31,38.8,0.63,0.111,0.333,14.4,40.8,27.9,40.8,0.0,8.4,4.6,29.8,0.2,0.1,0.3,0.392,15.4,4.5,19.9,0.2,,davisan02,2023
87,Dennis Schröder,31,3TM,PG,51,41,1467,12.5,0.533,0.456,0.208,1.0,9.0,4.9,29.1,1.7,0.5,14.5,22.7,0.6,1.1,1.7,0.057,-1.6,-1.1,-2.7,-0.3,,schrode01,2023
88,Dennis Schröder,31,BRK,PG,23,23,772,16.3,0.588,0.462,0.249,0.6,9.9,5.1,33.4,1.7,0.5,14.1,23.9,1.2,0.5,1.7,0.105,1.1,-1.1,0.0,0.4,,schrode01,2023
89,Dennis Schröder,31,GSW,SG,24,18,628,8.5,0.474,0.458,0.155,1.6,8.1,4.7,23.9,1.9,0.5,15.2,21.1,-0.5,0.6,0.1,0.007,-4.6,-0.8,-5.3,-0.5,,schrode01,2023
90,Dennis Schröder,31,DET,PG,4,0,67,6.3,0.411,0.379,0.207,0.0,8.2,4.1,27.7,0.7,0.0,13.6,23.1,-0.1,0.0,-0.1,-0.038,-5.9,-3.6,-9.5,-0.1,,schrode01,2023
91,Shaedon Sharpe,21,POR,SG,49,31,1460,13.8,0.548,0.433,0.209,2.6,11.2,6.8,13.6,1.3,0.8,10.7,24.6,0.7,0.8,1.5,0.048,-0.3,-1.7,-2.0,0.0,,sharpsh01,2023
92,Gradey Dick,21,TOR,SG,49,49,1450,11.4,0.547,0.498,0.243,3.1,9.9,6.4,8.9,1.5,0.7,10.3,21.8,0.3,0.6,1.0,0.033,-1.6,-1.7,-3.3,-0.5,,dickgr01,2023
93,Keyonte George,21,UTA,PG,46,32,1450,13.6,0.548,0.559,0.304,1.4,11.4,6.5,28.6,1.1,0.5,15.6,24.2,1.1,0.1,1.2,0.041,0.5,-2.4,-1.9,0.0,,georgke01,2023
94,Myles Turner,28,IND,C,47,47,1440,14.9,0.593,0.456,0.266,4.8,19.3,12.1,6.9,1.3,5.7,12.9,20.7,0.6,1.7,2.3,0.076,-0.9,0.1,-0.8,0.4,,turnemy01,2023
95,Jaylen Wells,21,MEM,SG,56,51,1438,11.5,0.581,0.551,0.201,4.6,8.4,6.6,8.1,1.1,0.4,8.6,16.4,2.0,1.1,3.1,0.104,-0.5,-0.9,-1.4,0.2,,wellsja01,2023
96,P.J. Washington,26,DAL,PF,44,43,1436,14.3,0.545,0.363,0.286,5.5,21.3,13.6,9.9,1.8,2.8,12.2,19.8,0.7,1.9,2.5,0.085,-0.8,0.5,-0.2,0.6,,washipj01,2023
97,Yves Missi,20,NOP,C,53,47,1432,14.7,0.568,0.003,0.399,13.3,19.0,16.1,7.1,0.9,5.2,13.9,13.5,1.7,0.7,2.4,0.082,-2.1,-1.3,-3.4,-0.5,,missiyv01,2023
98,RJ Barrett,24,TOR,SF,43,43,1431,17.2,0.556,0.304,0.31,3.1,18.3,10.7,27.5,1.3,0.9,13.0,28.7,0.8,1.0,1.8,0.061,1.5,-0.8,0.7,1.0,,barrerj01,2023
99,Josh Green,24,CHO,SG,50,49,1428,8.2,0.572,0.576,0.162,3.3,7.1,5.2,7.3,1.9,0.8,12.9,11.5,0.6,1.0,1.6,0.055,-4.2,0.3,-3.9,-0.7,,greenjo02,2023
100,Trey Murphy III,24,NOP,SF,40,38,1426,18.7,0.611,0.521,0.291,2.5,13.7,7.9,16.4,1.6,1.8,8.7,23.7,3.0,0.4,3.4,0.116,3.1,-1.3,1.8,1.4,,murphtr02,2023
101,Nickeil Alexander-Walker,26,MIN,SG,57,9,1413,10.8,0.581,0.611,0.138,2.8,11.1,7.0,14.5,1.1,1.2,14.1,15.7,1.1,1.5,2.6,0.087,-1.2,0.2,-1.0,0.4,,alexani01,2023
102,Taurean Prince,30,MIL,SF,54,47,1412,10.0,0.625,0.654,0.09,2.2,13.0,7.8,10.0,1.5,0.5,14.1,12.5,1.1,1.3,2.4,0.082,-1.7,-0.1,-1.8,0.1,,princta02,2023
103,Guerschon Yabusele,29,PHI,C,53,27,1404,15.1,0.63,0.487,0.23,8.0,17.0,12.3,11.1,1.6,1.6,13.0,16.4,2.3,1.0,3.3,0.114,0.3,-0.7,-0.4,0.6,,yabusgu01,2023
104,CJ McCollum,33,NOP,PG,42,42,1403,16.6,0.56,0.448,0.187,2.1,10.4,6.1,19.2,1.1,1.5,8.2,27.5,1.4,0.0,1.4,0.049,1.8,-2.7,-0.9,0.4,,mccolcj01,2023
105,Andrew Wiggins,29,2TM,SF,46,46,1403,16.2,0.561,0.423,0.307,5.3,11.2,8.1,12.1,1.5,2.4,8.0,23.4,1.8,1.4,3.2,0.11,1.3,-0.5,0.8,1.0,,wiggian01,2023
106,Andrew Wiggins,29,GSW,SF,43,43,1296,16.5,0.566,0.422,0.304,5.2,11.2,8.1,12.0,1.5,2.4,7.7,23.4,1.8,1.3,3.1,0.116,1.5,-0.6,0.9,1.0,,wiggian01,2023
107,Andrew Wiggins,29,MIA,SF,3,3,107,12.4,0.494,0.442,0.349,6.2,11.0,8.6,12.7,1.9,1.8,10.8,23.0,0.0,0.1,0.1,0.037,-1.2,0.1,-1.1,0.0,,wiggian01,2023
108,Max Christie,21,2TM,SG,53,27,1393,11.7,0.613,0.542,0.305,2.6,9.9,6.3,8.7,1.5,1.7,11.3,14.7,1.5,1.1,2.7,0.091,-1.2,-0.1,-1.3,0.2,,chrisma02,2023
109,Max Christie,21,LAL,SG,46,25,1154,10.6,0.598,0.566,0.302,2.5,9.3,6.0,7.7,1.5,1.7,10.7,13.9,1.0,0.9,1.9,0.081,-1.8,-0.1,-1.9,0.0,,chrisma02,2023
110,Max Christie,21,DAL,SG,7,2,239,16.8,0.667,0.456,0.316,2.8,12.8,7.9,13.7,1.6,1.5,13.5,18.6,0.5,0.2,0.7,0.141,1.6,-0.2,1.5,0.2,,chrisma02,2023
111,Spencer Dinwiddie,31,DAL,PG,55,19,1390,12.9,0.56,0.502,0.352,0.9,9.2,5.1,20.0,1.6,0.7,11.4,17.6,1.8,1.0,2.8,0.096,-0.8,-0.3,-1.1,0.3,,dinwisp01,2023
112,Jakob Poeltl,29,TOR,C,45,44,1389,19.2,0.624,0.004,0.255,12.2,23.7,17.9,14.0,1.8,4.0,14.6,18.2,2.4,1.7,4.1,0.14,0.2,0.9,1.1,1.1,,poeltja01,2023
113,Jerami Grant,30,POR,PF,43,43,1389,11.0,0.521,0.501,0.283,1.9,9.7,5.8,10.0,1.3,2.9,9.3,19.6,0.5,0.9,1.3,0.046,-1.3,-0.5,-1.8,0.1,,grantje01,2023
114,Ochai Agbaji,24,TOR,SG,50,37,1382,12.0,0.606,0.477,0.104,3.5,11.4,7.4,8.1,1.5,1.9,8.4,14.2,1.4,0.8,2.2,0.077,-0.5,-0.1,-0.6,0.5,,agbajoc01,2023
115,Desmond Bane,26,MEM,SG,45,44,1380,17.7,0.608,0.415,0.19,3.0,16.7,10.0,24.3,1.8,1.3,14.7,22.8,2.5,1.8,4.3,0.15,2.5,0.8,3.3,1.9,,banede01,2023
116,Lauri Markkanen,27,UTA,PF,43,43,1379,16.2,0.574,0.564,0.278,5.7,15.2,10.5,7.7,1.2,1.1,7.5,23.8,2.2,0.4,2.6,0.089,2.1,-2.1,0.0,0.7,,markkla01,2023
117,Russell Westbrook,36,DEN,PG,50,27,1377,15.5,0.55,0.34,0.3,5.8,13.8,10.0,29.8,2.5,1.5,20.8,22.8,0.6,1.5,2.1,0.074,0.0,0.1,0.1,0.7,,westbru01,2023
118,Amir Coffey,27,LAC,SG,53,12,1375,11.3,0.623,0.49,0.246,2.1,8.1,5.2,6.0,1.0,0.5,8.1,15.1,1.9,1.3,3.2,0.112,-1.4,-0.3,-1.7,0.1,,coffeam01,2023
119,Ayo Dosunmu,25,CHI,SG,45,26,1371,12.9,0.586,0.425,0.175,2.0,9.8,5.9,20.8,1.4,1.1,12.5,16.5,1.6,0.7,2.3,0.081,-1.5,-0.5,-2.0,0.0,,dosunay01,2023
120,Jalen Duren,21,DET,C,53,53,1364,21.0,0.708,0.0,0.393,15.6,28.5,22.1,14.4,1.3,4.3,19.2,15.8,3.7,2.2,5.9,0.207,1.1,1.4,2.5,1.6,,durenja01,2023
121,Terry Rozier,30,MIA,PG,48,21,1356,11.3,0.514,0.472,0.17,3.0,12.6,7.8,15.3,1.0,1.0,10.4,20.7,-0.1,1.1,1.1,0.037,-2.1,-1.2,-3.3,-0.4,,roziete01,2023
122,Jrue Holiday,34,BOS,PG,45,45,1350,13.0,0.565,0.559,0.147,3.9,11.6,7.8,16.7,1.6,1.3,12.0,15.9,1.7,1.7,3.4,0.121,-0.5,0.7,0.2,0.8,,holidjr01,2023
123,Stephon Castle,20,SAS,PG,53,29,1342,12.2,0.512,0.346,0.32,3.6,8.8,6.2,20.3,1.8,0.9,13.3,24.3,-0.3,0.8,0.5,0.018,-2.4,-1.4,-3.8,-0.6,,castlst01,2023
124,Walker Kessler,23,UTA,C,44,44,1340,20.6,0.707,0.02,0.395,16.7,26.6,21.7,7.6,0.9,7.4,16.2,13.0,3.2,1.4,4.6,0.164,1.5,0.6,2.1,1.4,,kesslwa01,2023
125,Corey Kispert,25,WAS,SF,50,0,1336,11.3,0.589,0.583,0.131,2.6,9.5,6.0,9.3,0.9,0.7,9.7,17.4,1.0,0.0,0.9,0.033,-1.3,-2.2,-3.5,-0.5,,kispeco01,2023
126,Klay Thompson,34,DAL,SF,49,49,1335,13.1,0.558,0.645,0.07,2.5,11.1,6.9,10.7,1.4,1.5,9.8,21.5,0.7,1.0,1.7,0.06,1.0,-1.1,-0.1,0.6,,thompkl01,2023
127,Tristan Da Silva,23,ORL,SF,54,35,1329,10.3,0.536,0.5,0.139,5.1,12.8,8.7,10.4,1.0,0.9,10.2,15.0,0.7,1.5,2.2,0.079,-1.9,-0.3,-2.2,-0.1,,dasiltr01,2023
128,Anthony Black,21,ORL,PG,54,9,1326,10.8,0.512,0.302,0.357,2.8,10.2,6.2,20.6,2.1,2.1,16.8,18.9,-0.4,1.9,1.5,0.054,-3.5,0.9,-2.6,-0.2,,blackan01,2023
129,Derrick Jones Jr.,27,LAC,SF,53,48,1326,13.3,0.599,0.343,0.17,6.0,9.9,8.0,5.0,2.2,1.4,9.7,16.4,1.4,1.8,3.2,0.117,-1.3,0.7,-0.6,0.5,,jonesde02,2023
130,Buddy Hield,32,GSW,SG,56,22,1322,11.9,0.553,0.685,0.081,2.4,13.0,7.5,10.4,1.8,1.2,10.0,20.8,0.2,1.4,1.7,0.06,-1.0,-0.5,-1.5,0.2,,hieldbu01,2023
131,Julian Champagnie,23,SAS,SF,54,26,1313,11.7,0.577,0.732,0.13,3.4,13.5,8.5,7.0,1.6,1.6,10.1,16.7,0.6,1.0,1.7,0.062,-0.8,-0.6,-1.4,0.2,,champju02,2023
132,Nic Claxton,25,BRK,C,49,41,1313,16.3,0.551,0.035,0.286,9.1,23.8,16.2,12.3,1.8,5.7,12.0,17.2,0.9,1.9,2.9,0.104,-1.3,1.6,0.2,0.7,,claxtni01,2023
133,Collin Sexton,26,UTA,SG,46,44,1313,16.7,0.6,0.338,0.288,4.1,6.9,5.5,23.8,1.1,0.3,14.2,26.2,2.3,-0.1,2.2,0.08,1.9,-2.4,-0.5,0.5,,sextoco01,2023
134,Miles Bridges,26,CHO,PF,41,41,1312,18.0,0.543,0.409,0.226,3.6,22.7,12.9,20.6,1.3,2.0,9.6,27.1,1.2,1.5,2.7,0.098,2.3,-0.2,2.1,1.4,,bridgmi02,2023
135,Cameron Johnson,28,BRK,PF,41,41,1307,18.5,0.65,0.575,0.287,2.8,12.4,7.4,15.8,1.3,1.5,10.0,22.5,3.1,1.0,4.0,0.148,3.9,-0.3,3.6,1.8,,johnsca02,2023
136,Royce O'Neale,31,PHO,SF,50,17,1300,12.8,0.587,0.738,0.059,3.5,17.3,10.6,11.5,1.9,1.8,10.4,15.7,1.1,1.1,2.1,0.078,0.0,0.0,0.0,0.7,,onealro01,2023
137,Scoot Henderson,20,POR,PG,49,9,1295,13.7,0.556,0.422,0.319,2.8,9.4,6.1,29.4,2.1,0.8,18.7,21.8,0.8,0.9,1.7,0.064,-0.7,-0.6,-1.3,0.2,,hendesc01,2023
138,Kyshawn George,21,WAS,SG,49,19,1290,7.9,0.489,0.676,0.169,3.1,13.2,8.1,11.7,1.6,2.2,13.6,15.0,-0.7,0.5,-0.2,-0.006,-4.2,-0.7,-4.9,-1.0,,georgky01,2023
139,Jalen Johnson,23,ATL,SF,36,36,1284,17.3,0.569,0.26,0.232,5.0,25.7,15.0,21.1,2.0,2.6,15.1,22.4,0.8,1.7,2.4,0.091,0.3,1.3,1.6,1.2,,johnsja05,2023
140,Cason Wallace,21,OKC,SG,47,32,1281,11.5,0.529,0.437,0.057,4.4,9.0,6.7,11.2,3.1,2.1,9.4,11.9,1.0,2.6,3.6,0.133,-2.1,2.9,0.8,0.9,,wallaca01,2023
141,Julian Strawther,22,DEN,SG,57,4,1276,9.9,0.565,0.561,0.171,1.5,9.3,5.6,7.7,1.4,1.0,9.6,17.7,0.7,0.8,1.4,0.054,-2.8,-1.5,-4.3,-0.7,,strawju01,2023
142,Quentin Grimes,24,2TM,SG,53,15,1272,14.0,0.597,0.544,0.221,3.5,15.1,9.4,13.9,1.5,0.9,12.7,18.6,1.5,1.1,2.5,0.095,0.5,-0.4,0.1,0.7,,grimequ01,2023
143,Quentin Grimes,24,DAL,SG,47,12,1070,13.4,0.599,0.551,0.222,3.1,14.7,9.1,13.1,1.5,0.8,13.2,18.4,1.1,0.9,2.0,0.092,0.2,-0.3,-0.1,0.5,,grimequ01,2023
144,Quentin Grimes,24,PHI,SG,6,3,202,16.7,0.586,0.514,0.216,5.5,17.4,11.2,17.9,1.5,1.5,10.0,19.7,0.3,0.1,0.5,0.114,2.3,-0.7,1.6,0.2,,grimequ01,2023
145,Keon Johnson,22,BRK,SG,54,34,1268,9.7,0.477,0.506,0.157,3.6,14.2,8.7,13.2,2.0,1.6,10.6,21.9,-1.1,1.3,0.1,0.004,-3.7,-0.2,-3.9,-0.6,,johnske07,2023
146,Bradley Beal,31,PHO,SG,39,24,1268,15.4,0.602,0.374,0.2,2.6,9.3,6.1,17.0,1.7,1.7,12.3,22.6,1.3,0.6,1.9,0.07,0.0,-1.0,-1.0,0.3,,bealbr01,2023
147,Franz Wagner,23,ORL,SF,38,38,1261,22.1,0.569,0.32,0.301,3.3,17.3,9.9,28.9,2.1,1.3,9.4,31.9,2.2,2.0,4.2,0.159,4.0,1.0,5.0,2.2,,wagnefr01,2023
148,Gary Trent Jr.,26,MIL,SG,50,7,1256,11.0,0.587,0.651,0.111,1.0,8.9,5.1,6.5,1.9,0.2,6.4,16.2,0.9,1.1,2.0,0.078,-1.8,-0.3,-2.1,0.0,,trentga02,2023
149,Onyeka Okongwu,24,ATL,C,49,15,1255,19.0,0.627,0.191,0.334,11.5,22.5,16.8,12.0,1.5,3.2,9.7,17.1,3.0,1.4,4.4,0.169,0.8,0.5,1.3,1.0,,okongon01,2023
150,Duncan Robinson,30,MIA,SF,51,30,1230,11.6,0.576,0.721,0.087,1.2,9.1,5.2,16.5,1.1,0.4,10.5,19.2,0.8,0.9,1.7,0.067,-1.0,-1.1,-2.1,0.0,,robindu01,2023
151,Aaron Wiggins,26,OKC,SG,55,19,1212,16.0,0.605,0.469,0.11,5.2,12.5,8.9,10.3,1.7,1.2,8.7,19.0,2.0,2.1,4.1,0.162,1.3,0.2,1.5,1.1,,wiggiaa01,2023
152,Keon Ellis,25,SAC,SG,54,11,1212,13.8,0.657,0.695,0.193,3.9,8.8,6.3,7.3,3.0,3.3,12.2,13.2,1.7,1.4,3.1,0.121,0.3,1.6,1.9,1.2,,elliske01,2023
153,Davion Mitchell,26,2TM,PG,48,26,1209,8.1,0.543,0.48,0.149,1.5,6.7,4.1,23.4,1.4,0.7,22.1,13.2,0.1,0.5,0.6,0.023,-3.6,-0.5,-4.2,-0.7,,mitchda01,2023
154,Davion Mitchell,26,TOR,PG,44,22,1080,8.0,0.536,0.48,0.152,1.6,7.0,4.3,24.6,1.4,0.7,23.1,13.3,0.1,0.4,0.4,0.019,-3.7,-0.6,-4.4,-0.7,,mitchda01,2023
155,Davion Mitchell,26,MIA,PG,4,4,129,9.2,0.595,0.484,0.129,0.9,4.2,2.5,13.4,1.5,0.7,13.2,13.0,0.1,0.1,0.2,0.063,-2.7,0.2,-2.5,0.0,,mitchda01,2023
156,Deandre Ayton,26,POR,C,40,40,1206,17.8,0.583,0.068,0.128,11.1,26.0,18.4,8.6,1.3,3.0,12.2,19.6,1.3,1.4,2.7,0.108,-0.2,-0.7,-0.9,0.3,,aytonde01,2023
157,Mike Conley,37,MIN,PG,48,42,1203,13.1,0.542,0.665,0.208,2.2,9.4,5.9,25.3,2.4,0.7,12.6,14.9,1.8,1.5,3.3,0.133,-0.5,1.4,0.9,0.9,,conlemi01,2023
158,Draymond Green,34,GSW,PF,42,40,1196,12.3,0.534,0.495,0.297,3.7,18.6,10.8,26.7,2.1,3.7,23.7,15.2,0.2,1.8,2.0,0.082,-2.1,2.6,0.5,0.8,,greendr01,2023
159,Paul George,34,PHI,PF,37,37,1194,14.8,0.544,0.473,0.175,1.9,17.5,9.4,21.3,2.7,1.4,14.3,23.7,0.0,1.2,1.2,0.049,-0.4,0.2,-0.2,0.5,,georgpa01,2023
160,Keldon Johnson,25,SAS,SF,51,0,1191,14.3,0.559,0.37,0.263,6.1,14.1,10.2,9.3,1.1,0.8,7.5,21.1,1.2,0.7,2.0,0.079,-0.6,-1.5,-2.1,0.0,,johnske04,2023
161,Santi Aldama,24,MEM,PF,48,11,1185,17.9,0.588,0.468,0.144,7.2,21.3,14.4,14.6,1.4,2.1,8.6,19.0,2.4,1.7,4.1,0.165,3.1,0.7,3.8,1.7,,aldamsa01,2023
162,Devin Vassell,24,SAS,SG,39,28,1184,13.0,0.533,0.455,0.144,2.1,9.8,6.0,13.9,1.9,1.4,9.1,22.6,0.1,0.9,0.9,0.038,-1.2,-0.9,-2.1,0.0,,vassede01,2023
163,Patrick Williams,23,CHI,PF,45,35,1179,8.8,0.494,0.522,0.168,3.0,12.9,8.0,10.3,1.3,2.0,12.6,16.9,-0.7,0.7,0.0,0.0,-3.1,-0.9,-4.1,-0.6,,willipa01,2023
164,D'Angelo Russell,28,2TM,PG,46,24,1172,14.6,0.535,0.545,0.224,1.4,11.0,6.2,30.8,1.9,1.4,13.7,24.1,0.8,1.0,1.8,0.074,0.4,-0.4,0.0,0.6,,russeda01,2023
165,D'Angelo Russell,28,LAL,PG,29,10,763,13.0,0.537,0.54,0.17,1.2,10.4,5.9,25.9,1.5,0.5,13.0,22.1,0.4,0.6,1.0,0.061,-0.6,-1.1,-1.7,0.1,,russeda01,2023
166,D'Angelo Russell,28,BRK,PG,17,14,409,17.7,0.533,0.552,0.309,1.6,12.2,6.7,40.0,2.6,3.2,14.7,27.8,0.4,0.5,0.8,0.098,2.2,0.8,3.1,0.5,,russeda01,2023
167,Zaccharie Risacher,19,ATL,SF,49,47,1166,11.4,0.522,0.415,0.212,5.7,10.3,7.9,7.4,1.5,1.8,8.8,20.6,0.1,0.8,0.9,0.036,-2.5,-1.6,-4.1,-0.6,,risacza01,2023
168,Al Horford,38,BOS,C,44,29,1165,11.6,0.547,0.71,0.057,4.6,17.9,11.2,9.4,1.0,3.0,8.8,13.2,1.0,1.7,2.7,0.111,-0.5,0.9,0.5,0.7,,horfoal01,2023
169,Georges Niang,31,2TM,PF,55,2,1164,11.5,0.618,0.643,0.093,3.6,15.7,9.8,8.4,0.9,0.7,11.0,16.5,1.3,1.2,2.5,0.104,-1.0,-0.5,-1.5,0.2,,niangge01,2023
170,Georges Niang,31,CLE,PF,51,1,1053,11.1,0.617,0.647,0.083,3.6,15.5,9.8,8.1,0.8,0.6,11.7,16.5,1.1,1.1,2.2,0.1,-1.1,-0.6,-1.7,0.1,,niangge01,2023
171,Georges Niang,31,ATL,PF,4,1,111,15.3,0.63,0.615,0.179,2.8,17.0,9.7,11.3,1.7,1.7,4.5,16.2,0.2,0.1,0.3,0.148,0.6,0.2,0.8,0.1,,niangge01,2023
172,Haywood Highsmith,28,MIA,SF,49,39,1163,9.9,0.589,0.59,0.112,3.8,10.2,7.1,7.4,1.9,2.5,11.8,11.3,0.7,1.3,2.0,0.082,-2.8,0.9,-1.9,0.0,,highsha01,2023
173,Bobby Portis,29,MIL,PF,46,7,1160,17.6,0.538,0.296,0.12,7.9,26.7,17.7,13.6,1.3,2.0,8.7,24.1,0.8,1.7,2.5,0.104,0.5,-0.6,-0.1,0.6,,portibo01,2023
174,De'Andre Hunter,27,2TM,SF,41,5,1160,15.7,0.622,0.508,0.348,2.4,12.2,7.2,7.6,1.3,0.5,9.2,23.7,1.8,0.7,2.6,0.106,1.0,-1.3,-0.4,0.5,,huntede01,2023
175,De'Andre Hunter,27,ATL,SF,37,4,1064,15.8,0.616,0.502,0.358,2.6,12.3,7.3,8.1,1.4,0.4,9.4,24.1,1.6,0.6,2.3,0.103,0.9,-1.4,-0.6,0.4,,huntede01,2023
176,De'Andre Hunter,27,CLE,SF,4,1,96,14.4,0.696,0.583,0.222,0.0,11.0,5.7,2.8,1.0,0.9,7.1,18.8,0.2,0.1,0.3,0.139,1.9,0.1,2.0,0.1,,huntede01,2023
177,Peyton Watson,22,DEN,SF,48,12,1158,11.9,0.568,0.316,0.34,3.9,11.3,7.8,7.5,1.7,4.5,11.2,14.0,0.9,1.1,2.0,0.084,-1.6,0.5,-1.2,0.3,,watsope01,2023
178,Alex Sarr,19,WAS,C,43,43,1155,12.6,0.48,0.427,0.198,6.8,19.2,12.9,12.5,1.2,5.3,10.3,21.0,-0.7,0.8,0.1,0.004,-2.4,-0.7,-3.1,-0.3,,sarral01,2023
179,Isaiah Collier,20,UTA,PG,48,23,1150,8.3,0.467,0.33,0.18,1.8,12.2,7.1,35.3,1.7,0.8,27.7,18.2,-1.2,0.3,-0.9,-0.038,-4.3,-1.7,-6.0,-1.2,,colliis01,2023
180,Wendell Carter Jr.,25,ORL,C,45,28,1144,13.8,0.537,0.313,0.406,8.5,25.7,16.6,12.9,1.6,1.8,11.1,15.8,1.1,1.9,3.0,0.127,-2.2,1.1,-1.1,0.3,,cartewe01,2023
181,Nikola Jović,21,MIA,PF,45,10,1140,13.8,0.592,0.558,0.233,2.5,14.3,8.5,17.3,1.7,1.1,12.7,18.3,1.2,1.2,2.4,0.101,-0.4,0.4,0.0,0.6,,jovicni01,2023
182,Scotty Pippen Jr.,24,MEM,PG,56,16,1137,15.1,0.562,0.368,0.296,4.1,12.6,8.4,27.7,2.7,1.6,17.6,19.5,1.4,1.6,3.0,0.127,-0.6,1.6,1.0,0.9,,pippesc02,2023
183,LaMelo Ball,23,CHO,PG,35,35,1133,20.6,0.542,0.526,0.233,2.8,14.2,8.3,42.8,2.0,1.0,12.3,36.7,1.2,1.1,2.2,0.095,4.9,-0.4,4.5,1.9,,ballla01,2023
184,Grayson Allen,29,PHO,SG,45,3,1131,14.0,0.631,0.742,0.218,2.7,11.5,7.3,12.1,1.9,1.1,10.8,16.9,1.6,0.6,2.2,0.095,0.9,-0.8,0.2,0.6,,allengr01,2023
185,John Collins,27,UTA,PF,37,28,1131,18.8,0.631,0.272,0.323,7.7,21.0,14.4,11.1,1.6,3.3,15.3,23.6,1.7,0.8,2.5,0.106,1.4,-0.4,1.0,0.8,,collijo01,2023
186,Daniel Gafford,26,DAL,C,51,28,1115,24.7,0.716,0.0,0.478,13.9,20.0,17.0,10.1,0.9,7.5,12.2,19.1,4.1,1.6,5.6,0.241,2.7,1.3,4.0,1.7,,gaffoda01,2023
187,Kris Dunn,30,LAC,PG,48,32,1102,11.1,0.503,0.511,0.051,4.2,12.8,8.5,17.1,3.7,1.5,15.7,13.0,0.2,2.0,2.2,0.098,-3.2,3.5,0.3,0.6,,dunnkr01,2023
188,Goga Bitadze,25,ORL,C,47,41,1098,19.6,0.637,0.074,0.331,12.1,27.6,19.4,14.3,1.7,7.1,15.9,14.7,2.0,2.4,4.4,0.191,-0.1,2.9,2.8,1.3,,bitadgo01,2023
189,Dorian Finney-Smith,31,2TM,PF,40,26,1095,10.8,0.616,0.698,0.116,5.2,11.2,8.2,7.3,1.7,1.3,11.6,12.8,1.0,0.9,2.0,0.086,-1.1,0.1,-1.0,0.3,,finnedo01,2023
190,Dorian Finney-Smith,31,BRK,PF,20,20,579,12.4,0.613,0.679,0.151,6.0,12.3,9.0,8.2,1.6,2.1,9.6,14.2,0.7,0.5,1.2,0.1,0.0,0.1,0.1,0.3,,finnedo01,2023
191,Dorian Finney-Smith,31,LAL,PF,20,6,516,9.0,0.62,0.725,0.064,4.3,10.0,7.2,6.4,1.8,0.4,14.5,11.2,0.3,0.4,0.7,0.07,-2.3,0.2,-2.1,0.0,,finnedo01,2023
192,Brandin Podziemski,21,GSW,SG,43,12,1094,13.5,0.531,0.484,0.176,3.9,15.9,9.7,19.8,2.1,0.7,10.4,17.2,1.0,1.3,2.3,0.103,-1.2,1.0,-0.2,0.5,,podzibr01,2023
193,Naji Marshall,27,DAL,SF,44,14,1093,14.9,0.595,0.33,0.197,4.3,12.8,8.7,14.6,1.9,0.5,12.5,18.7,1.4,0.9,2.3,0.103,-0.1,0.1,-0.1,0.5,,marshna01,2023
194,Javonte Green,31,NOP,SG,50,18,1092,10.9,0.569,0.482,0.295,4.7,13.2,8.8,5.5,2.4,2.6,10.0,10.8,0.8,0.6,1.4,0.062,-2.5,0.2,-2.2,-0.1,,greenja02,2023
195,Kyle Kuzma,29,2TM,PF,38,35,1092,10.6,0.492,0.358,0.239,3.2,19.4,11.3,14.0,1.0,0.7,13.2,26.2,-1.8,0.5,-1.3,-0.056,-3.0,-2.2,-5.3,-0.9,,kuzmaky01,2023
196,Kyle Kuzma,29,WAS,PF,32,30,887,10.7,0.488,0.352,0.215,3.1,18.9,10.9,14.6,1.1,0.7,12.8,26.8,-1.5,0.3,-1.3,-0.068,-2.9,-2.4,-5.3,-0.7,,kuzmaky01,2023
197,Kyle Kuzma,29,MIL,PF,6,5,205,10.1,0.515,0.395,0.37,3.2,21.7,12.8,11.1,0.7,0.5,15.3,23.6,-0.2,0.2,0.0,-0.006,-3.5,-1.5,-5.0,-0.2,,kuzmaky01,2023
198,Jabari Smith Jr.,21,HOU,PF,35,34,1088,11.8,0.565,0.512,0.233,5.6,16.7,11.0,4.5,0.5,2.7,8.8,15.1,1.2,1.4,2.6,0.115,-1.0,0.2,-0.8,0.3,,smithja05,2023
199,Miles McBride,24,NYK,PG,46,1,1086,13.0,0.555,0.586,0.135,3.8,7.9,5.8,14.1,1.9,0.8,7.5,16.5,1.6,0.7,2.3,0.101,0.2,-0.2,0.0,0.5,,mcbrimi01,2023
200,Andrew Nembhard,25,IND,SG,38,38,1079,12.5,0.557,0.287,0.297,2.1,10.7,6.4,22.7,2.2,0.3,15.6,17.0,0.8,0.8,1.7,0.074,-2.3,0.2,-2.2,0.0,,nembhan01,2023
201,A.J. Green,25,MIL,SG,48,6,1075,9.5,0.616,0.85,0.061,1.2,9.5,5.5,7.7,1.1,0.5,7.7,13.2,1.1,0.8,1.9,0.083,-1.7,-0.7,-2.3,-0.1,,greenaj01,2023
202,Jonas Valančiūnas,32,2TM,C,55,12,1069,20.3,0.599,0.06,0.266,12.9,29.6,21.1,18.1,1.1,2.6,15.7,23.3,1.5,0.9,2.5,0.11,0.6,-0.6,0.0,0.5,,valanjo01,2023
203,Jonas Valančiūnas,32,WAS,C,49,12,983,20.7,0.602,0.064,0.251,12.6,30.7,21.5,18.6,1.1,2.6,15.8,23.6,1.4,0.8,2.2,0.109,0.9,-0.6,0.3,0.6,,valanjo01,2023
204,Jonas Valančiūnas,32,SAC,C,6,0,86,16.1,0.569,0.0,0.483,16.6,16.7,16.7,11.4,1.1,3.4,14.6,20.4,0.1,0.1,0.2,0.122,-3.0,-0.8,-3.9,0.0,,valanjo01,2023
205,Jaime Jaquez Jr.,23,MIA,SF,46,11,1063,13.6,0.528,0.263,0.343,6.1,16.0,11.1,17.6,2.4,0.8,14.8,19.7,0.3,1.4,1.6,0.074,-2.2,0.6,-1.5,0.1,,jaqueja01,2023
206,Isaiah Joe,25,OKC,SG,50,11,1062,13.2,0.596,0.782,0.082,2.6,10.2,6.5,8.7,1.5,0.7,5.4,17.1,1.6,1.6,3.3,0.148,0.7,0.1,0.9,0.8,,joeis01,2023
207,Donte DiVincenzo,28,MIN,SG,40,8,1057,12.7,0.557,0.748,0.134,2.4,12.8,7.7,19.8,2.2,0.6,15.2,19.1,0.6,1.4,2.0,0.091,-0.1,1.0,0.8,0.8,,divindo01,2023
208,Dalton Knecht,23,LAL,SF,52,12,1046,12.2,0.591,0.619,0.165,2.8,13.6,8.4,6.0,0.9,0.4,6.1,17.8,1.1,0.7,1.8,0.084,-0.7,-1.6,-2.4,-0.1,,knechda01,2023
209,Jake LaRavia,23,2TM,PF,52,0,1044,13.0,0.59,0.385,0.389,7.7,14.1,11.0,15.9,2.1,1.9,19.9,14.4,1.1,1.4,2.5,0.114,-0.5,1.3,0.8,0.7,,laravja01,2023
210,Jake LaRavia,23,MEM,PF,47,0,982,13.5,0.605,0.373,0.398,7.3,14.5,11.0,16.5,2.1,1.8,19.6,14.3,1.3,1.3,2.6,0.127,-0.1,1.5,1.3,0.8,,laravja01,2023
211,Jake LaRavia,23,SAC,PF,5,0,62,5.1,0.338,0.563,0.25,14.2,7.1,10.7,6.0,3.1,3.1,25.3,16.3,-0.2,0.1,-0.1,-0.091,-5.9,-1.7,-7.6,-0.1,,laravja01,2023
212,Clint Capela,30,ATL,C,46,41,1028,17.6,0.57,0.0,0.259,15.2,28.0,21.4,7.7,1.2,4.1,10.5,16.6,1.5,1.3,2.8,0.13,-0.8,-0.4,-1.2,0.2,,capelca01,2023
213,Isaiah Stewart,23,DET,C,51,3,1019,14.5,0.599,0.168,0.239,11.3,20.4,15.9,11.2,0.9,6.0,15.8,12.3,1.5,1.4,3.0,0.14,-1.6,1.6,0.0,0.5,,stewais01,2023
214,Caris LeVert,30,2TM,SG,42,3,1015,14.6,0.582,0.487,0.29,3.0,11.0,7.1,18.8,1.6,1.9,12.1,18.2,1.6,1.2,2.7,0.128,0.6,0.6,1.2,0.8,,leverca01,2023
215,Caris LeVert,30,CLE,SF,38,3,904,14.4,0.58,0.497,0.279,2.7,9.9,6.4,19.6,1.7,1.9,13.2,18.1,1.3,1.1,2.4,0.126,0.7,0.7,1.3,0.8,,leverca01,2023
216,Caris LeVert,30,ATL,SG,4,0,111,16.4,0.6,0.419,0.372,4.7,20.0,12.1,11.9,0.8,2.5,3.8,19.1,0.2,0.1,0.3,0.144,0.2,-0.2,0.0,0.0,,leverca01,2023
217,Dejounte Murray,28,NOP,PG,31,31,1012,15.6,0.494,0.352,0.251,1.7,20.2,10.6,34.9,3.0,1.1,16.2,27.3,-0.6,0.8,0.2,0.01,-1.1,-0.4,-1.5,0.1,,murrade01,2023
218,Isaiah Hartenstein,26,OKC,C,35,34,1011,18.6,0.578,0.043,0.263,12.0,31.9,22.1,18.2,1.3,4.0,16.3,16.8,1.7,2.5,4.3,0.202,0.3,2.6,2.9,1.3,,harteis01,2023
219,Kevin Huerter,26,2TM,SG,48,15,1006,10.0,0.507,0.66,0.091,2.6,12.3,7.4,11.1,2.0,1.5,10.3,17.3,-0.2,0.8,0.7,0.032,-2.7,-0.3,-3.0,-0.3,,huertke01,2023
220,Kevin Huerter,26,SAC,SG,43,15,899,10.6,0.524,0.661,0.09,2.3,12.4,7.4,11.0,1.9,1.7,10.3,17.0,0.1,0.8,0.8,0.044,-2.3,-0.2,-2.5,-0.1,,huertke01,2023
221,Kevin Huerter,26,CHI,SG,5,0,107,5.4,0.38,0.651,0.093,4.9,10.6,7.8,12.2,2.6,0.0,10.0,19.5,-0.2,0.1,-0.1,-0.066,-6.4,-0.9,-7.3,-0.1,,huertke01,2023
222,Ziaire Williams,23,BRK,SF,42,25,1005,11.8,0.53,0.521,0.277,5.0,18.8,11.7,9.5,2.0,1.7,10.6,18.2,0.3,1.1,1.4,0.068,-2.7,0.1,-2.6,-0.2,,willizi02,2023
223,Jalen Suggs,23,ORL,PG,35,35,1002,14.5,0.536,0.503,0.229,2.5,14.4,8.1,22.0,2.5,3.2,16.2,27.4,-0.6,1.8,1.1,0.054,-0.7,1.1,0.4,0.6,,suggsja01,2023
224,Brandon Boston Jr.,23,NOP,SG,42,10,993,12.8,0.535,0.367,0.223,2.9,11.9,7.3,13.8,2.6,0.8,11.1,20.0,0.3,0.4,0.7,0.033,-2.2,-0.3,-2.5,-0.1,,bostobr01,2023
225,Ty Jerome,27,CLE,SG,52,2,992,20.8,0.646,0.421,0.222,4.3,9.5,7.0,24.5,2.9,0.1,12.4,22.5,3.0,1.3,4.3,0.21,3.2,1.0,4.2,1.6,,jeromty01,2023
226,Obi Toppin,26,IND,PF,51,0,990,18.0,0.648,0.483,0.203,4.2,19.4,11.9,11.4,1.6,1.7,8.5,19.5,2.0,0.9,2.9,0.143,1.9,-0.2,1.7,0.9,,toppiob01,2023
227,Ja Morant,25,MEM,PG,34,34,984,17.9,0.548,0.303,0.369,2.4,12.5,7.5,36.5,2.0,1.0,17.3,31.1,0.8,1.2,2.0,0.098,2.2,-0.6,1.6,0.9,,moranja01,2023
228,T.J. McConnell,32,IND,PG,53,0,980,18.9,0.547,0.074,0.129,3.2,12.0,7.6,37.7,3.0,1.4,14.6,24.5,1.0,1.0,2.0,0.1,0.7,0.4,1.1,0.8,,mccontj01,2023
229,Brandon Clarke,28,MEM,PF,52,18,980,16.4,0.626,0.056,0.213,10.7,17.2,14.0,6.9,2.1,2.5,9.4,14.8,2.0,1.5,3.4,0.169,-0.5,1.0,0.5,0.6,,clarkbr01,2023
230,Cody Martin,29,CHO,SF,39,8,967,11.8,0.528,0.463,0.183,4.3,15.5,9.7,13.7,2.2,2.7,12.7,14.5,0.4,1.1,1.5,0.074,-2.2,1.1,-1.1,0.2,,martico01,2023
231,Mason Plumlee,34,PHO,C,55,18,963,13.9,0.608,0.014,0.552,10.5,28.0,19.5,14.3,1.3,3.8,21.0,10.5,1.4,1.2,2.6,0.128,-2.1,1.3,-0.8,0.3,,plumlma01,2023
232,Kevin Porter Jr.,24,2TM,SG,49,2,955,12.7,0.485,0.251,0.194,3.5,16.4,10.0,25.1,2.5,1.2,16.0,25.3,-1.0,1.5,0.5,0.024,-3.0,0.8,-2.2,0.0,,porteke02,2023
233,Kevin Porter Jr.,24,LAC,SG,45,2,884,12.2,0.476,0.26,0.187,3.7,16.4,10.1,25.0,2.4,1.3,16.0,25.6,-1.2,1.4,0.3,0.014,-3.2,0.6,-2.6,-0.1,,porteke02,2023
234,Kevin Porter Jr.,24,MIL,SG,4,0,71,19.2,0.623,0.111,0.296,1.6,16.0,9.0,25.7,4.1,0.0,16.4,22.4,0.1,0.1,0.2,0.153,-0.7,3.4,2.7,0.1,,porteke02,2023
235,Cole Anthony,24,ORL,PG,53,15,953,14.2,0.528,0.387,0.206,4.1,15.8,9.6,26.9,2.0,1.9,15.4,25.7,-0.2,1.5,1.3,0.066,-1.2,0.7,-0.4,0.4,,anthoco01,2023
236,Gabe Vincent,28,LAL,PG,47,6,951,6.9,0.523,0.71,0.048,1.6,5.3,3.5,9.5,1.6,1.0,10.3,13.0,0.0,0.6,0.6,0.032,-4.4,-0.2,-4.6,-0.6,,vincega01,2023
237,Sam Hauser,27,BOS,PF,47,9,947,12.6,0.614,0.862,0.014,3.3,12.9,8.1,6.8,1.6,0.8,5.2,14.1,1.4,1.2,2.6,0.132,0.6,0.2,0.8,0.7,,hausesa01,2023
238,Luke Kennard,28,MEM,SG,43,7,946,14.4,0.645,0.652,0.153,3.1,10.5,6.8,19.1,1.4,0.3,13.1,14.8,2.1,0.9,3.0,0.151,2.0,0.1,2.2,1.0,,kennalu01,2023
239,Caleb Martin,29,PHI,SF,31,24,943,10.3,0.531,0.375,0.319,5.0,11.9,8.3,10.4,1.8,2.2,14.0,14.4,0.2,0.6,0.8,0.04,-2.2,-0.2,-2.4,-0.1,,martica02,2023
240,Moses Moody,22,GSW,SG,48,8,942,12.8,0.582,0.608,0.217,3.0,9.5,6.1,8.7,1.3,1.9,7.8,18.8,1.0,0.8,1.8,0.093,-0.3,-0.5,-0.9,0.3,,moodymo01,2023
241,Jimmy Butler,35,2TM,SF,30,30,927,23.3,0.628,0.134,0.632,8.6,10.2,9.5,25.2,1.9,1.2,7.7,21.5,3.7,0.9,4.6,0.239,4.3,0.5,4.8,1.6,,butleji01,2023
242,Jimmy Butler,35,MIA,PF,25,25,766,22.9,0.638,0.137,0.612,7.9,10.6,9.3,25.0,1.8,1.2,8.2,21.0,3.0,0.7,3.7,0.232,4.1,0.5,4.6,1.2,,butleji01,2023
243,Jimmy Butler,35,GSW,SF,5,5,161,25.2,0.588,0.121,0.712,12.1,8.2,10.2,26.2,2.4,1.2,5.5,23.9,0.7,0.2,0.9,0.272,5.1,0.6,5.7,0.3,,butleji01,2023
244,Brandon Miller,22,CHO,SF,27,27,924,14.2,0.54,0.597,0.161,2.8,12.6,7.6,18.3,1.5,2.1,12.6,27.6,-0.1,0.8,0.7,0.039,1.0,-0.8,0.1,0.5,,millebr02,2023
245,Jeremy Sochan,21,SAS,PF,35,19,916,16.2,0.602,0.179,0.269,9.7,18.4,14.1,14.3,1.7,1.7,14.7,18.4,1.2,0.9,2.1,0.112,-0.3,0.2,-0.1,0.4,,sochaje01,2023
246,Aaron Gordon,29,DEN,PF,34,25,916,16.1,0.625,0.323,0.36,6.7,12.8,9.9,15.3,0.8,0.8,10.6,17.8,2.2,0.5,2.7,0.14,2.1,-1.3,0.8,0.6,,gordoaa01,2023
247,Nicolas Batum,36,LAC,PF,53,1,915,8.9,0.553,0.825,0.091,4.3,13.9,9.1,9.2,1.8,2.3,12.1,8.6,0.7,1.3,2.0,0.104,-2.2,1.9,-0.4,0.4,,batumni01,2023
248,Ryan Dunn,22,PHO,SF,50,28,911,10.4,0.524,0.527,0.078,6.0,13.5,9.9,6.8,1.1,2.7,6.2,15.7,0.3,0.5,0.9,0.045,-2.9,-1.1,-4.0,-0.4,,dunnry01,2023
249,Trayce Jackson-Davis,24,GSW,C,50,37,910,18.3,0.587,0.004,0.306,12.4,21.7,16.9,15.8,1.2,3.8,11.4,16.6,1.8,1.2,3.0,0.16,0.3,0.9,1.2,0.7,,jackstr02,2023
250,Sam Merrill,28,CLE,SG,47,2,910,10.8,0.566,0.865,0.09,2.8,8.3,5.7,9.7,1.7,0.8,6.6,15.0,1.1,1.0,2.1,0.109,-0.7,0.5,-0.2,0.4,,merrisa01,2023
251,Simone Fontecchio,29,DET,SF,51,0,901,9.0,0.527,0.611,0.252,4.7,14.8,9.8,6.6,1.0,1.1,12.3,16.0,0.1,0.8,0.9,0.049,-2.8,-1.0,-3.7,-0.4,,fontesi01,2023
252,Jaden Ivey,22,DET,SG,30,30,898,15.0,0.569,0.373,0.281,4.9,10.3,7.6,20.0,1.5,1.2,16.1,26.0,0.4,0.8,1.2,0.065,0.7,-1.0,-0.2,0.4,,iveyja01,2023
253,Tari Eason,23,HOU,PF,37,5,897,19.0,0.566,0.312,0.222,9.4,18.2,13.7,7.2,3.9,3.4,8.5,18.9,1.4,2.0,3.4,0.183,1.2,3.1,4.2,1.4,,easonta01,2023
254,Luka Dončić,25,2TM,PG,26,26,896,23.7,0.573,0.46,0.311,2.5,22.8,13.0,36.0,2.7,1.1,12.7,33.2,1.6,1.3,3.0,0.159,4.7,1.4,6.0,1.8,,doncilu01,2023
255,Luka Dončić,25,DAL,PG,22,22,785,24.5,0.584,0.455,0.313,2.3,22.4,12.6,36.4,2.7,1.0,12.4,33.0,1.7,1.2,2.9,0.176,5.6,1.4,7.0,1.8,,doncilu01,2023
256,Luka Dončić,25,LAL,PG,4,4,111,17.5,0.501,0.493,0.299,4.2,25.7,15.3,33.2,2.6,1.7,14.6,35.2,-0.1,0.2,0.1,0.038,-2.0,0.9,-1.1,0.0,,doncilu01,2023
257,Andre Jackson Jr.,23,MIL,SG,52,43,887,8.4,0.549,0.4,0.103,7.2,12.2,9.8,10.8,1.6,1.4,21.8,11.5,0.1,0.9,1.1,0.058,-3.8,0.1,-3.6,-0.4,,jacksan01,2023
258,Moussa Diabaté,23,CHO,C,46,7,875,15.9,0.608,0.012,0.466,16.1,23.5,19.7,6.5,1.7,3.5,17.3,11.5,1.2,1.2,2.4,0.134,-1.7,-0.1,-1.8,0.1,,diabamo01,2023
259,Ron Holland,19,DET,SF,56,1,874,9.6,0.527,0.402,0.233,3.4,15.8,9.6,7.4,1.9,0.8,12.8,18.1,-0.2,1.0,0.8,0.045,-4.1,0.0,-4.1,-0.5,,hollaro01,2023
260,Ben Simmons,28,2TM,PG,35,24,872,13.6,0.581,0.0,0.169,4.0,20.8,12.1,41.0,1.7,2.1,31.5,14.1,0.6,1.0,1.6,0.088,-2.1,1.6,-0.4,0.3,,simmobe01,2023
261,Ben Simmons,28,BRK,PG,33,24,825,12.8,0.562,0.0,0.153,4.0,20.5,12.0,41.6,1.6,1.9,32.7,14.3,0.3,0.9,1.2,0.07,-2.4,1.3,-1.1,0.2,,simmobe01,2023
262,Ben Simmons,28,LAC,PG,2,0,47,28.1,0.922,0.0,0.5,2.4,25.9,14.2,30.5,4.2,4.3,0.0,9.0,0.3,0.1,0.4,0.406,4.3,7.6,11.9,0.2,,simmobe01,2023
263,Jordan Hawkins,22,NOP,SG,38,5,871,9.7,0.495,0.574,0.189,1.5,10.4,5.8,6.9,1.2,1.6,7.4,21.0,-0.4,0.0,-0.3,-0.019,-2.6,-3.1,-5.7,-0.8,,hawkijo01,2023
264,Kristaps Porziņģis,29,BOS,C,30,30,866,22.3,0.616,0.438,0.342,6.0,20.0,13.0,10.8,1.3,5.0,6.9,25.4,2.4,1.5,3.9,0.214,3.6,1.3,4.9,1.5,,porzikr01,2023
265,Luke Kornet,29,BOS,C,50,7,863,19.4,0.687,0.006,0.379,14.7,17.0,15.9,12.6,1.5,5.1,10.1,10.5,3.0,1.5,4.5,0.25,1.7,2.3,4.0,1.3,,kornelu01,2023
266,Jamal Shead,22,TOR,PG,50,1,861,9.1,0.518,0.422,0.127,1.5,6.0,3.7,28.7,1.6,0.6,20.3,17.9,-0.2,0.3,0.1,0.006,-3.2,-1.5,-4.8,-0.6,,sheadja01,2023
267,Zach Edey,22,MEM,C,42,35,859,17.9,0.622,0.156,0.275,16.8,22.5,19.7,5.9,1.4,5.3,16.0,17.1,1.4,1.5,2.9,0.161,-0.3,0.2,0.0,0.4,,edeyza01,2023
268,Noah Clowney,20,BRK,PF,37,18,853,9.9,0.536,0.699,0.201,4.6,15.4,9.8,5.4,1.1,2.2,10.5,18.7,0.0,0.7,0.7,0.039,-2.7,-1.0,-3.7,-0.3,,clownno01,2023
269,Trey Lyles,29,SAC,PF,46,2,851,11.5,0.533,0.676,0.193,6.1,20.0,13.0,6.5,1.5,2.1,8.9,14.5,0.5,0.8,1.3,0.076,-1.0,-0.6,-1.6,0.1,,lylestr01,2023
270,Kyle Filipowski,21,UTA,C,46,10,839,13.0,0.596,0.404,0.311,7.2,21.2,14.3,14.1,1.4,0.7,16.2,15.5,0.9,0.4,1.3,0.076,-1.2,-0.2,-1.4,0.1,,filipky01,2023
271,Matas Buzelis,20,CHI,SF,55,6,834,11.5,0.555,0.492,0.189,4.0,15.6,9.9,5.1,0.8,4.9,10.1,17.9,0.1,0.7,0.8,0.043,-2.9,-0.8,-3.7,-0.4,,buzelma01,2023
272,Jonathan Kuminga,22,GSW,PF,32,10,832,16.5,0.539,0.274,0.4,5.4,15.3,10.2,13.6,1.7,2.1,9.1,27.6,0.4,1.0,1.4,0.08,0.4,-0.1,0.3,0.5,,kuminjo01,2023
273,Jarace Walker,21,IND,PF,51,1,830,11.4,0.57,0.508,0.246,2.5,19.1,10.8,11.3,2.6,2.2,17.6,16.8,-0.2,1.0,0.8,0.048,-2.5,1.0,-1.5,0.1,,walkeja02,2023
274,Jonathan Isaac,27,ORL,PF,50,0,825,16.3,0.512,0.488,0.298,11.8,22.3,16.7,4.5,2.4,7.0,7.0,16.6,0.6,1.8,2.5,0.143,-1.0,1.3,0.3,0.5,,isaacjo01,2023
275,Jordan Clarkson,32,UTA,SG,31,8,820,16.2,0.551,0.467,0.276,3.0,10.7,6.9,23.4,1.5,0.9,11.6,27.8,0.9,0.2,1.0,0.06,1.9,-2.0,-0.1,0.4,,clarkjo01,2023
276,Dean Wade,28,CLE,PF,36,26,814,11.1,0.555,0.829,0.138,4.8,18.8,12.0,8.3,1.8,1.8,5.9,10.7,1.0,1.2,2.2,0.129,-0.5,1.5,1.0,0.6,,wadede01,2023
277,Ben Sheppard,23,IND,SG,40,8,812,9.7,0.574,0.683,0.089,3.6,9.8,6.7,7.5,1.6,1.2,5.4,11.8,0.8,0.5,1.3,0.079,-1.9,-0.1,-2.0,0.0,,sheppbe01,2023
278,Vit Krejci,24,ATL,PG,39,15,811,11.2,0.587,0.679,0.14,1.9,12.6,7.1,17.0,1.6,2.1,13.3,13.2,0.8,0.7,1.4,0.083,-1.5,0.9,-0.6,0.3,,krejcvi01,2023
279,Chris Boucher,32,TOR,PF,47,0,810,18.7,0.61,0.527,0.241,8.7,19.4,14.0,5.9,1.4,2.8,6.8,21.6,1.6,0.7,2.3,0.135,2.9,-1.0,1.9,0.8,,bouchch01,2023
280,Terance Mann,28,2TM,SG,41,12,809,10.5,0.539,0.38,0.174,5.0,11.0,8.0,11.5,1.9,1.4,10.5,13.6,0.6,1.0,1.6,0.094,-2.6,1.0,-1.6,0.1,,mannte01,2023
281,Terance Mann,28,LAC,SG,37,12,732,10.5,0.533,0.385,0.164,4.9,11.3,8.2,11.1,1.9,1.5,10.7,13.8,0.4,1.0,1.4,0.093,-2.6,1.1,-1.5,0.1,,mannte01,2023
282,Terance Mann,28,ATL,SG,4,0,77,11.1,0.594,0.333,0.278,5.4,7.2,6.3,15.4,1.8,0.0,9.0,11.8,0.1,0.0,0.2,0.102,-2.2,0.2,-2.0,0.0,,mannte01,2023
283,Tidjane Salaün,19,CHO,PF,42,8,808,7.3,0.428,0.588,0.241,6.2,17.8,11.8,7.7,1.5,1.3,12.5,15.1,-0.8,0.8,0.0,0.001,-4.7,-0.5,-5.2,-0.6,,salauti01,2023
284,Nick Richards,27,2TM,C,37,24,806,16.7,0.62,0.01,0.633,12.8,29.3,21.1,6.8,0.6,4.9,16.9,17.0,1.1,1.0,2.1,0.127,-2.1,-0.6,-2.7,-0.1,,richani01,2023
285,Nick Richards,27,CHO,C,21,9,440,17.4,0.614,0.009,0.763,12.0,26.7,19.2,9.8,0.8,5.8,17.8,17.8,0.6,0.6,1.2,0.128,-2.1,0.2,-1.9,0.0,,richani01,2023
286,Nick Richards,27,PHO,C,16,15,366,16.0,0.627,0.011,0.473,13.7,32.5,23.4,3.1,0.4,3.8,15.7,16.1,0.5,0.4,1.0,0.125,-2.0,-1.6,-3.6,-0.2,,richani01,2023
287,Kevon Looney,28,GSW,C,50,6,804,17.7,0.517,0.009,0.322,18.5,27.5,22.8,15.9,2.2,2.4,11.4,14.2,1.5,1.4,2.9,0.174,-0.7,0.9,0.3,0.5,,looneke01,2023
288,Precious Achiuwa,25,NYK,C,35,8,797,14.8,0.568,0.134,0.234,11.2,19.9,15.6,6.0,2.2,3.0,11.2,13.5,1.0,1.0,2.0,0.12,-0.9,-0.1,-1.0,0.2,,achiupr01,2023
289,Paolo Banchero,22,ORL,PF,24,24,797,16.8,0.509,0.301,0.421,3.5,22.6,12.5,27.1,0.9,2.3,11.7,33.6,-0.4,1.2,0.8,0.047,1.2,-0.3,0.9,0.6,,banchpa01,2023
290,Tyrese Martin,25,BRK,SG,38,6,787,9.7,0.517,0.618,0.124,5.1,16.0,10.4,12.4,1.1,0.6,14.3,18.3,-0.3,0.6,0.3,0.015,-2.1,-1.2,-3.3,-0.3,,martity01,2023
291,Jeremiah Robinson-Earl,24,NOP,PF,44,6,785,13.0,0.556,0.469,0.174,9.9,18.4,14.0,9.2,1.8,0.7,11.9,14.0,0.8,0.3,1.2,0.071,-1.1,-1.4,-2.5,-0.1,,robinje02,2023
292,Brice Sensabaugh,21,UTA,SF,45,2,784,12.3,0.578,0.602,0.131,3.9,11.6,7.8,11.2,1.7,0.4,14.3,21.7,0.3,0.2,0.5,0.028,-0.6,-1.7,-2.3,-0.1,,sensabr01,2023
293,Eric Gordon,36,PHI,SG,39,13,768,11.0,0.591,0.672,0.235,1.2,6.0,3.5,12.2,1.7,1.6,11.1,14.5,0.7,0.3,1.0,0.063,-0.7,-0.8,-1.5,0.1,,gordoer01,2023
294,Dereck Lively II,20,DAL,C,32,25,768,20.6,0.704,0.0,0.39,14.3,20.9,17.7,15.3,1.1,6.1,15.8,13.7,2.4,1.1,3.4,0.214,1.6,2.4,4.0,1.2,,livelde01,2023
295,Jalen Smith,24,CHI,C,51,1,767,19.2,0.608,0.559,0.228,9.7,27.6,18.8,9.0,0.7,4.1,8.1,20.9,1.5,0.8,2.3,0.146,1.7,-0.9,0.8,0.5,,smithja04,2023
296,Vasilije Micić,31,CHO,PG,36,16,764,6.9,0.462,0.458,0.15,2.7,9.6,6.1,24.8,1.0,0.0,20.3,20.2,-1.1,0.4,-0.7,-0.043,-4.3,-2.4,-6.7,-0.9,,micicva01,2023
297,Garrison Mathews,28,ATL,SG,43,2,763,11.2,0.601,0.847,0.322,1.8,9.6,5.6,9.7,1.6,1.3,9.7,16.0,0.9,0.5,1.4,0.088,-1.5,-0.5,-2.0,0.0,,mathega01,2023
298,Jonathan Mogbo,23,TOR,PF,43,10,759,12.5,0.531,0.206,0.309,10.0,15.8,12.9,13.1,1.9,2.8,14.4,14.4,0.6,0.7,1.3,0.08,-2.0,0.6,-1.4,0.1,,mogbojo01,2023
299,Jose Alvarado,26,NOP,PG,32,11,749,15.2,0.564,0.657,0.143,2.2,8.2,5.1,27.2,2.9,1.1,11.6,17.9,1.1,0.3,1.4,0.092,0.6,-0.3,0.3,0.4,,alvarjo01,2023
300,Kel'el Ware,20,MIA,C,39,13,747,17.3,0.593,0.276,0.157,8.3,24.7,16.6,6.4,1.5,5.0,10.3,18.4,0.7,1.2,2.0,0.126,-0.7,0.3,-0.4,0.3,,wareke01,2023
301,Cameron Payne,30,NYK,PG,50,1,733,15.7,0.56,0.599,0.151,1.7,9.2,5.5,25.1,1.9,1.5,9.2,21.1,1.4,0.6,2.0,0.129,1.1,-0.2,0.9,0.5,,payneca01,2023
302,Julian Phillips,21,CHI,SF,55,3,723,10.4,0.577,0.55,0.27,6.8,9.2,8.0,4.0,1.6,1.7,8.6,13.4,0.7,0.4,1.1,0.071,-2.6,-0.8,-3.3,-0.2,,phillju01,2023
303,Ja'Kobe Walter,20,TOR,SG,37,9,722,9.6,0.511,0.477,0.195,4.4,10.1,7.2,9.9,1.7,0.9,10.0,18.1,0.0,0.4,0.3,0.022,-3.0,-1.2,-4.2,-0.4,,walteja01,2023
304,Ausar Thompson,22,DET,SF,34,23,715,17.2,0.569,0.132,0.325,9.3,17.3,13.3,15.2,3.7,2.0,14.2,19.1,0.8,1.3,2.0,0.135,-1.1,2.3,1.2,0.6,,thompau01,2023
305,Nick Smith Jr.,20,CHO,SG,36,17,712,8.5,0.498,0.532,0.061,1.0,9.6,5.2,14.9,1.0,0.7,12.2,20.5,-0.5,0.4,-0.1,-0.009,-3.3,-1.8,-5.1,-0.6,,smithni01,2023
306,Lonzo Ball,27,CHI,PG,32,11,706,11.8,0.506,0.817,0.119,3.1,13.0,8.1,20.0,2.9,2.0,14.5,15.9,0.1,0.7,0.8,0.058,-2.1,1.6,-0.5,0.3,,balllo01,2023
307,Donovan Clingan,20,POR,C,43,13,705,17.5,0.599,0.126,0.258,18.1,26.8,22.4,6.2,1.3,8.8,20.1,15.1,0.7,1.1,1.9,0.128,-2.3,1.2,-1.1,0.2,,clingdo01,2023
308,Dalano Banton,25,POR,PG,44,0,690,14.7,0.524,0.443,0.265,2.2,10.6,6.4,22.2,2.0,2.9,13.4,25.5,0.0,0.6,0.6,0.042,0.9,-0.3,0.7,0.5,,bantoda01,2023
309,Johnny Juzang,23,UTA,SG,39,5,684,11.7,0.584,0.71,0.13,4.0,12.4,8.2,8.1,1.3,0.7,7.0,16.6,0.9,0.1,1.1,0.074,-0.6,-1.5,-2.1,0.0,,juzanjo01,2023
310,Ricky Council IV,23,PHI,SF,48,4,679,13.1,0.534,0.444,0.321,4.9,13.4,8.9,11.8,1.5,1.0,8.6,19.7,0.5,0.4,0.9,0.063,-0.6,-1.7,-2.3,-0.1,,councri01,2023
311,Seth Curry,34,CHO,SG,47,9,679,12.5,0.607,0.533,0.101,2.9,8.7,5.7,7.2,1.6,0.9,7.8,16.0,0.8,0.5,1.3,0.091,-0.8,-0.5,-1.3,0.1,,curryse01,2023
312,Shake Milton,28,2TM,SG,44,1,678,12.1,0.572,0.45,0.25,3.8,10.2,7.0,19.6,1.3,0.4,12.6,16.5,0.8,0.4,1.2,0.087,-1.4,-0.3,-1.7,0.1,,miltosh01,2023
313,Shake Milton,28,BRK,SG,27,1,492,13.0,0.58,0.459,0.21,3.6,8.5,6.0,20.6,1.5,0.2,10.4,17.1,0.7,0.3,1.0,0.099,-0.7,-0.2,-1.0,0.1,,miltosh01,2023
314,Shake Milton,28,LAL,SG,17,0,186,9.8,0.545,0.419,0.395,4.4,14.7,9.7,17.0,0.8,1.0,19.2,14.8,0.1,0.1,0.2,0.056,-3.3,-0.4,-3.7,-0.1,,miltosh01,2023
315,Max Strus,28,CLE,SF,27,14,667,11.6,0.568,0.796,0.056,3.4,14.7,9.2,15.8,1.2,1.2,11.9,14.5,0.8,0.8,1.6,0.115,0.3,0.6,0.9,0.5,,strusma01,2023
316,Lindy Waters III,27,2TM,SG,40,9,667,8.2,0.489,0.727,0.053,2.6,13.4,7.8,8.8,1.6,1.4,7.4,14.5,-0.1,0.7,0.6,0.047,-3.7,0.2,-3.5,-0.3,,waterli01,2023
317,Lindy Waters III,27,GSW,SG,38,9,655,8.5,0.498,0.722,0.054,2.5,13.7,7.9,8.7,1.6,1.5,7.5,14.5,0.0,0.7,0.7,0.052,-3.5,0.3,-3.2,-0.2,,waterli01,2023
318,Lindy Waters III,27,DET,SG,2,0,12,-8.0,0.0,1.0,0.0,9.3,0.0,4.6,9.5,0.0,0.0,0.0,14.1,-0.1,0.0,-0.1,-0.248,-12.6,-5.1,-17.8,0.0,,waterli01,2023
319,Jusuf Nurkić,30,2TM,C,29,25,661,13.8,0.545,0.366,0.393,9.3,33.5,21.8,14.8,2.0,3.0,22.0,19.1,-0.2,1.0,0.8,0.061,-3.3,1.2,-2.1,0.0,,nurkiju01,2023
320,Jusuf Nurkić,30,PHO,C,25,23,592,12.6,0.556,0.362,0.423,8.8,32.8,21.2,11.1,1.9,2.5,22.8,18.7,-0.3,0.9,0.6,0.048,-3.9,0.5,-3.4,-0.2,,nurkiju01,2023
321,Jusuf Nurkić,30,CHO,C,4,2,69,23.8,0.473,0.393,0.214,13.5,39.8,26.3,46.7,2.9,7.2,16.4,22.5,0.1,0.2,0.2,0.174,2.3,6.5,8.8,0.2,,nurkiju01,2023
322,Bogdan Bogdanović,32,2TM,SG,27,0,659,8.4,0.51,0.649,0.145,2.1,9.8,5.8,11.9,1.9,0.8,13.2,18.9,-0.4,0.5,0.1,0.01,-3.9,-0.3,-4.2,-0.4,,bogdabo01,2023
323,Bogdan Bogdanović,32,ATL,SG,24,0,598,7.6,0.502,0.652,0.152,2.1,10.0,5.9,11.1,1.6,0.9,13.4,18.8,-0.4,0.4,-0.1,-0.005,-4.2,-0.6,-4.9,-0.4,,bogdabo01,2023
324,Bogdan Bogdanović,32,LAC,SG,3,0,61,16.0,0.583,0.625,0.083,1.8,7.3,4.6,19.7,4.8,0.0,10.8,19.7,0.1,0.1,0.2,0.148,-0.8,2.6,1.8,0.1,,bogdabo01,2023
325,Justin Champagnie,23,WAS,SF,36,14,654,15.6,0.618,0.469,0.172,8.2,17.2,12.7,7.2,2.4,2.9,12.1,16.3,0.7,0.5,1.2,0.09,-0.5,0.1,-0.3,0.3,,champju01,2023
326,Herbert Jones,26,NOP,SF,20,20,648,10.5,0.541,0.419,0.233,3.5,9.7,6.5,13.9,2.8,1.3,15.6,14.6,0.1,0.3,0.4,0.032,-3.7,0.1,-3.7,-0.3,,joneshe01,2023
327,Kenrich Williams,30,OKC,PF,44,1,647,15.1,0.614,0.512,0.087,6.7,17.1,11.9,10.2,2.2,0.9,10.0,15.7,1.1,1.3,2.4,0.178,0.2,1.3,1.5,0.6,,willike04,2023
328,Alex Caruso,30,OKC,SG,34,1,646,14.5,0.525,0.587,0.085,3.8,11.2,7.6,17.5,4.3,2.5,9.7,14.3,0.7,1.6,2.3,0.169,-1.0,4.3,3.3,0.9,,carusal01,2023
329,Jaden Hardy,22,DAL,SG,42,3,641,9.5,0.531,0.476,0.194,1.2,9.9,5.7,12.9,1.6,0.7,16.1,24.8,-0.7,0.5,-0.2,-0.019,-3.7,-1.6,-5.3,-0.5,,hardyja02,2023
330,Cam Whitmore,20,HOU,SF,37,0,640,13.2,0.51,0.47,0.181,4.2,15.5,9.7,8.1,1.9,1.3,9.6,24.2,0.0,0.9,0.9,0.069,-0.8,-0.4,-1.2,0.1,,whitmca01,2023
331,Maxi Kleber,33,DAL,PF,34,4,637,5.7,0.489,0.51,0.219,4.4,11.6,8.1,8.2,0.7,2.3,17.9,8.6,0.0,0.4,0.4,0.032,-4.0,0.4,-3.6,-0.3,,klebima01,2023
332,Cody Williams,20,UTA,SG,31,12,633,3.8,0.414,0.518,0.212,3.0,8.7,5.9,7.8,1.2,1.6,15.3,11.7,-0.6,0.1,-0.6,-0.043,-6.0,-0.9,-6.8,-0.8,,willico04,2023
333,Kris Murray,24,POR,SF,47,1,632,10.0,0.506,0.411,0.226,7.9,9.5,8.7,9.1,1.5,1.3,11.1,13.8,0.2,0.4,0.6,0.043,-1.9,-0.4,-2.3,-0.1,,murrakr01,2023
334,Mark Williams,23,CHO,C,25,22,626,25.4,0.626,0.004,0.429,13.1,27.4,20.0,16.8,1.3,4.3,7.6,22.1,2.2,0.9,3.1,0.236,3.4,0.7,4.1,1.0,,willima07,2023
335,Kyle Lowry,38,PHI,PG,33,12,623,10.2,0.53,0.748,0.297,2.0,10.5,6.0,20.0,2.5,1.6,13.7,10.3,0.6,0.5,1.1,0.084,-2.6,1.5,-1.1,0.1,,lowryky01,2023
336,Daniel Theis,32,NOP,C,38,9,621,12.2,0.558,0.287,0.287,7.4,21.6,14.2,13.1,1.4,3.0,14.7,11.6,0.6,0.4,1.0,0.077,-3.2,-0.1,-3.3,-0.2,,theisda01,2023
337,Dalen Terry,22,CHI,SG,50,1,620,9.0,0.552,0.374,0.316,4.7,7.5,6.1,12.2,1.7,1.5,16.5,14.3,0.2,0.3,0.5,0.039,-4.2,-0.3,-4.5,-0.4,,terryda01,2023
338,Neemias Queta,25,BOS,C,44,5,618,15.7,0.677,0.014,0.338,10.5,17.3,13.9,6.2,1.1,4.3,14.2,13.4,1.3,1.0,2.3,0.176,-1.8,1.0,-0.8,0.2,,quetane01,2023
339,Jaxson Hayes,24,LAL,C,34,13,618,15.8,0.717,0.017,0.403,8.5,17.6,13.2,8.3,1.7,4.8,14.1,11.6,1.3,0.8,2.2,0.169,-1.4,1.7,0.2,0.3,,hayesja02,2023
340,Cam Thomas,23,BRK,SG,19,17,614,18.6,0.596,0.427,0.383,1.8,11.3,6.4,19.5,1.1,0.2,11.5,31.8,0.8,0.3,1.2,0.091,2.8,-1.9,0.9,0.5,,thomaca02,2023
341,Oso Ighodaro,22,PHO,PF,41,2,605,10.3,0.577,0.019,0.333,6.4,17.2,12.0,9.0,1.5,2.3,15.7,10.7,0.4,0.4,0.9,0.068,-3.4,0.3,-3.0,-0.2,,ighodos01,2023
342,Marcus Sasser,24,DET,PG,43,0,599,13.1,0.576,0.517,0.124,2.6,7.0,4.8,22.5,2.3,0.6,15.4,18.4,0.6,0.6,1.2,0.097,-1.1,0.2,-0.9,0.2,,sassema01,2023
343,Justin Edwards,21,PHI,SF,25,9,595,11.0,0.578,0.589,0.113,4.6,11.0,7.7,8.7,1.8,1.2,10.6,14.6,0.4,0.3,0.8,0.063,-1.7,-1.2,-3.0,-0.1,,edwarju01,2023
344,Brandon Ingram,27,NOP,SF,18,18,595,16.2,0.56,0.345,0.165,3.0,15.6,9.0,27.1,1.3,1.7,16.2,30.2,-0.1,0.2,0.0,0.002,1.5,-1.8,-0.3,0.3,,ingrabr01,2023
345,Drew Eubanks,27,2TM,C,40,4,594,16.4,0.639,0.033,0.377,8.2,24.3,16.3,11.2,0.8,5.3,15.0,14.6,0.9,0.5,1.4,0.112,-0.5,0.6,0.1,0.3,,eubandr01,2023
346,Drew Eubanks,27,UTA,C,37,4,568,16.1,0.632,0.034,0.393,7.8,24.4,16.2,11.7,0.9,5.3,15.4,14.9,0.8,0.4,1.2,0.105,-0.7,0.7,0.1,0.3,,eubandr01,2023
347,Drew Eubanks,27,LAC,C,3,0,26,21.6,0.833,0.0,0.0,17.3,21.3,19.3,0.0,0.0,3.9,0.0,10.0,0.1,0.0,0.1,0.254,2.7,-1.4,1.3,0.0,,eubandr01,2023
348,Gary Payton II,32,GSW,SG,44,10,592,14.4,0.605,0.307,0.162,6.2,16.2,11.0,13.6,2.4,1.9,13.1,15.6,0.7,0.8,1.5,0.125,-1.9,1.6,-0.3,0.3,,paytoga02,2023
349,Jared McCain,20,PHI,SG,23,8,592,15.5,0.589,0.485,0.204,2.4,8.8,5.5,17.0,1.3,0.0,11.0,25.0,0.7,0.2,0.8,0.067,1.9,-1.5,0.4,0.4,,mccaija01,2023
350,Kyle Anderson,31,2TM,PF,39,4,589,14.8,0.509,0.287,0.176,6.2,16.8,11.3,20.9,2.1,3.6,9.4,16.0,0.6,0.9,1.5,0.121,-0.4,2.1,1.7,0.6,,anderky01,2023
351,Kyle Anderson,31,GSW,PF,36,3,541,14.9,0.522,0.308,0.16,5.1,17.0,10.8,21.1,2.3,3.5,10.0,15.6,0.6,0.8,1.4,0.127,-0.2,2.4,2.2,0.6,,anderky01,2023
352,Kyle Anderson,31,MIA,SF,3,1,48,13.4,0.393,0.105,0.316,18.3,15.6,17.0,18.7,0.0,4.0,4.4,20.9,0.0,0.0,0.1,0.056,-2.0,-1.8,-3.8,0.0,,anderky01,2023
353,Day'Ron Sharpe,23,BRK,C,34,0,587,20.3,0.568,0.143,0.238,19.3,23.1,21.2,15.8,2.2,4.3,15.7,21.9,0.8,0.9,1.7,0.138,0.1,0.6,0.7,0.4,,sharpda01,2023
354,Isaac Okoro,24,CLE,SG,30,16,586,10.1,0.566,0.582,0.177,4.6,7.2,5.9,9.8,1.6,1.7,7.9,12.0,0.8,0.6,1.4,0.113,-1.3,0.8,-0.5,0.2,,okorois01,2023
355,Andre Drummond,31,PHI,C,32,16,578,15.1,0.537,0.069,0.379,15.1,32.8,23.6,5.3,2.8,2.3,19.1,19.2,-0.1,0.9,0.8,0.066,-3.2,-0.4,-3.6,-0.2,,drumman01,2023
356,Thomas Bryant,27,2TM,C,38,5,577,19.5,0.635,0.429,0.19,11.1,19.8,15.5,10.8,1.3,3.9,6.8,16.5,1.6,0.7,2.2,0.184,2.3,0.1,2.4,0.6,,bryanth01,2023
357,Thomas Bryant,27,MIA,C,10,0,115,15.8,0.624,0.607,0.393,5.7,24.2,15.1,4.9,0.4,7.5,5.7,13.4,0.2,0.2,0.4,0.168,-1.1,1.0,-0.1,0.1,,bryanth01,2023
358,Thomas Bryant,27,IND,C,28,5,462,20.4,0.637,0.398,0.155,12.5,18.7,15.6,12.2,1.6,3.0,7.0,17.3,1.3,0.5,1.8,0.188,3.2,-0.2,3.0,0.6,,bryanth01,2023
359,Jay Huff,26,MEM,C,47,1,575,18.1,0.679,0.665,0.209,4.3,13.5,9.0,7.1,0.9,6.5,10.0,19.3,1.3,0.8,2.1,0.173,2.9,0.9,3.8,0.8,,huffja01,2023
360,Joel Embiid,30,PHI,C,19,19,574,23.8,0.58,0.244,0.537,6.9,25.1,15.6,26.2,1.2,3.2,13.7,34.7,1.0,0.6,1.6,0.131,3.8,-0.2,3.6,0.8,,embiijo01,2023
361,Moritz Wagner,27,ORL,C,30,1,564,22.4,0.649,0.301,0.442,7.7,23.5,15.1,13.9,2.1,2.0,14.1,26.7,1.0,1.0,2.1,0.175,2.8,1.3,4.1,0.9,,wagnemo01,2023
362,Malcolm Brogdon,32,WAS,PG,24,13,564,15.9,0.544,0.233,0.383,3.8,13.2,8.5,27.2,1.1,0.8,11.9,23.5,0.6,0.1,0.7,0.06,0.0,-1.6,-1.6,0.1,,brogdma01,2023
363,Ajay Mitchell,22,OKC,SG,34,1,561,12.4,0.604,0.307,0.199,3.3,9.4,6.4,13.3,2.1,0.5,13.4,15.8,0.7,0.9,1.6,0.137,-2.3,1.0,-1.2,0.1,,mitchaj01,2023
364,Cam Reddish,25,LAL,SF,31,8,560,7.7,0.529,0.523,0.302,3.1,9.2,6.3,5.0,2.7,1.7,11.0,8.6,0.1,0.6,0.7,0.063,-4.0,1.7,-2.4,-0.1,,reddica01,2023
365,Khris Middleton,33,2TM,SF,24,8,559,17.7,0.623,0.407,0.222,1.0,15.7,8.6,28.0,1.6,0.8,13.9,21.9,1.1,0.6,1.7,0.146,1.4,0.4,1.7,0.5,,middlkh01,2023
366,Khris Middleton,33,MIL,SF,23,7,534,17.9,0.627,0.408,0.218,1.0,15.5,8.5,28.7,1.5,0.9,13.8,21.9,1.1,0.6,1.7,0.152,1.6,0.3,1.9,0.5,,middlkh01,2023
367,Khris Middleton,33,WAS,SF,1,1,25,12.5,0.53,0.4,0.3,0.0,21.2,10.5,12.0,3.8,0.0,15.0,22.2,0.0,0.0,0.0,0.011,-3.5,2.0,-1.5,0.0,,middlkh01,2023
368,Zion Williamson,24,NOP,PF,19,19,535,27.4,0.593,0.037,0.512,10.1,18.4,14.1,34.6,2.3,3.0,13.0,35.7,1.1,0.4,1.5,0.134,5.2,0.5,5.7,1.1,,willizi01,2023
369,Tre Jones,25,2TM,PG,33,0,530,13.9,0.563,0.258,0.333,3.4,9.7,6.6,28.3,2.1,1.0,13.8,12.8,1.0,0.4,1.4,0.123,-1.4,1.1,-0.3,0.2,,jonestr01,2023
370,Tre Jones,25,SAS,PG,28,0,450,13.9,0.572,0.28,0.355,3.6,10.0,6.8,30.5,1.9,1.0,16.3,12.2,0.9,0.3,1.2,0.126,-1.3,1.0,-0.2,0.2,,jonestr01,2023
371,Tre Jones,25,CHI,PG,5,0,80,14.4,0.532,0.185,0.259,2.6,7.8,5.2,15.4,2.9,1.1,3.2,16.3,0.1,0.1,0.2,0.109,-2.1,1.4,-0.7,0.0,,jonestr01,2023
372,KJ Martin,24,2TM,PF,26,8,525,11.9,0.67,0.252,0.279,4.4,12.6,8.3,5.6,1.1,3.3,9.4,11.5,0.9,0.3,1.2,0.106,-2.2,0.3,-1.9,0.0,,martike04,2023
373,KJ Martin,24,PHI,PF,24,7,480,12.5,0.689,0.212,0.293,4.8,12.8,8.7,5.8,1.1,3.4,9.7,11.4,0.9,0.3,1.2,0.118,-1.9,0.4,-1.5,0.1,,martike04,2023
374,KJ Martin,24,UTA,SF,2,1,45,6.0,0.505,0.583,0.167,0.0,9.6,4.9,3.2,1.1,2.1,7.2,12.9,0.0,0.0,0.0,-0.021,-5.5,-0.4,-5.9,0.0,,martike04,2023
375,Monte Morris,29,PHO,PG,40,0,522,11.7,0.514,0.427,0.234,2.2,9.6,6.0,17.8,1.6,0.5,8.3,17.4,0.4,0.2,0.5,0.05,-2.0,-0.9,-2.9,-0.1,,morrimo01,2023
376,Jett Howard,21,ORL,SF,46,0,519,8.5,0.5,0.723,0.103,4.0,9.0,6.3,10.2,0.9,1.5,9.7,18.9,-0.2,0.6,0.4,0.037,-2.6,-0.9,-3.6,-0.2,,howarje01,2023
377,Aaron Holiday,28,HOU,PG,41,3,515,11.1,0.561,0.633,0.169,1.6,9.1,5.3,14.4,1.5,0.9,11.0,16.0,0.6,0.6,1.2,0.109,-1.7,0.6,-1.0,0.1,,holidaa01,2023
378,Alec Burks,33,MIA,SG,30,1,509,13.2,0.614,0.724,0.284,2.6,13.9,8.3,9.2,1.8,1.1,6.8,14.1,0.7,0.6,1.3,0.122,0.0,0.8,0.8,0.4,,burksal01,2023
379,Olivier-Maxence Prosper,22,DAL,PF,46,4,500,13.3,0.48,0.29,0.4,9.8,15.0,12.5,9.9,2.2,0.9,6.7,16.7,0.4,0.5,0.9,0.088,-1.3,-0.4,-1.6,0.0,,prospol01,2023
380,Josh Okogie,26,2TM,SG,32,2,500,16.8,0.581,0.389,0.305,9.1,11.8,10.5,7.2,3.9,2.8,11.7,18.7,0.5,0.7,1.2,0.111,0.2,1.8,1.9,0.5,,okogijo01,2023
381,Josh Okogie,26,PHO,SG,25,1,351,15.9,0.586,0.368,0.281,10.4,12.1,11.3,5.9,2.9,2.6,11.1,18.1,0.4,0.3,0.7,0.098,0.1,0.3,0.3,0.2,,okogijo01,2023
382,Josh Okogie,26,CHO,SG,7,1,149,18.9,0.57,0.434,0.358,6.3,11.1,8.6,10.5,6.3,3.3,12.8,20.0,0.1,0.3,0.4,0.142,0.3,5.3,5.6,0.3,,okogijo01,2023
383,Jamison Battle,23,TOR,SF,39,0,491,12.8,0.633,0.755,0.086,4.6,11.2,7.9,9.5,0.5,1.0,6.6,15.6,0.9,0.1,1.0,0.099,1.5,-1.5,0.0,0.2,,battlja01,2023
384,DeAndre Jordan,36,DEN,C,42,2,489,15.0,0.638,0.0,0.31,13.3,29.6,21.9,9.1,1.1,3.4,20.3,12.3,0.6,0.7,1.3,0.127,-1.3,0.1,-1.2,0.1,,jordade01,2023
385,Ryan Rollins,22,MIL,PG,38,8,487,12.2,0.55,0.421,0.146,3.6,10.2,7.0,14.6,2.8,2.5,15.9,18.6,0.0,0.7,0.6,0.064,-2.9,1.2,-1.8,0.0,,rolliry01,2023
386,Tosan Evbuomwan,23,BRK,SF,20,0,486,10.7,0.532,0.327,0.314,5.5,14.2,9.7,10.7,1.6,1.4,14.9,18.8,-0.1,0.4,0.3,0.03,-3.4,-0.4,-3.9,-0.2,,evbuoto01,2023
387,Steven Adams,31,HOU,C,39,2,482,16.3,0.524,0.0,0.625,22.6,21.9,22.3,11.1,1.1,3.2,20.9,14.3,0.5,0.8,1.3,0.125,-0.2,-0.3,-0.5,0.2,,adamsst01,2023
388,Grant Williams,26,CHO,PF,16,7,479,11.6,0.596,0.602,0.301,3.9,14.7,9.1,11.3,1.8,2.7,16.7,14.8,0.3,0.5,0.8,0.082,-2.2,0.7,-1.5,0.1,,willigr01,2023
389,Reed Sheppard,20,HOU,PG,41,0,472,7.4,0.409,0.607,0.06,3.5,9.2,6.3,12.1,2.5,2.7,11.8,17.0,-0.5,0.7,0.2,0.02,-4.3,1.3,-2.9,-0.1,,sheppre01,2023
390,Zach Collins,27,2TM,PF,39,4,470,14.6,0.561,0.366,0.269,10.0,16.3,13.2,16.6,1.6,3.0,12.9,16.9,0.7,0.5,1.2,0.121,-1.6,1.4,-0.3,0.2,,colliza01,2023
391,Zach Collins,27,SAS,C,36,4,425,14.5,0.566,0.348,0.265,9.6,15.6,12.6,17.2,1.6,3.1,13.5,17.1,0.6,0.4,1.0,0.118,-1.6,1.4,-0.2,0.2,,colliza01,2023
392,Zach Collins,27,CHI,PF,3,0,45,15.4,0.508,0.538,0.308,14.0,23.0,18.5,11.5,2.1,1.9,6.3,14.7,0.1,0.1,0.1,0.143,-2.4,1.0,-1.4,0.0,,colliza01,2023
393,Talen Horton-Tucker,24,CHI,SG,41,0,469,13.7,0.563,0.439,0.27,3.1,12.3,7.8,16.2,1.5,1.5,11.0,21.2,0.3,0.3,0.6,0.064,-1.3,-1.1,-2.3,0.0,,hortota01,2023
394,Immanuel Quickley,25,TOR,PG,17,17,469,15.6,0.571,0.505,0.284,1.4,10.1,5.7,29.0,0.9,0.4,12.4,24.1,0.7,0.1,0.9,0.088,2.1,-2.2,-0.1,0.2,,quickim01,2023
395,Larry Nance Jr.,32,ATL,PF,24,3,463,16.0,0.632,0.49,0.084,5.2,19.2,12.0,11.6,2.0,2.6,9.1,15.6,0.7,0.5,1.3,0.131,0.9,0.6,1.5,0.4,,nancela02,2023
396,Pat Connaughton,32,MIL,SG,31,0,459,10.1,0.539,0.534,0.147,4.1,14.6,9.6,14.6,0.6,1.8,13.3,13.5,0.3,0.4,0.7,0.071,-1.9,-0.6,-2.5,-0.1,,connapa01,2023
397,Jericho Sims,26,2TM,C,41,5,457,9.3,0.619,0.0,0.283,13.2,20.6,17.0,5.9,0.9,2.2,29.8,7.0,0.4,0.4,0.8,0.087,-3.1,-0.5,-3.6,-0.2,,simsje01,2023
398,Jericho Sims,26,NYK,C,39,5,422,9.9,0.619,0.0,0.283,14.1,20.8,17.5,6.2,0.9,2.2,28.9,7.5,0.4,0.4,0.8,0.091,-3.0,-0.5,-3.5,-0.2,,simsje01,2023
399,Jericho Sims,26,MIL,C,2,0,35,2.8,,,,3.2,17.7,10.7,3.3,0.0,2.7,100.0,1.2,0.0,0.0,0.0,0.032,-4.4,-0.4,-4.8,0.0,,simsje01,2023
400,Gary Harris,30,ORL,SG,29,2,456,6.8,0.531,0.77,0.115,3.3,5.9,4.5,4.6,1.9,1.7,11.6,9.9,0.0,0.6,0.6,0.062,-3.8,1.0,-2.8,-0.1,,harriga01,2023
401,Pelle Larsson,23,MIA,SG,36,1,454,9.0,0.564,0.5,0.311,3.4,9.2,6.3,9.7,1.6,0.8,9.7,13.0,0.3,0.4,0.7,0.079,-4.4,0.4,-4.0,-0.2,,larsspe01,2023
402,Jaylin Williams,22,OKC,PF,27,5,453,14.3,0.509,0.691,0.074,8.3,27.7,18.1,18.2,1.3,4.0,13.0,15.1,0.5,1.1,1.6,0.165,-0.1,2.5,2.4,0.5,,willija07,2023
403,Svi Mykhailiuk,27,UTA,SF,22,12,441,10.9,0.542,0.709,0.122,3.0,10.6,6.8,13.0,1.6,1.3,14.9,22.3,-0.1,0.1,0.0,-0.002,-0.9,-1.7,-2.6,-0.1,,mykhasv01,2023
404,Caleb Houstan,22,ORL,SF,37,5,437,5.7,0.487,0.867,0.105,3.2,6.7,4.9,4.9,0.9,0.7,4.4,11.4,0.1,0.4,0.5,0.055,-4.6,-0.7,-5.3,-0.4,,houstca01,2023
405,Jabari Walker,22,POR,SF,40,1,435,13.5,0.557,0.331,0.315,7.9,25.1,16.4,7.0,2.6,1.0,12.7,16.0,0.3,0.6,0.9,0.096,-2.5,0.4,-2.1,0.0,,walkeja01,2023
406,Jae'Sean Tate,29,HOU,SF,37,2,434,11.5,0.539,0.273,0.373,8.1,11.8,9.9,10.2,2.5,0.6,11.7,13.7,0.5,0.6,1.1,0.12,-3.1,1.6,-1.5,0.1,,tateja01,2023
407,Micah Potter,26,UTA,C,25,9,423,8.4,0.598,0.787,0.133,6.5,18.4,12.5,5.6,0.6,2.0,18.5,9.7,0.2,0.1,0.3,0.039,-2.3,-0.7,-3.0,-0.1,,pottemi01,2023
408,DaQuan Jeffries,27,CHO,SG,22,2,422,8.1,0.505,0.592,0.107,4.4,10.7,7.5,8.5,1.6,2.3,11.5,12.2,0.0,0.4,0.4,0.046,-4.3,0.2,-4.1,-0.2,,jeffrda01,2023
409,Kawhi Leonard,33,LAC,SF,16,16,422,16.5,0.543,0.309,0.15,2.4,16.8,9.6,17.6,2.0,1.7,11.7,28.8,-0.1,0.6,0.6,0.066,-0.3,-0.4,-0.7,0.1,,leonaka01,2023
410,Delon Wright,32,2TM,PG,29,2,418,7.8,0.372,0.595,0.238,4.0,7.9,6.0,14.7,2.8,2.2,13.1,11.1,-0.3,0.5,0.2,0.028,-4.1,1.5,-2.6,-0.1,,wrighde01,2023
411,Delon Wright,32,MIL,PG,26,2,405,7.4,0.365,0.598,0.195,4.1,7.9,6.1,14.6,2.7,2.1,13.6,11.1,-0.3,0.5,0.2,0.023,-4.2,1.4,-2.9,-0.1,,wrighde01,2023
412,Delon Wright,32,NYK,PG,3,0,13,18.3,0.532,0.5,2.0,0.0,8.7,4.4,18.4,3.8,7.1,0.0,12.5,0.0,0.0,0.0,0.176,1.8,3.7,5.5,0.0,,wrighde01,2023
413,Bruce Brown,28,2TM,PG,21,0,418,11.0,0.502,0.273,0.233,4.9,15.9,10.3,10.5,2.1,0.7,10.8,18.8,-0.1,0.3,0.3,0.029,-3.8,-0.6,-4.3,-0.2,,brownbr01,2023
414,Bruce Brown,28,TOR,PG,18,0,353,12.5,0.525,0.275,0.221,5.2,15.9,10.5,11.3,2.3,0.8,11.7,19.5,0.0,0.3,0.4,0.048,-2.6,-0.1,-2.8,-0.1,,brownbr01,2023
415,Bruce Brown,28,NOP,PG,3,0,65,2.5,0.347,0.263,0.316,3.2,15.5,9.1,6.1,0.7,0.0,4.4,14.7,-0.1,0.0,-0.1,-0.075,-9.9,-3.0,-12.9,-0.2,,brownbr01,2023
416,Marcus Smart,30,2TM,PG,20,6,417,11.4,0.509,0.603,0.238,3.6,7.4,5.6,21.5,2.8,1.3,17.7,19.4,0.1,0.5,0.6,0.065,-1.6,0.6,-1.0,0.1,,smartma01,2023
417,Marcus Smart,30,MEM,PG,19,6,400,11.3,0.504,0.608,0.243,3.8,7.5,5.7,22.0,2.7,1.4,17.6,19.8,0.0,0.5,0.5,0.065,-1.6,0.4,-1.2,0.1,,smartma01,2023
418,Marcus Smart,30,WAS,PG,1,0,17,13.9,0.833,0.333,0.0,0.0,6.2,3.1,8.3,5.6,0.0,25.0,9.8,0.0,0.0,0.0,0.082,-1.9,5.0,3.1,0.0,,smartma01,2023
419,Jared Butler,24,2TM,SG,36,1,417,17.5,0.546,0.257,0.252,4.0,8.6,6.3,38.9,1.6,1.6,12.9,26.5,0.5,0.1,0.6,0.069,1.9,-1.2,0.7,0.3,,butleja02,2023
420,Jared Butler,24,WAS,PG,32,0,362,17.8,0.562,0.233,0.256,4.0,7.9,5.9,38.4,1.6,1.3,12.9,25.9,0.5,0.1,0.6,0.079,2.2,-1.3,0.9,0.3,,butleja02,2023
421,Jared Butler,24,PHI,SG,4,1,55,15.6,0.453,0.4,0.233,4.0,13.2,8.4,41.7,1.8,3.7,13.1,30.6,0.0,0.0,0.0,0.002,-0.1,-0.5,-0.6,0.0,,butleja02,2023
422,Keaton Wallace,25,ATL,PG,24,3,416,9.7,0.54,0.528,0.089,1.3,8.0,4.5,17.6,2.5,1.8,18.0,15.3,-0.1,0.4,0.3,0.035,-3.4,1.0,-2.4,0.0,,wallake01,2023
423,Adem Bona,21,PHI,C,38,1,411,11.9,0.702,0.0,0.746,10.2,19.4,14.6,3.8,0.8,6.9,24.2,11.1,0.4,0.4,0.8,0.097,-4.8,0.1,-4.7,-0.3,,bonaad01,2023
424,Kelly Olynyk,33,2TM,C,25,3,407,14.3,0.612,0.363,0.347,6.7,18.1,12.4,20.4,1.9,1.9,20.1,18.6,0.4,0.4,0.8,0.09,-1.0,0.6,-0.4,0.2,,olynyke01,2023
425,Kelly Olynyk,33,TOR,C,24,2,383,15.1,0.624,0.364,0.364,7.1,18.4,12.7,20.7,2.0,2.0,20.4,19.0,0.4,0.4,0.8,0.102,-0.6,0.6,0.0,0.2,,olynyke01,2023
426,Kelly Olynyk,33,NOP,C,1,1,24,1.2,0.333,0.333,0.0,0.0,14.0,6.7,16.6,0.0,0.0,14.3,12.3,0.0,0.0,0.0,-0.098,-7.5,-0.9,-8.3,0.0,,olynyke01,2023
427,KJ Simpson,22,CHO,PG,21,2,404,7.9,0.418,0.432,0.243,5.9,9.0,7.4,19.4,1.8,1.0,14.1,20.0,-0.5,0.3,-0.2,-0.023,-4.9,-0.8,-5.7,-0.4,,simpskj01,2023
428,Rob Dillingham,20,MIN,PG,32,1,403,10.9,0.519,0.364,0.058,2.2,8.1,5.2,30.1,1.6,0.0,18.8,23.5,-0.2,0.4,0.2,0.022,-2.6,-1.2,-3.8,-0.2,,dilliro01,2023
429,Aaron Nesmith,25,IND,SF,19,11,394,11.7,0.612,0.477,0.284,3.2,14.6,8.9,8.6,1.5,1.4,9.6,14.9,0.5,0.3,0.8,0.098,-2.0,-0.4,-2.4,0.0,,nesmiaa01,2023
430,Gui Santos,22,GSW,PF,31,1,389,11.3,0.603,0.651,0.267,8.9,15.1,11.9,12.7,1.5,0.7,17.9,12.6,0.5,0.4,0.9,0.107,-2.3,0.0,-2.4,0.0,,santogu01,2023
431,Reggie Jackson,34,PHI,PG,31,1,384,10.0,0.496,0.556,0.068,2.3,10.7,6.3,17.4,2.1,0.8,11.0,17.7,0.0,0.2,0.2,0.024,-3.0,-0.8,-3.8,-0.2,,jacksre01,2023
432,John Konchar,28,MEM,SG,30,3,379,11.1,0.554,0.697,0.091,7.4,21.5,14.6,8.8,1.7,2.6,12.7,8.3,0.4,0.6,1.0,0.126,-1.0,1.8,0.9,0.3,,konchjo01,2023
433,Trendon Watford,24,BRK,PF,21,0,373,13.7,0.567,0.261,0.333,2.4,16.6,9.3,17.4,1.5,1.6,13.8,24.0,0.1,0.3,0.5,0.06,-2.2,-0.1,-2.3,0.0,,watfotr01,2023
434,Jordan Miller,25,LAC,SF,30,0,372,11.3,0.505,0.286,0.262,6.6,8.9,7.8,12.7,2.0,1.4,13.5,18.8,0.0,0.5,0.4,0.058,-2.4,0.1,-2.3,0.0,,millejo02,2023
435,Chet Holmgren,22,OKC,C,14,14,370,21.0,0.597,0.331,0.439,7.0,26.5,16.8,9.0,1.7,11.0,14.5,23.7,0.4,1.0,1.4,0.183,0.7,3.3,3.9,0.6,,holmgch01,2023
436,David Roddy,23,2TM,PF,29,3,364,11.8,0.578,0.465,0.218,3.5,19.7,11.3,11.8,1.5,2.0,15.3,14.7,0.2,0.3,0.5,0.067,-1.8,0.3,-1.5,0.0,,roddyda01,2023
437,David Roddy,23,ATL,PF,27,3,346,11.8,0.594,0.462,0.237,3.3,18.9,10.9,11.5,1.6,2.1,16.3,14.5,0.2,0.3,0.5,0.071,-1.8,0.4,-1.4,0.1,,roddyda01,2023
438,David Roddy,23,PHI,PF,2,0,18,10.1,0.375,0.5,0.0,6.1,33.6,19.3,17.3,0.0,0.0,0.0,19.6,0.0,0.0,0.0,-0.009,-1.9,-1.7,-3.6,0.0,,roddyda01,2023
439,Trevelin Queen,27,ORL,SG,24,2,360,9.5,0.453,0.534,0.129,6.0,7.5,6.7,13.7,3.3,2.1,14.0,17.2,-0.3,0.6,0.3,0.042,-4.1,2.0,-2.1,0.0,,queentr01,2023
440,Charles Bassey,24,SAS,C,33,1,357,19.4,0.6,0.0,0.292,16.5,27.3,22.0,6.7,1.6,7.2,15.3,18.0,0.5,0.6,1.1,0.144,-1.6,0.4,-1.2,0.1,,bassech01,2023
441,Jaylon Tyson,22,CLE,SG,37,2,352,11.1,0.558,0.396,0.188,9.3,14.4,11.9,12.2,1.2,0.5,15.5,14.9,0.4,0.4,0.8,0.107,-2.2,-0.4,-2.5,0.0,,tysonja01,2023
442,Mo Bamba,26,LAC,C,28,2,352,14.4,0.561,0.485,0.243,8.3,29.6,19.0,6.4,1.2,8.0,14.3,16.3,0.1,0.8,0.9,0.125,-2.7,2.3,-0.4,0.1,,bambamo01,2023
443,Robert Williams,27,POR,C,20,3,351,19.1,0.679,0.038,0.218,10.8,26.3,18.4,8.6,1.8,8.6,16.6,12.3,0.6,0.6,1.2,0.169,0.0,2.9,2.9,0.4,,williro04,2023
444,Ousmane Dieng,21,OKC,C,30,0,333,11.1,0.5,0.571,0.152,5.2,17.1,11.2,10.7,2.2,1.8,11.8,16.2,0.0,0.7,0.7,0.101,-2.6,1.2,-1.4,0.1,,diengou01,2023
445,Craig Porter Jr.,24,CLE,PG,35,0,326,14.5,0.677,0.35,0.163,3.5,10.0,6.8,17.7,1.8,2.7,19.7,13.9,0.5,0.4,1.0,0.14,0.9,1.2,2.1,0.3,,portecr01,2023
446,Dillon Jones,23,OKC,SF,36,0,324,7.6,0.412,0.552,0.23,7.6,16.3,12.0,13.8,1.0,0.9,12.8,14.4,-0.1,0.5,0.4,0.063,-4.3,-0.3,-4.5,-0.2,,jonesdi01,2023
447,Tre Mann,23,CHO,PG,13,0,319,13.6,0.537,0.373,0.13,3.9,9.0,6.4,21.3,1.1,1.2,12.8,25.9,0.0,0.2,0.2,0.034,-0.4,-1.9,-2.3,0.0,,manntr01,2023
448,Zeke Nnaji,24,DEN,PF,36,2,311,10.7,0.543,0.354,0.19,5.2,12.7,9.2,3.5,1.7,4.3,6.6,12.4,0.2,0.3,0.5,0.079,-3.2,-0.1,-3.3,-0.1,,nnajize01,2023
449,Hunter Tyson,24,DEN,PF,40,0,306,6.7,0.505,0.662,0.311,5.3,15.7,10.8,5.3,0.8,1.4,13.4,13.4,0.0,0.2,0.2,0.029,-4.6,-1.8,-6.4,-0.3,,tysonhu01,2023
450,Kessler Edwards,24,DAL,SF,27,7,305,8.7,0.497,0.455,0.055,4.0,16.3,10.3,9.8,1.6,3.1,12.4,9.0,0.1,0.3,0.5,0.072,-3.1,1.4,-1.7,0.0,,edwarke02,2023
451,Rayan Rupert,20,POR,SG,38,0,301,7.9,0.501,0.45,0.25,7.5,9.2,8.4,8.2,1.3,0.6,16.9,14.9,-0.1,0.1,0.0,0.008,-3.2,-1.5,-4.7,-0.2,,ruperra01,2023
452,Paul Reed,25,DET,C,31,0,299,21.4,0.605,0.214,0.296,10.4,19.2,14.8,14.3,5.0,5.8,11.9,17.8,0.6,0.7,1.4,0.219,0.5,4.9,5.3,0.6,,reedpa01,2023
453,Jock Landale,29,HOU,C,28,0,299,16.1,0.547,0.141,0.348,13.2,19.3,16.2,11.7,1.0,2.7,10.9,16.4,0.5,0.4,0.9,0.151,0.1,0.6,0.7,0.2,,landajo01,2023
454,Alex Len,31,2TM,C,39,3,293,12.2,0.541,0.13,0.283,10.2,17.4,13.8,13.6,1.3,6.2,17.5,9.1,0.3,0.3,0.7,0.113,-2.6,2.0,-0.6,0.1,,lenal01,2023
455,Alex Len,31,SAC,C,36,3,258,13.0,0.557,0.146,0.317,10.7,16.7,13.7,14.5,1.5,6.7,19.1,9.5,0.3,0.3,0.6,0.119,-2.1,2.3,0.2,0.1,,lenal01,2023
456,Alex Len,31,LAL,C,3,0,35,6.6,0.4,0.0,0.0,6.7,21.9,14.5,7.1,0.0,2.7,0.0,6.3,0.0,0.0,0.0,0.068,-6.0,-0.4,-6.4,0.0,,lenal01,2023
457,Blake Wesley,21,SAS,SG,33,0,291,11.1,0.531,0.274,0.274,2.2,6.1,4.2,28.5,2.3,0.9,22.9,17.9,-0.1,0.2,0.1,0.023,-3.0,-0.5,-3.5,-0.1,,weslebl01,2023
458,Malaki Branham,21,SAS,SG,32,0,291,9.3,0.557,0.461,0.174,1.1,11.2,6.2,13.0,1.2,0.6,18.4,22.3,-0.3,0.2,-0.2,-0.025,-2.9,-1.9,-4.8,-0.2,,branhma01,2023
459,Richaun Holmes,31,WAS,PF,18,4,290,17.1,0.678,0.045,0.403,11.0,21.6,16.3,10.2,0.3,4.1,11.3,12.8,0.7,0.1,0.9,0.141,-0.2,-0.3,-0.5,0.1,,holmeri01,2023
460,Sandro Mamukelashvili,25,SAS,PF,34,0,287,20.3,0.686,0.577,0.26,7.9,22.7,15.3,9.5,1.5,2.8,10.1,19.2,0.7,0.3,1.0,0.172,3.5,0.1,3.6,0.4,,mamuksa01,2023
461,Jalen Pickett,25,DEN,SG,26,0,287,11.0,0.545,0.526,0.026,2.0,9.1,5.7,20.2,1.2,0.9,12.2,13.2,0.3,0.1,0.5,0.079,-0.9,-1.2,-2.1,0.0,,pickeja02,2023
462,Jordan Walsh,20,BOS,PF,38,1,286,6.9,0.473,0.696,0.214,4.9,10.2,7.6,4.9,1.6,2.5,12.8,10.7,-0.1,0.4,0.3,0.051,-4.0,0.6,-3.4,-0.1,,walshjo01,2023
463,Taj Gibson,39,CHO,C,24,11,286,11.0,0.5,0.032,0.254,14.2,20.8,17.4,7.1,1.4,4.2,20.4,13.0,0.0,0.4,0.3,0.057,-5.1,0.2,-4.9,-0.2,,gibsota01,2023
464,Landry Shamet,27,NYK,SG,24,0,277,8.1,0.546,0.569,0.097,2.1,6.1,4.1,6.8,1.8,0.7,10.7,13.1,0.1,0.2,0.2,0.036,-3.0,-0.2,-3.3,-0.1,,shamela01,2023
465,Jeff Dowtin,27,PHI,PG,25,0,274,11.0,0.46,0.291,0.198,1.6,11.5,6.3,20.2,1.5,1.5,4.1,15.7,0.1,0.1,0.3,0.047,-2.4,-0.3,-2.6,0.0,,dowtije01,2023
466,Patty Mills,36,2TM,PG,20,0,272,6.1,0.456,0.759,0.063,1.2,7.2,4.2,11.8,2.3,1.0,16.5,15.0,-0.3,0.1,-0.2,-0.037,-4.5,-0.1,-4.6,-0.2,,millspa02,2023
467,Patty Mills,36,UTA,PG,17,0,260,6.3,0.473,0.75,0.066,1.3,7.5,4.4,11.0,2.2,1.1,17.0,15.2,-0.3,0.1,-0.2,-0.034,-4.3,-0.1,-4.4,-0.2,,millspa02,2023
468,Patty Mills,36,LAC,PG,3,0,12,1.0,0.0,1.0,0.0,0.0,0.0,0.0,29.6,4.1,0.0,0.0,10.8,0.0,0.0,0.0,-0.082,-9.4,0.0,-9.3,0.0,,millspa02,2023
469,Dru Smith,27,MIA,SG,14,1,268,13.4,0.656,0.492,0.197,4.9,9.6,7.3,12.3,3.9,2.1,20.4,13.7,0.2,0.4,0.6,0.116,-1.4,3.3,1.9,0.3,,smithdr01,2023
470,Isaiah Wong,24,CHO,SG,20,0,265,11.1,0.5,0.314,0.324,5.5,7.5,6.4,16.5,2.0,0.0,13.0,22.1,-0.1,0.2,0.1,0.024,-2.8,-1.1,-3.9,-0.1,,wongis01,2023
471,Doug McDermott,33,SAC,SF,31,3,260,8.4,0.608,0.847,0.059,0.8,6.4,3.6,2.0,0.7,0.4,5.4,15.1,0.2,0.1,0.3,0.051,-2.1,-2.4,-4.5,-0.2,,mcderdo01,2023
472,Antonio Reeves,24,NOP,SG,25,0,260,10.1,0.502,0.526,0.082,3.6,8.2,5.8,10.6,1.7,0.4,8.2,17.8,0.0,0.0,0.0,0.002,-1.9,-2.1,-4.0,-0.1,,reevean01,2023
473,Jamal Cain,25,NOP,SF,21,0,259,9.5,0.514,0.563,0.281,6.8,13.8,10.2,5.8,1.7,2.5,12.2,13.3,0.0,0.1,0.1,0.023,-3.4,-0.6,-4.0,-0.1,,cainja01,2023
474,Karlo Matković,23,NOP,PF,18,2,259,12.1,0.588,0.302,0.208,9.6,18.1,13.7,7.3,1.9,7.6,23.7,12.3,0.1,0.2,0.3,0.054,-4.4,0.6,-3.7,-0.1,,matkoka01,2023
475,Quenton Jackson,26,IND,PG,18,7,254,13.2,0.598,0.316,0.276,4.4,7.4,5.9,16.4,1.7,1.8,11.4,16.4,0.4,0.2,0.5,0.103,-1.7,-0.4,-2.2,0.0,,jacksqu01,2023
476,Wendell Moore Jr.,23,2TM,SG,22,1,254,10.6,0.503,0.234,0.234,6.0,14.3,10.2,11.8,1.9,1.1,12.4,13.4,0.1,0.3,0.4,0.074,-2.9,0.4,-2.5,0.0,,moorewe01,2023
477,Wendell Moore Jr.,23,DET,SG,20,1,219,12.6,0.561,0.28,0.28,5.6,16.6,11.1,13.7,2.2,1.3,13.8,12.6,0.2,0.3,0.5,0.115,-1.8,1.6,-0.2,0.1,,moorewe01,2023
478,Wendell Moore Jr.,23,CHO,SG,2,0,35,-1.9,0.277,0.071,0.071,8.9,0.0,4.6,0.0,0.0,0.0,6.5,18.7,-0.1,0.0,-0.1,-0.186,-9.8,-7.1,-16.9,-0.1,,moorewe01,2023
479,Elfrid Payton,30,2TM,PG,12,5,253,8.8,0.402,0.015,0.031,2.5,12.7,7.4,36.8,2.9,1.9,29.1,15.5,-0.4,0.2,-0.2,-0.035,-5.6,0.2,-5.4,-0.2,,paytoel01,2023
480,Elfrid Payton,30,NOP,PG,7,3,144,14.7,0.501,0.022,0.043,3.6,14.8,9.0,49.2,3.4,1.9,29.9,19.6,-0.1,0.1,0.0,0.008,-2.3,0.2,-2.1,0.0,,paytoel01,2023
481,Elfrid Payton,30,CHO,PG,5,2,109,1.1,0.158,0.0,0.0,1.0,10.1,5.4,20.3,2.3,1.8,26.9,10.1,-0.3,0.1,-0.2,-0.092,-10.1,0.2,-9.8,-0.2,,paytoel01,2023
482,Quinten Post,24,GSW,PF,18,7,252,17.5,0.64,0.641,0.087,6.9,19.3,12.9,16.5,0.6,1.5,9.3,19.6,0.6,0.2,0.9,0.163,2.8,-0.3,2.5,0.3,,postqu01,2023
483,Dwight Powell,33,DAL,C,33,0,251,14.7,0.785,0.056,1.667,9.8,15.6,12.7,11.2,2.3,5.2,18.3,6.5,0.6,0.4,1.0,0.191,-0.8,3.4,2.6,0.3,,poweldw01,2023
484,GG Jackson II,20,MEM,PF,14,0,247,12.6,0.542,0.496,0.261,7.4,13.8,10.7,6.6,1.1,1.1,12.3,23.6,0.0,0.3,0.3,0.058,-0.8,-2.2,-3.0,-0.1,,jacksgg01,2023
485,Christian Koloko,24,LAL,C,29,0,246,13.8,0.677,0.047,0.186,13.3,16.1,14.7,6.6,1.4,3.0,13.1,9.6,0.5,0.3,0.8,0.157,-2.0,0.2,-1.8,0.0,,kolokch01,2023
486,Johnny Furphy,20,IND,SG,35,0,245,8.6,0.509,0.561,0.158,7.8,10.4,9.1,5.0,1.8,3.0,12.9,12.4,0.0,0.2,0.2,0.047,-2.8,-0.4,-3.2,-0.1,,furphjo01,2023
487,Trey Jemison,25,2TM,C,25,0,243,9.9,0.5,0.0,0.481,12.8,17.4,15.1,6.7,1.6,4.2,18.2,13.5,0.0,0.2,0.2,0.031,-6.2,-0.2,-6.4,-0.3,,jemistr01,2023
488,Trey Jemison,25,NOP,C,16,0,166,9.4,0.461,0.0,0.656,13.8,14.8,14.3,8.1,2.0,3.4,19.5,13.0,-0.1,0.1,0.0,0.01,-5.8,-0.5,-6.3,-0.2,,jemistr01,2023
489,Trey Jemison,25,LAL,C,9,0,77,10.8,0.574,0.0,0.2,10.6,22.8,16.9,3.7,0.6,6.1,15.5,14.7,0.0,0.1,0.1,0.076,-6.9,0.4,-6.5,-0.1,,jemistr01,2023
490,Johnny Davis,22,WAS,SG,34,0,242,10.2,0.473,0.372,0.192,4.3,12.3,8.2,6.6,2.9,2.3,7.6,15.8,-0.1,0.2,0.0,0.008,-3.5,0.6,-2.8,-0.1,,davisjo06,2023
491,Orlando Robinson,24,2TM,C,21,1,233,9.9,0.47,0.221,0.324,9.3,18.9,14.1,13.7,1.5,1.6,15.3,16.7,0.0,0.2,0.1,0.03,-4.8,0.1,-4.7,-0.2,,robinor01,2023
492,Orlando Robinson,24,SAC,C,9,0,57,12.1,0.473,0.294,0.412,5.8,21.4,13.6,20.6,2.5,1.7,16.6,18.0,0.0,0.1,0.1,0.047,-4.1,1.1,-3.0,0.0,,robinor01,2023
493,Orlando Robinson,24,TOR,C,12,1,176,9.2,0.469,0.196,0.294,10.5,18.2,14.3,11.4,1.1,1.6,14.8,16.3,0.0,0.1,0.1,0.025,-5.0,-0.3,-5.2,-0.1,,robinor01,2023
494,Reece Beekman,23,2TM,PG,23,0,231,6.6,0.405,0.389,0.167,2.4,5.2,3.7,19.3,2.8,0.9,17.2,13.3,-0.2,0.2,0.0,-0.01,-6.4,0.7,-5.7,-0.2,,beekmre01,2023
495,Reece Beekman,23,GSW,PG,2,0,4,42.4,1.0,0.0,0.0,25.6,0.0,13.3,41.7,12.1,0.0,0.0,10.5,0.0,0.0,0.0,0.591,9.9,16.1,26.0,0.0,,beekmre01,2023
496,Reece Beekman,23,BRK,PG,21,0,227,5.9,0.395,0.396,0.17,2.0,5.2,3.5,18.9,2.6,0.9,17.4,13.3,-0.3,0.2,-0.1,-0.02,-6.7,0.4,-6.2,-0.2,,beekmre01,2023
497,Tristan Thompson,33,CLE,C,30,0,228,8.1,0.4,0.061,0.449,9.4,31.4,20.8,10.4,0.2,3.1,15.8,13.0,-0.2,0.4,0.2,0.044,-5.2,0.3,-4.9,-0.2,,thomptr01,2023
498,Bol Bol,25,PHO,PF,20,2,228,17.2,0.571,0.505,0.162,6.5,19.5,13.2,5.6,1.1,6.9,10.2,22.8,0.0,0.2,0.3,0.058,0.3,-1.0,-0.7,0.1,,bolbo01,2023
499,Cory Joseph,33,ORL,PG,31,0,227,8.3,0.486,0.689,0.066,2.9,9.2,5.8,15.4,2.4,1.3,14.9,14.1,-0.1,0.3,0.2,0.051,-4.1,1.1,-3.0,-0.1,,josepco01,2023
500,Josh Minott,22,MIN,SF,33,0,224,12.9,0.534,0.437,0.183,4.5,13.7,9.1,9.1,2.6,4.6,9.4,16.4,0.1,0.4,0.5,0.111,-2.7,2.8,0.1,0.1,,minotjo01,2023
501,Bones Hyland,24,LAC,PG,20,0,222,16.5,0.569,0.696,0.226,2.5,9.5,6.0,19.6,4.0,1.8,16.0,29.2,0.0,0.4,0.4,0.093,1.3,1.8,3.1,0.3,,hylanbo01,2023
502,Jaylen Clark,23,MIN,SG,15,1,221,10.4,0.531,0.429,0.286,6.6,5.4,6.0,5.0,2.7,0.4,3.1,12.7,0.3,0.3,0.5,0.116,-3.3,1.5,-1.8,0.0,,clarkja02,2023
503,Isaac Jones,24,SAC,PF,25,0,218,13.2,0.655,0.069,0.448,7.1,12.2,9.6,5.1,0.7,3.5,14.7,15.9,0.3,0.1,0.4,0.086,-2.4,-1.0,-3.3,-0.1,,jonesis01,2023
504,Jeff Green,38,HOU,PF,17,2,209,14.0,0.674,0.641,0.281,2.5,11.5,6.9,4.8,0.7,0.4,6.5,15.1,0.5,0.2,0.7,0.164,0.1,-0.4,-0.3,0.1,,greenje02,2023
505,Anthony Gill,32,WAS,PF,37,0,208,9.2,0.586,0.341,0.636,3.0,11.7,7.3,4.7,1.4,0.9,9.6,12.5,0.1,0.0,0.2,0.04,-3.4,-1.0,-4.4,-0.1,,gillan01,2023
506,Kai Jones,24,LAC,C,28,0,208,14.5,0.739,0.056,0.333,8.1,16.5,12.3,6.7,1.4,6.3,19.5,10.6,0.3,0.4,0.7,0.159,-2.0,2.5,0.5,0.1,,joneska01,2023
507,Kevin Love,36,MIA,PF,19,6,207,16.1,0.484,0.586,0.192,9.0,31.1,20.2,14.3,3.4,0.9,10.8,25.7,-0.1,0.4,0.3,0.069,-0.6,0.7,0.2,0.1,,loveke01,2023
508,Ariel Hukporti,22,NYK,C,24,0,201,7.4,0.631,0.0,0.5,7.0,20.7,13.9,6.6,0.2,6.4,36.2,10.7,-0.1,0.2,0.1,0.019,-6.2,0.8,-5.4,-0.2,,hukpoar01,2023
509,Dario Šarić,30,DEN,C,14,4,199,7.2,0.42,0.444,0.185,8.2,18.3,13.5,12.9,1.7,0.4,19.3,15.4,-0.2,0.2,0.0,-0.003,-4.5,-0.4,-4.9,-0.1,,saricda01,2023
510,Xavier Tillman Sr.,26,BOS,C,27,1,196,2.8,0.298,0.561,0.049,4.4,15.4,9.9,4.4,2.0,2.3,17.7,11.3,-0.5,0.3,-0.1,-0.036,-7.6,0.3,-7.3,-0.3,,tillmxa01,2023
511,Jordan McLaughlin,28,2TM,PG,30,0,194,9.4,0.519,0.591,0.364,2.3,9.7,6.0,16.6,2.7,0.0,17.7,13.6,0.0,0.2,0.2,0.048,-3.8,0.2,-3.6,-0.1,,mclaujo01,2023
512,Jordan McLaughlin,28,SAC,PG,28,0,190,9.3,0.519,0.591,0.364,2.3,9.9,6.1,15.7,2.8,0.0,17.7,13.9,0.0,0.2,0.2,0.045,-3.9,0.2,-3.7,-0.1,,mclaujo01,2023
513,Jordan McLaughlin,28,SAS,PG,2,0,4,11.0,,,,0.0,0.0,0.0,58.4,0.0,0.0,,0.0,0.0,0.0,0.0,0.205,-0.2,-0.9,-1.2,0.0,,mclaujo01,2023
514,Jevon Carter,29,CHI,PG,26,0,188,13.3,0.544,0.707,0.098,1.1,12.7,6.9,19.6,1.7,0.5,9.5,21.0,0.1,0.1,0.2,0.054,-0.1,-1.6,-1.7,0.0,,carteje01,2023
515,Pat Spencer,28,GSW,PG,24,0,175,13.2,0.456,0.174,0.217,5.8,14.5,10.0,29.8,2.8,1.6,14.7,21.2,0.0,0.2,0.2,0.058,-2.7,1.7,-0.9,0.0,,spencpa01,2023
516,Kobe Brown,25,LAC,PF,23,0,174,13.4,0.554,0.346,0.096,9.7,20.4,15.1,13.2,0.8,1.2,11.4,15.2,0.2,0.2,0.4,0.121,-0.9,0.1,-0.8,0.1,,brownko01,2023
517,Jarred Vanderbilt,25,LAL,PF,11,0,168,11.8,0.479,0.276,0.345,13.9,26.1,20.2,9.9,3.8,0.6,23.0,11.4,0.0,0.3,0.3,0.094,-3.5,1.9,-1.6,0.0,,vandeja01,2023
518,Jaylen Nowell,25,NOP,SG,8,0,168,7.6,0.43,0.37,0.151,3.7,9.3,6.4,15.7,0.3,2.2,9.3,21.5,-0.2,0.0,-0.2,-0.07,-3.1,-2.6,-5.7,-0.2,,nowelja01,2023
519,Marvin Bagley III,25,2TM,PF,20,1,168,19.8,0.573,0.141,0.324,16.6,18.3,17.5,7.0,2.0,2.7,11.9,22.9,0.2,0.1,0.3,0.087,1.0,-2.0,-1.1,0.0,,baglema01,2023
520,Marvin Bagley III,25,WAS,C,19,1,166,20.0,0.573,0.141,0.324,16.8,18.6,17.7,7.1,2.0,2.7,11.9,23.1,0.2,0.1,0.3,0.088,1.1,-2.0,-1.0,0.0,,baglema01,2023
521,Marvin Bagley III,25,MEM,PF,1,0,2,0.0,,,,0.0,0.0,0.0,0.0,0.0,0.0,,0.0,0.0,0.0,0.0,0.008,-6.2,-3.1,-9.4,0.0,,baglema01,2023
522,Devin Carter,22,SAC,PG,17,0,161,10.0,0.428,0.508,0.295,4.1,23.4,13.7,16.9,1.5,1.8,10.4,20.3,-0.1,0.2,0.0,0.011,-3.8,-0.7,-4.5,-0.1,,cartede02,2023
523,Brandon Williams,25,DAL,PG,19,0,160,11.6,0.579,0.415,0.321,1.4,8.6,5.1,18.9,1.5,0.5,17.7,19.6,0.1,0.1,0.2,0.054,-2.1,-0.7,-2.8,0.0,,willibr03,2023
524,Dante Exum,29,DAL,PG,8,6,159,17.9,0.604,0.339,0.339,1.4,8.0,4.8,27.9,1.8,1.1,11.2,21.6,0.4,0.1,0.5,0.145,1.7,-0.3,1.4,0.1,,exumda01,2023
525,Jaden Springer,22,2TM,SG,28,0,156,13.0,0.573,0.541,0.622,3.5,14.5,9.0,10.3,3.8,0.6,11.3,14.8,0.2,0.3,0.4,0.137,-3.4,3.5,0.1,0.1,,sprinja01,2023
526,Jaden Springer,22,BOS,SG,26,0,141,12.0,0.52,0.559,0.618,3.1,15.3,9.2,9.2,4.2,0.6,8.5,14.6,0.1,0.3,0.4,0.132,-4.4,3.9,-0.4,0.1,,sprinja01,2023
527,Jaden Springer,22,UTA,PG,2,0,15,22.1,1.16,0.333,0.667,7.4,7.2,7.3,21.1,0.0,0.0,34.0,16.5,0.1,0.0,0.1,0.181,5.5,0.0,5.5,0.0,,sprinja01,2023
528,Josh Richardson,31,MIA,SG,8,0,150,4.4,0.402,0.579,0.105,4.4,4.3,4.3,10.8,2.7,0.6,16.8,14.1,-0.2,0.1,-0.1,-0.024,-7.3,0.4,-6.9,-0.2,,richajo01,2023
529,Tyler Kolek,23,NYK,PG,29,0,148,10.9,0.534,0.596,0.128,1.6,9.9,5.8,18.8,2.3,0.6,15.3,17.1,0.1,0.1,0.2,0.062,-2.7,0.0,-2.7,0.0,,kolekty01,2023
530,Duop Reath,28,POR,C,27,0,148,12.0,0.545,0.655,0.172,7.3,12.0,9.6,8.0,0.3,1.9,7.4,19.2,0.2,0.1,0.2,0.072,-0.9,-2.1,-3.0,0.0,,reathdu01,2023
531,Bruno Fernando,26,TOR,C,17,2,147,15.5,0.552,0.0,0.163,15.5,22.5,19.0,17.9,1.3,5.9,21.0,19.2,0.1,0.2,0.2,0.076,-2.7,2.0,-0.7,0.0,,fernabr01,2023
532,Terrence Shannon Jr.,24,MIN,SG,17,0,147,11.6,0.523,0.32,0.16,3.8,9.7,6.8,17.2,1.7,1.3,13.0,18.1,0.0,0.2,0.2,0.07,-2.4,0.8,-1.7,0.0,,shannte01,2023
533,Luka Garza,26,MIN,C,24,0,140,15.6,0.519,0.319,0.222,19.2,14.0,16.6,6.0,0.7,0.7,9.2,26.9,0.1,0.1,0.3,0.087,-3.4,-3.6,-7.0,-0.2,,garzalu01,2023
534,Enrique Freeman,24,IND,PF,19,1,139,6.1,0.521,0.24,0.52,4.9,10.3,7.6,7.1,0.7,1.3,14.0,11.1,0.0,0.1,0.1,0.026,-5.2,-1.6,-6.7,-0.2,,freemen01,2023
535,Dominick Barlow,21,ATL,SF,17,2,138,12.2,0.535,0.283,0.174,6.0,16.1,10.9,4.0,1.0,4.7,3.9,15.2,0.1,0.1,0.2,0.076,-2.4,-0.6,-3.0,0.0,,barlodo01,2023
536,Elijah Harkless,24,UTA,SG,10,0,138,8.0,0.425,0.714,0.171,7.2,9.4,8.3,7.7,3.5,0.7,7.4,12.4,0.0,0.1,0.1,0.028,-5.1,1.4,-3.7,-0.1,,harklej01,2023
537,Mouhamed Gueye,22,ATL,PF,9,5,136,13.4,0.442,0.5,0.161,5.4,21.2,13.1,5.1,3.4,6.1,3.2,18.6,-0.1,0.2,0.2,0.06,-2.6,2.2,-0.4,0.1,,gueyemo02,2023
538,Torrey Craig,34,2TM,SF,11,1,131,18.7,0.697,0.787,0.085,7.3,14.2,10.8,7.6,0.7,3.4,0.0,15.6,0.4,0.1,0.5,0.189,4.5,0.1,4.7,0.2,,craigto01,2023
539,Torrey Craig,34,CHI,SF,9,1,113,17.3,0.663,0.778,0.089,7.4,15.6,11.5,6.4,0.8,0.8,0.0,17.3,0.3,0.1,0.4,0.164,3.3,-1.4,1.9,0.1,,craigto01,2023
540,Torrey Craig,34,BOS,SF,2,0,18,27.6,1.5,1.0,0.0,6.0,6.0,6.0,14.8,0.0,20.2,0.0,4.8,0.1,0.0,0.1,0.343,12.1,9.6,21.8,0.1,,craigto01,2023
541,Colby Jones,22,SAC,SG,24,0,130,8.6,0.5,0.385,0.0,6.8,12.8,9.8,6.7,2.2,5.2,21.2,10.8,-0.1,0.2,0.1,0.035,-3.8,1.1,-2.7,0.0,,jonesco02,2023
542,Drew Peterson,25,BOS,PF,14,0,127,11.9,0.677,0.76,0.28,4.3,18.7,11.5,11.3,0.8,1.4,15.1,11.3,0.2,0.2,0.4,0.149,-0.6,1.6,1.0,0.1,,peterdr01,2023
543,MarJon Beauchamp,24,2TM,SF,28,0,127,9.1,0.507,0.469,0.245,6.1,20.4,13.5,10.0,1.1,0.7,19.3,23.1,-0.2,0.1,-0.1,-0.025,-4.1,-1.9,-6.1,-0.1,,beaucma01,2023
544,MarJon Beauchamp,24,MIL,SF,26,0,122,8.6,0.497,0.447,0.255,6.4,21.2,14.0,9.1,1.2,0.8,19.9,23.3,-0.2,0.1,-0.1,-0.038,-4.8,-2.0,-6.8,-0.1,,beaucma01,2023
545,MarJon Beauchamp,24,LAC,SF,2,0,5,22.1,0.75,1.0,0.0,0.0,0.0,0.0,31.0,0.0,0.0,0.0,17.2,0.0,0.0,0.0,0.294,11.8,0.6,12.3,0.0,,beaucma01,2023
546,Kobe Bufkin,21,ATL,SG,10,0,124,10.6,0.483,0.404,0.383,4.2,14.3,9.1,18.7,1.1,1.5,12.7,20.7,0.0,0.1,0.1,0.019,-3.5,-0.5,-4.1,-0.1,,bufkiko01,2023
547,Cam Spencer,24,MEM,SG,10,0,121,11.4,0.589,0.533,0.3,4.4,10.2,7.4,15.9,1.1,0.8,12.8,12.8,0.2,0.1,0.3,0.128,-1.5,0.2,-1.3,0.0,,spencca01,2023
548,De'Anthony Melton,26,GSW,SG,6,2,121,13.4,0.539,0.648,0.148,5.1,12.8,8.8,21.0,2.8,1.6,14.8,23.4,0.0,0.2,0.2,0.072,-1.5,0.6,-0.9,0.0,,meltode01,2023
549,Tristan Vukcevic,21,WAS,C,15,0,117,20.4,0.617,0.473,0.273,8.0,23.6,15.7,17.5,1.2,2.3,11.5,24.8,0.2,0.1,0.3,0.117,2.6,-0.4,2.1,0.1,,vukcetr01,2023
550,Vince Williams Jr.,24,MEM,SG,7,0,110,9.5,0.432,0.442,0.233,10.7,17.8,14.4,17.2,1.3,1.7,14.4,20.1,-0.1,0.1,0.1,0.032,-3.1,0.4,-2.7,0.0,,willivi01,2023
551,Branden Carlson,25,OKC,C,19,0,107,18.1,0.677,0.795,0.051,5.0,20.7,12.9,7.6,0.9,5.7,7.0,17.0,0.3,0.2,0.5,0.219,2.5,1.1,3.5,0.2,,carlsbr01,2023
552,Joe Ingles,37,MIN,SF,16,0,103,4.6,0.395,0.632,0.0,2.2,9.5,5.9,25.2,1.0,0.0,26.9,10.9,-0.1,0.1,0.0,0.012,-5.5,0.4,-5.1,-0.1,,inglejo01,2023
553,Patrick Baldwin Jr.,22,WAS,SF,22,0,101,14.6,0.676,0.636,0.121,5.1,17.9,11.4,3.0,1.4,1.8,12.6,16.4,0.1,0.0,0.1,0.067,1.4,-1.7,-0.3,0.0,,baldwpa01,2023
554,Damion Lee,32,PHO,SG,15,0,100,10.7,0.47,0.49,0.333,2.3,11.7,7.1,11.9,2.0,0.0,9.3,28.5,-0.1,0.1,-0.1,-0.039,-4.2,-2.0,-6.3,-0.1,,leeda03,2023
555,Pacome Dadiet,19,NYK,SG,14,0,95,7.3,0.459,0.63,0.111,0.0,16.6,8.4,6.4,1.6,1.9,6.6,13.8,0.0,0.1,0.0,0.019,-4.0,-0.9,-4.9,-0.1,,dadiepa01,2023
556,Jordan Goodwin,26,LAL,PG,5,0,95,15.9,0.662,0.385,0.038,9.8,16.2,13.1,7.5,2.6,1.0,10.2,13.6,0.2,0.1,0.3,0.155,-0.8,1.2,0.5,0.1,,goodwjo01,2023
557,Adam Flagler,25,OKC,SG,22,0,92,-0.9,0.282,0.8,0.0,3.5,5.7,4.6,0.0,2.6,2.2,1.8,25.8,-0.5,0.2,-0.3,-0.166,-11.3,-3.7,-14.9,-0.3,,flaglad01,2023
558,Jae Crowder,34,SAC,PF,7,2,92,6.7,0.509,0.706,0.353,7.2,13.2,10.2,5.3,1.6,0.0,16.9,10.9,0.0,0.1,0.1,0.035,-4.0,-0.5,-4.5,-0.1,,crowdja01,2023
559,TyTy Washington Jr.,23,PHO,PG,7,0,87,10.2,0.415,0.469,0.125,5.2,9.8,7.6,19.3,1.7,0.0,5.6,18.1,0.0,0.0,0.0,0.003,-3.0,-1.5,-4.5,-0.1,,washity02,2023
560,Isaiah Jackson,23,IND,C,5,1,84,18.4,0.6,0.0,0.609,14.8,22.4,18.6,8.1,1.7,8.8,14.6,17.6,0.1,0.1,0.3,0.148,-1.1,1.5,0.4,0.1,,jacksis01,2023
561,Trey Alexander,21,DEN,SG,18,0,79,2.1,0.362,0.417,0.083,0.0,11.9,6.2,10.4,0.6,1.1,10.8,14.9,-0.1,0.0,-0.1,-0.064,-8.1,-1.8,-9.9,-0.2,,alexatr01,2023
562,Tyler Smith,20,MIL,PF,15,0,75,16.6,0.615,0.588,0.118,5.9,20.7,13.6,8.3,1.3,3.7,14.4,24.2,0.0,0.1,0.1,0.078,1.0,0.0,1.0,0.1,,smithty02,2023
563,Taylor Hendricks,21,UTA,PF,3,3,75,7.2,0.354,0.667,0.222,7.4,14.4,10.9,3.4,3.2,5.1,9.2,12.2,-0.1,0.1,0.0,-0.002,-4.5,1.3,-3.2,0.0,,hendrta01,2023
564,Chris Duarte,27,CHI,SG,17,0,74,16.6,0.61,0.577,0.308,7.1,21.0,14.1,16.9,0.0,0.0,3.3,17.3,0.2,0.0,0.3,0.163,2.2,-1.3,0.9,0.1,,duartch01,2023
565,Alex Ducas,24,OKC,SG,16,0,74,8.9,0.523,0.727,0.0,7.3,14.2,10.8,3.3,1.3,0.0,8.3,13.8,0.0,0.1,0.1,0.096,-2.1,-0.9,-3.1,0.0,,ducasal01,2023
566,Baylor Scheierman,24,BOS,SG,13,0,74,3.3,0.226,0.737,0.105,2.9,23.4,13.2,11.5,2.0,0.0,4.8,12.3,-0.2,0.1,0.0,-0.024,-8.2,1.4,-6.8,-0.1,,scheiba01,2023
567,Bronny James,20,LAL,SG,17,0,72,4.5,0.36,0.464,0.321,1.6,9.1,5.5,14.6,2.7,2.6,13.5,22.6,-0.2,0.1,-0.2,-0.104,-8.0,-0.7,-8.7,-0.1,,jamesbr02,2023
568,AJ Johnson,20,2TM,SG,10,0,70,8.5,0.484,0.37,0.074,0.0,13.4,6.8,24.7,0.7,0.0,15.2,20.2,-0.1,0.0,0.0,-0.022,-4.7,-2.1,-6.8,-0.1,,johnsaj01,2023
569,AJ Johnson,20,MIL,SG,7,0,44,10.7,0.503,0.263,0.105,0.0,16.5,8.5,23.2,1.1,0.0,16.8,23.6,-0.1,0.0,0.0,-0.019,-3.2,-2.1,-5.3,0.0,,johnsaj01,2023
570,AJ Johnson,20,WAS,SG,3,0,26,4.6,0.438,0.625,0.0,0.0,8.2,4.0,27.1,0.0,0.0,11.1,14.4,0.0,0.0,0.0,-0.027,-7.2,-2.0,-9.3,0.0,,johnsaj01,2023
571,Matt Ryan,27,NYK,SF,19,0,68,6.2,0.439,0.613,0.065,0.0,13.2,6.7,5.8,1.4,0.0,8.6,22.2,-0.1,0.0,-0.1,-0.06,-4.9,-2.6,-7.6,-0.1,,ryanma01,2023
572,Pete Nance,24,PHI,C,7,0,68,5.4,0.472,0.8,0.133,3.3,14.2,8.5,6.0,0.7,0.0,0.0,10.3,0.0,0.0,0.1,0.036,-4.4,-2.0,-6.4,-0.1,,nancepe01,2023
573,Armel Traoré,22,LAL,SF,9,0,67,3.5,0.317,0.368,0.368,3.5,21.3,12.6,1.9,2.9,2.8,12.0,16.4,-0.2,0.1,-0.1,-0.092,-9.4,-0.5,-10.0,-0.1,,armeltr01,2023
574,Garrett Temple,38,TOR,SG,17,0,66,8.1,0.328,0.467,0.267,3.3,13.4,8.3,20.4,4.4,2.9,19.3,13.3,-0.1,0.1,0.0,-0.003,-5.2,3.5,-1.7,0.0,,templga01,2023
575,Yuki Kawamura,23,MEM,PG,20,0,63,9.0,0.487,0.727,0.273,0.0,11.5,5.8,27.4,0.7,0.0,14.0,18.1,0.0,0.0,0.1,0.064,-3.8,-0.9,-4.7,0.0,,kawamyu01,2023
576,Markieff Morris,35,2TM,PF,10,0,61,2.9,0.35,0.625,0.063,0.0,15.6,8.0,15.6,0.8,1.4,8.4,25.4,-0.2,0.0,-0.2,-0.131,-7.5,-2.9,-10.4,-0.1,,morrima02,2023
577,Markieff Morris,35,DAL,PF,7,0,41,0.0,0.273,0.591,0.0,0.0,20.6,10.6,12.9,1.2,2.1,8.3,25.0,-0.2,0.0,-0.2,-0.206,-10.2,-2.9,-13.1,-0.1,,morrima02,2023
578,Markieff Morris,35,LAL,PF,3,0,20,8.8,0.506,0.7,0.2,0.0,5.5,2.8,21.2,0.0,0.0,8.4,26.1,0.0,0.0,0.0,0.023,-2.1,-2.9,-5.0,0.0,,morrima02,2023
579,Stanley Umude,25,MIL,SG,19,0,60,3.2,0.276,0.55,0.2,7.4,17.2,12.5,4.2,2.4,3.1,8.4,17.2,-0.2,0.1,-0.1,-0.093,-8.0,-1.1,-9.1,-0.1,,umudest01,2023
580,Kylor Kelley,27,DAL,C,7,1,60,18.0,0.806,0.0,0.545,14.8,21.1,18.1,2.3,0.0,2.9,6.8,10.4,0.2,0.1,0.3,0.218,-0.7,-1.9,-2.6,0.0,,kelleky01,2023
581,Damion Baugh,24,CHO,SG,2,0,59,20.0,0.895,0.467,0.267,0.0,9.3,4.5,25.1,2.5,0.0,19.3,14.9,0.2,0.1,0.3,0.221,1.4,2.2,3.6,0.1,,baughda01,2023
582,Moses Brown,25,2TM,C,10,0,58,15.1,0.64,0.0,0.227,9.7,22.6,16.3,4.3,2.5,3.1,24.8,24.0,-0.1,0.1,0.0,0.013,-4.7,0.2,-4.5,0.0,,brownmo01,2023
583,Moses Brown,25,IND,C,9,0,46,16.2,0.653,0.0,0.25,9.8,21.6,15.8,0.0,2.1,2.0,21.3,26.5,0.0,0.1,0.0,0.016,-4.0,-1.7,-5.6,0.0,,brownmo01,2023
584,Moses Brown,25,DAL,C,1,0,12,10.5,0.5,0.0,0.0,9.3,26.4,18.1,21.0,4.0,7.2,50.0,14.2,0.0,0.0,0.0,0.003,-7.5,7.4,-0.1,0.0,,brownmo01,2023
585,Jazian Gortman,21,DAL,PG,16,0,57,6.6,0.485,0.478,0.174,2.0,7.4,4.8,14.6,1.7,1.5,16.8,22.3,-0.1,0.0,0.0,-0.041,-5.4,-0.8,-6.2,-0.1,,gortmja01,2023
586,Liam Robbins,25,MIL,C,13,0,57,2.6,0.363,0.25,1.25,13.6,9.1,11.3,4.2,1.7,3.3,32.6,14.1,-0.1,0.1,-0.1,-0.066,-9.4,-1.5,-10.8,-0.1,,robbili01,2023
587,Chris Livingston,21,MIL,SF,12,1,57,8.6,0.448,0.308,0.462,11.7,23.6,17.8,2.2,3.4,0.0,24.2,15.8,-0.1,0.1,0.0,0.001,-5.7,-0.5,-6.3,-0.1,,livinch01,2023
588,Keshad Johnson,23,MIA,SF,10,0,57,11.3,0.546,0.333,0.5,3.9,28.2,16.2,7.6,0.9,6.7,17.0,13.7,0.0,0.1,0.1,0.053,-4.1,0.7,-3.4,0.0,,johnske10,2023
589,Dariq Whitehead,20,BRK,SF,9,0,57,15.3,0.684,0.84,0.12,2.0,10.4,6.1,3.1,2.6,1.8,18.6,24.9,0.0,0.1,0.0,0.016,3.8,-0.2,3.6,0.1,,whiteda01,2023
590,Luke Travers,23,CLE,SG,9,0,55,3.5,0.337,0.364,0.182,10.2,13.4,11.9,10.3,0.9,1.6,29.6,13.1,-0.1,0.1,0.0,-0.042,-6.7,-2.0,-8.7,-0.1,,travelu01,2023
591,Sidy Cissoko,20,SAS,SF,17,0,54,11.3,0.533,0.389,0.333,6.0,13.6,9.8,16.1,0.9,0.0,8.8,17.9,0.0,0.0,0.1,0.049,-1.7,-1.1,-2.8,0.0,,cissosi01,2023
592,Oscar Tshiebwe,25,UTA,C,4,0,54,18.3,0.769,0.0,1.667,14.3,32.1,23.3,2.4,4.5,0.0,8.8,8.9,0.2,0.1,0.3,0.238,-2.4,0.6,-1.7,0.0,,tshieos01,2023
593,Jacob Toppin,24,NYK,SF,16,0,49,4.5,0.3,0.2,0.0,4.8,20.7,12.8,9.6,2.0,0.0,16.7,10.6,-0.1,0.1,0.0,-0.029,-6.2,0.1,-6.1,-0.1,,toppija01,2023
594,Killian Hayes,23,BRK,PG,2,1,48,5.9,0.372,0.333,0.444,0.0,12.4,6.0,26.2,0.0,4.2,15.7,11.7,0.0,0.0,0.0,-0.005,-5.0,0.4,-4.6,0.0,,hayeski01,2023
595,PJ Hall,22,DEN,C,15,0,46,10.7,0.476,0.357,0.286,10.1,27.2,19.1,8.0,0.0,3.8,11.3,16.3,0.0,0.0,0.1,0.058,-5.0,-1.8,-6.8,-0.1,,hallpj01,2023
596,Colin Castleton,24,MEM,C,10,0,46,7.3,0.472,0.4,1.1,7.0,13.5,10.3,0.0,1.0,2.0,6.3,13.7,0.0,0.0,0.1,0.078,-6.0,-1.1,-7.1,-0.1,,castlco01,2023
597,Collin Gillespie,25,PHO,PG,8,0,44,24.5,0.668,0.333,0.278,7.8,9.6,8.7,25.9,2.2,4.2,9.0,22.3,0.2,0.0,0.2,0.225,6.1,2.3,8.4,0.1,,gilleco01,2023
598,JT Thor,22,CLE,PF,9,0,42,19.1,0.756,0.4,0.533,8.0,7.5,7.8,3.3,2.3,6.4,24.5,24.8,0.1,0.1,0.1,0.135,-1.0,1.1,0.2,0.0,,thorjt01,2023
599,Jeenathan Williams,25,HOU,SG,7,0,39,26.1,0.75,0.389,0.0,2.7,11.2,6.8,18.5,3.7,6.9,18.2,23.2,0.1,0.1,0.2,0.211,5.3,5.8,11.1,0.1,,willije02,2023
600,PJ Dozier,28,MIN,SG,9,0,35,9.6,0.621,1.0,2.0,3.2,12.5,7.9,18.5,1.4,0.0,15.1,8.2,0.0,0.0,0.1,0.108,-2.1,2.5,0.4,0.0,,doziepj01,2023
601,Vlatko Čančar,27,DEN,PF,4,0,34,7.7,0.643,0.286,0.0,10.2,15.3,12.9,0.0,0.0,2.6,22.2,11.2,0.0,0.0,0.0,0.035,-5.1,-1.7,-6.9,0.0,,cancavl01,2023
602,Jackson Rowe,28,GSW,PF,4,0,34,8.7,0.388,0.75,0.167,0.0,22.8,10.9,12.1,4.3,0.0,0.0,15.9,0.0,0.1,0.0,0.045,-5.1,1.7,-3.4,0.0,,roweja01,2023
603,Maxwell Lewis,22,2TM,SF,10,0,34,4.6,0.438,0.125,0.0,6.9,3.5,5.0,7.5,1.4,0.0,20.0,12.9,0.0,0.0,0.0,-0.047,-4.5,-2.6,-7.1,0.0,,lewisma05,2023
604,Maxwell Lewis,22,LAL,SF,7,0,29,2.2,0.333,0.0,0.0,8.0,0.0,3.9,8.7,1.7,0.0,25.0,12.1,-0.1,0.0,0.0,-0.081,-6.5,-3.0,-9.6,-0.1,,lewisma05,2023
605,Maxwell Lewis,22,BRK,SF,3,0,5,18.7,0.75,0.5,0.0,0.0,23.8,11.5,0.0,0.0,0.0,0.0,17.6,0.0,0.0,0.0,0.15,7.4,-0.2,7.1,0.0,,lewisma05,2023
606,D.J. Carton,24,TOR,SG,4,0,33,-2.6,0.202,0.429,0.143,0.0,13.4,6.6,10.9,2.9,0.0,35.0,14.7,-0.2,0.0,-0.1,-0.215,-10.1,-0.9,-11.0,-0.1,,cartodj01,2023
607,Daeqwon Plowden,26,ATL,SG,2,0,33,24.5,1.103,0.8,0.2,9.5,6.7,8.2,0.0,0.0,0.0,8.4,14.7,0.1,0.0,0.2,0.222,7.3,1.1,8.4,0.1,,plowdda01,2023
608,James Johnson,37,IND,PF,10,0,32,2.4,0.424,0.333,0.111,0.0,17.3,8.7,16.2,0.0,5.7,29.8,18.2,-0.1,0.0,-0.1,-0.137,-8.1,0.3,-7.9,0.0,,johnsja01,2023
609,Ulrich Chomche,19,TOR,PF,7,0,32,5.3,0.425,0.0,0.4,13.6,13.8,13.7,7.8,0.0,3.0,25.4,10.4,0.0,0.0,0.0,-0.01,-5.9,-1.6,-7.4,0.0,,chomcul01,2023
610,Cam Christie,19,LAC,SG,6,0,31,7.6,0.427,0.667,0.167,3.6,17.9,10.8,9.0,3.2,0.0,13.4,20.7,-0.1,0.1,0.0,-0.019,-4.8,1.9,-2.9,0.0,,chrisca02,2023
611,Mason Jones,26,SAC,SG,6,0,31,24.1,0.594,0.462,0.231,7.1,21.4,14.2,48.6,0.0,0.0,6.5,21.0,0.1,0.0,0.2,0.25,6.2,-0.7,5.4,0.1,,jonesma05,2023
612,E.J. Liddell,24,CHI,PF,6,0,31,15.4,0.845,0.75,0.25,3.4,13.3,8.4,13.4,1.5,2.8,18.4,14.7,0.1,0.0,0.1,0.171,-0.2,0.7,0.6,0.0,,liddeej01,2023
613,Spencer Jones,23,DEN,SF,11,0,30,0.9,0.278,0.667,0.0,7.7,10.4,9.1,0.0,4.8,0.0,18.2,15.5,-0.1,0.0,-0.1,-0.109,-11.1,-1.2,-12.3,-0.1,,jonessp01,2023
614,Bismack Biyombo,32,SAS,C,3,2,29,11.5,0.727,0.0,0.333,0.0,18.1,9.1,15.1,1.7,3.0,30.4,14.5,0.0,0.0,0.0,0.02,-3.7,1.3,-2.4,0.0,,biyombi01,2023
615,Josh Christopher,23,MIA,SG,8,0,28,-0.7,0.342,0.143,0.571,0.0,11.5,5.8,19.3,0.0,3.4,31.3,20.2,-0.1,0.0,-0.1,-0.207,-11.1,-4.3,-15.4,-0.1,,chrisjo01,2023
616,Emoni Bates,21,CLE,SF,7,0,27,-2.7,0.214,0.786,0.0,0.0,0.0,0.0,17.1,1.8,0.0,0.0,22.1,-0.1,0.0,-0.1,-0.177,-9.7,-3.9,-13.6,-0.1,,batesem01,2023
617,Jalen Bridges,23,PHO,SF,5,0,25,-5.5,0.41,1.0,0.5,0.0,12.7,6.6,0.0,0.0,0.0,45.0,15.7,-0.1,0.0,-0.1,-0.262,-10.7,-5.0,-15.7,-0.1,,bridgja01,2023
618,JD Davison,22,BOS,PG,5,0,24,-4.6,0.51,0.6,0.4,0.0,9.0,4.5,5.4,2.1,0.0,50.5,21.6,-0.2,0.0,-0.1,-0.273,-12.4,-2.1,-14.5,-0.1,,davisjd01,2023
619,Leonard Miller,21,MIN,SF,8,0,22,16.4,0.451,0.417,0.667,15.3,34.8,25.1,0.0,2.2,4.2,11.4,34.5,0.0,0.1,0.0,0.048,-7.5,-2.6,-10.1,0.0,,millele01,2023
620,Bryce McGowens,22,POR,SG,8,0,21,14.3,0.674,0.286,0.857,5.1,0.0,2.6,7.4,2.3,0.0,23.7,25.3,0.0,0.0,0.0,0.045,-2.3,-0.9,-3.2,0.0,,mcgowbr01,2023
621,Malevy Leons,25,OKC,SF,6,0,21,-2.3,0.266,0.5,2.0,5.1,10.0,7.6,5.2,0.0,0.0,21.0,9.6,0.0,0.0,0.0,-0.045,-10.5,-1.9,-12.4,-0.1,,leonsma01,2023
622,Jack McVeigh,28,HOU,PF,6,0,21,4.4,0.364,0.727,0.0,4.9,15.6,10.1,6.6,0.0,4.3,8.3,23.5,-0.1,0.0,0.0,-0.071,-5.2,-2.7,-7.9,0.0,,mcveija01,2023
623,Adama Sanogo,22,CHI,C,4,0,21,15.3,0.571,0.0,0.0,25.0,4.9,14.9,6.9,0.0,0.0,12.5,15.9,0.0,0.0,0.0,0.097,0.7,-3.6,-3.0,0.0,,sanogad01,2023
624,Taze Moore,26,POR,SG,2,0,20,7.1,0.276,0.4,0.2,21.6,22.2,21.9,6.8,4.9,0.0,15.5,27.1,-0.1,0.0,-0.1,-0.161,-3.8,-0.7,-4.5,0.0,,mooreta02,2023
625,Justin Minaya,25,POR,SF,6,0,18,6.2,0.0,0.0,0.0,12.0,6.2,9.1,13.3,2.7,0.0,0.0,2.3,0.0,0.0,0.0,0.074,-5.8,1.0,-4.8,0.0,,minayju01,2023
626,Isaiah Crawford,23,SAC,SF,5,0,18,7.6,0.512,0.25,0.5,0.0,30.8,15.3,0.0,0.0,0.0,0.0,11.5,0.0,0.0,0.0,0.039,-5.2,-2.3,-7.6,0.0,,crawfis01,2023
627,Lester Quiñones,24,PHI,SG,4,0,17,8.4,0.533,0.375,0.125,19.5,7.1,13.6,10.2,0.0,0.0,32.2,32.3,-0.1,0.0,-0.1,-0.198,-3.6,-6.9,-10.4,0.0,,quinole01,2023
628,Trentyn Flowers,19,LAC,SF,2,0,16,7.9,0.477,0.222,0.111,7.0,20.8,13.9,0.0,0.0,0.0,9.6,28.1,0.0,0.0,0.0,-0.042,-5.3,-0.4,-5.8,0.0,,flowetr01,2023
629,Tristen Newton,23,2TM,SG,8,0,16,-6.1,0.178,0.375,0.125,14.0,13.7,13.8,15.6,3.1,0.0,19.2,28.2,-0.1,0.0,-0.1,-0.335,-16.7,-4.2,-20.9,-0.1,,newtotr01,2023
630,Tristen Newton,23,IND,SG,5,0,8,-15.3,0.233,0.5,0.167,0.0,0.0,0.0,16.2,0.0,0.0,13.4,40.2,-0.1,0.0,-0.1,-0.56,-22.0,-11.1,-33.1,-0.1,,newtotr01,2023
631,Tristen Newton,23,MIN,SG,3,0,8,3.1,0.0,0.0,0.0,28.0,27.3,27.6,15.1,6.2,0.0,33.3,16.2,0.0,0.0,0.0,-0.11,-11.4,2.6,-8.7,0.0,,newtotr01,2023
632,A.J. Lawson,24,TOR,SG,4,0,15,19.0,0.59,0.625,0.375,7.2,14.7,10.9,0.0,0.0,0.0,0.0,26.3,0.0,0.0,0.0,0.076,4.9,-4.1,0.7,0.0,,lawsoaj01,2023
633,David Duke Jr.,25,SAS,SG,3,0,15,-0.3,0.317,0.143,0.286,0.0,14.0,7.1,18.4,0.0,0.0,11.3,25.3,-0.1,0.0,-0.1,-0.21,-9.5,-5.0,-14.6,0.0,,dukeda01,2023
634,Jalen Hood-Schifino,21,LAL,SG,2,0,14,11.5,1.064,0.0,2.0,8.3,0.0,4.0,9.1,0.0,6.7,34.7,9.0,0.0,0.0,0.0,0.158,-3.8,1.5,-2.3,0.0,,hoodsja01,2023
635,Daishen Nix,22,MIN,PG,3,0,13,-7.0,0.266,1.0,2.0,0.0,33.6,17.0,27.8,0.0,0.0,68.0,19.6,-0.1,0.0,-0.1,-0.326,-15.1,-1.4,-16.4,0.0,,nixda01,2023
636,Cole Swider,25,DET,SF,2,0,13,-11.1,0.0,1.0,0.0,0.0,16.9,8.5,8.8,0.0,0.0,0.0,16.3,-0.1,0.0,-0.1,-0.318,-14.7,-5.9,-20.5,-0.1,,swideco01,2023
637,Jared Rhoden,25,CHO,SG,4,0,12,5.5,0.25,0.25,0.0,17.3,18.3,17.8,26.6,4.1,0.0,11.1,31.8,-0.1,0.0,-0.1,-0.214,-7.3,-1.2,-8.5,0.0,,rhodeja01,2023
638,RayJ Dennis,23,IND,PG,6,0,11,17.7,0.644,1.0,0.667,10.3,20.1,15.2,11.3,8.7,0.0,34.0,23.1,0.0,0.0,0.0,0.091,-3.6,6.0,2.4,0.0,,dennira01,2023
639,Harrison Ingram,22,SAS,SF,2,0,11,-5.8,0.0,0.5,0.0,0.0,19.1,9.6,0.0,0.0,0.0,0.0,7.8,0.0,0.0,0.0,-0.164,-11.3,-3.7,-15.0,0.0,,ingraha01,2023
640,Nae'Qwan Tomlin,24,CLE,PF,2,0,11,17.6,0.633,0.4,0.6,10.2,28.7,19.8,0.0,0.0,0.0,13.7,28.3,0.0,0.0,0.0,0.115,-4.8,-2.4,-7.1,0.0,,tomlina01,2023
641,Cui Yongxi,21,BRK,SG,5,0,10,-10.7,0.19,0.429,0.286,0.0,23.8,11.5,0.0,0.0,0.0,0.0,34.6,-0.1,0.0,-0.1,-0.471,-16.9,-8.2,-25.1,-0.1,,cuiyo01,2023
642,Keion Brooks Jr.,24,NOP,SF,2,0,10,15.2,0.532,0.5,2.0,10.4,22.4,16.2,13.6,0.0,0.0,0.0,15.9,0.0,0.0,0.0,0.124,0.7,-1.8,-1.0,0.0,,brookke02,2023
643,Quincy Olivari,23,LAL,PG,2,0,10,-5.2,0.3,1.0,0.0,0.0,0.0,0.0,13.2,0.0,0.0,16.7,26.4,-0.1,0.0,-0.1,-0.301,-10.1,-8.6,-18.8,0.0,,olivaqu01,2023
644,Markelle Fultz,26,SAC,PG,1,0,10,13.3,0.8,0.0,0.0,0.0,0.0,0.0,20.4,0.0,0.0,37.5,34.0,0.0,0.0,0.0,-0.188,-2.1,-8.1,-10.2,0.0,,fultzma01,2023
645,Lonnie Walker IV,26,PHI,SG,1,0,10,-8.8,0.0,1.0,0.0,0.0,24.2,11.6,0.0,0.0,0.0,0.0,13.2,-0.1,0.0,-0.1,-0.304,-14.7,-5.6,-20.3,0.0,,walkelo01,2023
646,Daniss Jenkins,23,DET,PG,4,0,8,-26.3,0.0,1.0,0.0,0.0,0.0,0.0,0.0,0.0,0.0,20.0,26.4,-0.1,0.0,-0.1,-0.66,-26.1,-11.6,-37.7,-0.1,,jenkida01,2023
647,Bobi Klintman,21,DET,SF,3,0,8,-6.1,0.0,0.5,0.0,0.0,27.5,13.8,14.3,0.0,0.0,0.0,10.6,0.0,0.0,0.0,-0.148,-14.4,-2.2,-16.6,0.0,,klintbo01,2023
648,Riley Minix,24,SAS,SF,1,0,7,-1.7,0.0,1.0,0.0,0.0,30.0,15.2,0.0,0.0,0.0,0.0,6.1,0.0,0.0,0.0,-0.107,-8.6,-3.4,-12.1,0.0,,minixri01,2023
649,Jaylen Martin,21,2TM,SF,4,0,7,5.9,0.375,0.25,0.0,14.8,15.2,15.0,0.0,0.0,0.0,0.0,24.5,0.0,0.0,0.0,-0.124,-2.6,-6.0,-8.6,0.0,,martija02,2023
650,Jaylen Martin,21,BRK,SF,3,0,5,13.1,0.75,0.5,0.0,0.0,0.0,0.0,0.0,0.0,0.0,0.0,17.6,0.0,0.0,0.0,0.12,4.1,-0.7,3.4,0.0,,martija02,2023
651,Jaylen Martin,21,WAS,SF,1,0,2,-11.9,0.0,0.0,0.0,51.7,53.1,52.4,0.0,0.0,0.0,0.0,41.7,0.0,0.0,0.0,-0.734,-19.2,-19.3,-38.5,0.0,,martija02,2023
652,Mac McClung,26,ORL,SG,1,0,5,14.6,,,,0.0,24.5,11.5,51.1,0.0,0.0,,0.0,0.0,0.0,0.0,0.21,1.8,4.0,5.8,0.0,,mccluma01,2023
653,James Wiseman,23,IND,C,1,0,5,31.6,0.615,0.25,0.5,0.0,22.1,11.2,0.0,0.0,0.0,0.0,42.2,0.0,0.0,0.0,0.236,5.9,-4.7,1.2,0.0,,wisemja01,2023
654,Alondes Williams,25,DET,SG,1,0,4,54.3,1.25,0.5,0.0,0.0,0.0,0.0,66.8,0.0,0.0,0.0,21.1,0.0,0.0,0.0,0.57,37.9,6.1,44.0,0.0,,willial06,2023
655,Zyon Pullin,23,MEM,SG,3,0,3,-11.6,0.0,0.0,0.0,0.0,0.0,0.0,0.0,0.0,0.0,0.0,13.3,0.0,0.0,0.0,-0.291,-14.7,-7.9,-22.7,0.0,,pullizy01,2023
656,Kevin Knox,25,GSW,SF,1,0,3,61.1,0.833,0.333,0.0,34.1,0.0,17.7,0.0,0.0,0.0,0.0,41.9,0.0,0.0,0.0,0.526,30.2,-4.4,25.7,0.0,,knoxke01,2023
657,Jahlil Okafor,29,IND,C,1,0,3,13.9,,,,0.0,36.9,18.6,37.1,0.0,0.0,,0.0,0.0,0.0,0.0,0.189,2.6,5.0,7.6,0.0,,okafoja01,2023
658,Chuma Okeke,26,PHI,PF,1,0,2,6.3,,,,0.0,60.4,28.9,0.0,0.0,0.0,,0.0,0.0,0.0,0.0,0.072,-3.8,-2.4,-6.1,0.0,,okekech01,2023
659,Alex Reese,25,OKC,PF,1,0,2,54.3,1.0,0.0,0.0,53.9,0.0,26.6,0.0,0.0,0.0,0.0,21.2,0.0,0.0,0.0,0.594,23.1,-3.7,19.4,0.0,,reeseal01,2023
