Rk,Player,Age,Team,Pos,G,GS,MP,PER,TS%,3PAr,FTr,ORB%,DRB%,TRB%,AST%,STL%,BLK%,TOV%,USG%,OWS,DWS,WS,WS/48,OBPM,DBPM,BPM,VORP,Awards,Player-additional,Year
1,LeBron James,22,CLE,SF,78,78,3190,24.5,0.552,0.191,0.432,3.0,16.6,9.6,29.1,2.1,1.3,11.5,31.0,8.0,5.7,13.7,0.206,5.9,2.2,8.1,8.1,MVP-5ASNBA2,jamesle01,2007
2,Kobe Bryant,28,LAL,SG,77,77,3140,26.1,0.58,0.227,0.437,2.8,13.5,8.2,25.5,1.8,0.9,10.9,33.6,10.8,2.2,13.0,0.199,6.4,-0.5,5.9,6.1,MVP-3DPOY-24ASNBA1,bryanko01,2007
3,Vince Carter,30,NJN,SG,82,82,3126,21.8,0.559,0.273,0.36,4.3,14.2,9.3,25.1,1.4,0.8,10.5,30.8,7.4,3.1,10.5,0.161,4.3,-0.4,3.9,4.6,AS,cartevi01,2007
4,Elton Brand,27,LAC,PF,80,80,3077,23.1,0.581,0.001,0.381,10.5,18.3,14.5,14.7,1.3,4.5,12.5,24.3,7.2,4.3,11.5,0.18,3.4,0.8,4.2,4.8,,brandel01,2007
5,Luol Deng,21,CHI,SF,82,82,3071,18.7,0.56,0.006,0.295,5.5,15.9,10.8,11.8,1.6,1.2,10.0,22.2,5.7,5.6,11.3,0.176,1.7,1.3,3.0,3.9,DPOY-20,denglu01,2007
6,Andre Iguodala,23,PHI,SG,76,76,3062,18.1,0.562,0.156,0.556,3.0,14.0,8.5,23.8,2.6,0.8,17.5,22.6,4.1,3.6,7.7,0.12,1.3,1.1,2.4,3.4,DPOY-24,iguodan01,2007
7,Rafer Alston,30,HOU,PG,82,82,3040,12.9,0.496,0.519,0.174,1.1,9.5,5.3,24.1,2.2,0.3,13.4,19.4,1.7,4.9,6.6,0.104,-0.7,1.3,0.6,2.0,,alstora01,2007
8,Dwight Howard,21,ORL,C,82,82,3023,21.1,0.619,0.002,0.763,11.8,28.9,20.5,9.5,1.2,4.2,21.4,22.7,3.9,5.8,9.7,0.154,1.7,1.1,2.8,3.7,DPOY-16ASNBA3,howardw01,2007
9,Ricky Davis,27,MIN,SF,81,81,3021,15.9,0.566,0.285,0.262,2.2,10.1,6.2,21.9,1.4,0.6,14.7,21.9,3.9,1.9,5.7,0.091,1.2,-0.7,0.5,1.8,,davisri01,2007
10,Shawn Marion,28,PHO,SF,80,80,3010,20.8,0.594,0.235,0.232,7.0,22.6,15.2,6.7,2.6,2.8,8.8,19.3,6.7,5.3,12.0,0.191,2.4,1.9,4.4,4.8,DPOY-4AS,mariosh01,2007
11,Tayshaun Prince,26,DET,SF,82,82,3001,16.0,0.534,0.211,0.225,5.7,11.3,8.5,12.9,0.9,1.4,8.2,18.9,5.1,2.9,8.0,0.128,2.1,-0.4,1.8,2.9,DPOY-11,princta01,2007
12,Kevin Garnett,30,MIN,PF,76,76,2995,24.1,0.546,0.042,0.371,7.5,30.8,19.5,19.5,1.6,3.2,11.6,27.4,5.7,4.9,10.7,0.171,3.8,1.7,5.4,5.5,MVP-9DPOY-13ASNBA3,garneke01,2007
13,Shane Battier,28,HOU,SF,82,82,2988,12.0,0.589,0.57,0.173,2.6,10.4,6.5,9.2,1.4,1.5,9.3,12.1,4.4,4.6,9.0,0.144,0.3,2.0,2.3,3.2,DPOY-5,battish01,2007
14,Andre Miller,30,2TM,PG,80,79,2966,16.1,0.52,0.039,0.311,3.9,10.1,7.0,34.3,1.9,0.3,17.7,19.2,3.5,2.4,5.9,0.095,0.5,-0.3,0.2,1.7,,millean02,2007
15,Andre Miller,30,DEN,PG,23,23,822,16.6,0.526,0.065,0.343,3.5,10.7,7.1,38.7,2.2,0.3,19.7,18.5,1.1,0.8,1.9,0.113,0.7,0.0,0.7,0.6,,millean02,2007
16,Andre Miller,30,PHI,PG,57,56,2144,15.9,0.518,0.029,0.3,4.0,9.8,6.9,32.7,1.8,0.2,16.9,19.4,2.3,1.6,3.9,0.088,0.5,-0.4,0.1,1.1,,millean02,2007
17,Deron Williams,22,UTA,PG,80,80,2950,17.1,0.535,0.235,0.273,1.7,9.3,5.5,41.6,1.4,0.4,16.9,22.2,5.3,1.9,7.2,0.117,2.6,-1.3,1.3,2.4,,willide01,2007
18,Gilbert Arenas,25,WAS,PG,74,73,2942,24.0,0.565,0.377,0.464,2.3,11.1,6.6,27.2,2.4,0.3,11.2,31.4,9.3,1.5,10.8,0.177,5.5,-0.8,4.7,5.0,MVP-8ASNBA2,arenagi01,2007
19,Jason Kidd,33,NJN,PG,80,80,2933,19.4,0.516,0.398,0.253,5.5,20.8,13.2,41.4,2.3,0.6,17.4,19.4,5.1,4.1,9.3,0.152,3.1,1.5,4.7,4.9,AS,kiddja01,2007
20,Raja Bell,30,PHO,SG,78,78,2917,12.0,0.562,0.522,0.16,2.0,7.7,5.0,9.5,0.9,0.5,7.5,17.0,4.2,1.6,5.8,0.095,0.5,-0.6,-0.1,1.4,DPOY-23,bellra01,2007
21,Eddy Curry,24,NYK,C,81,81,2849,17.0,0.603,0.001,0.649,8.2,15.5,11.9,4.6,0.6,1.1,18.4,25.5,3.1,1.6,4.7,0.079,-0.1,-1.8,-1.8,0.1,,curryed01,2007
22,Charlie Bell,27,MIL,SG,82,64,2848,13.1,0.53,0.371,0.172,2.3,7.6,4.9,13.6,1.8,0.1,9.0,18.3,3.6,0.4,4.0,0.068,-0.2,-1.1,-1.3,0.5,,bellch01,2007
23,Jason Terry,29,DAL,SG,81,80,2846,18.9,0.587,0.348,0.187,1.8,7.9,4.9,25.5,1.5,0.5,11.7,21.3,7.7,3.1,10.8,0.182,3.9,0.1,4.0,4.3,,terryja01,2007
24,Cuttino Mobley,31,LAC,SG,78,73,2841,12.5,0.546,0.279,0.271,2.2,9.0,5.6,11.7,1.7,0.7,12.8,18.4,2.2,2.4,4.6,0.078,-0.6,-0.4,-1.0,0.8,,moblecu01,2007
25,Kirk Hinrich,26,CHI,PG,80,80,2839,17.0,0.559,0.318,0.268,1.3,9.7,5.5,29.2,1.8,0.6,13.9,21.6,5.5,4.6,10.1,0.171,1.7,1.1,2.8,3.5,DPOY-13,hinriki01,2007
26,Raymond Felton,22,CHA,PG,78,75,2832,13.5,0.481,0.305,0.25,2.1,9.3,5.6,32.0,2.2,0.3,16.8,21.9,0.2,2.1,2.3,0.039,0.0,-0.7,-0.8,0.9,,feltora01,2007
27,Dirk Nowitzki,28,DAL,PF,78,78,2820,27.6,0.605,0.129,0.411,5.3,23.9,14.8,17.8,1.0,1.7,9.5,28.9,11.8,4.5,16.3,0.278,7.2,1.2,8.3,7.4,MVP-1ASNBA1,nowitdi01,2007
28,Kevin Martin,23,SAC,SG,80,80,2818,20.1,0.614,0.312,0.534,2.8,11.6,7.1,10.9,1.8,0.3,9.3,23.2,8.3,1.9,10.2,0.173,3.2,-0.5,2.8,3.4,,martike02,2007
29,Danny Granger,23,IND,SF,82,57,2785,13.9,0.573,0.332,0.339,4.6,11.3,7.9,7.0,1.2,1.7,11.9,18.2,3.9,2.6,6.5,0.111,0.4,-0.1,0.2,1.5,,grangda01,2007
30,Mike Bibby,28,SAC,PG,82,82,2784,16.0,0.532,0.413,0.298,1.6,9.6,5.5,24.3,1.6,0.2,13.0,24.5,2.9,1.5,4.4,0.076,1.8,-1.4,0.4,1.7,,bibbymi01,2007
31,Richard Hamilton,28,DET,SG,75,75,2763,18.1,0.551,0.11,0.344,3.2,8.9,6.1,19.0,1.2,0.4,10.6,25.9,5.7,2.4,8.1,0.141,1.8,-0.5,1.2,2.2,AS,hamilri01,2007
32,Allen Iverson,31,2TM,SG,65,64,2761,19.6,0.54,0.15,0.465,1.0,6.9,4.0,29.6,2.2,0.3,14.5,29.3,4.0,2.2,6.2,0.108,2.6,-0.8,1.8,2.6,AS,iversal01,2007
33,Allen Iverson,31,PHI,PG,15,15,640,23.5,0.529,0.145,0.475,1.3,6.4,3.8,34.0,2.7,0.1,13.0,36.7,1.0,0.5,1.6,0.119,4.9,-1.0,3.9,1.0,,iversal01,2007
34,Allen Iverson,31,DEN,SG,50,49,2121,18.4,0.545,0.152,0.46,0.9,7.1,4.0,28.3,2.1,0.4,15.1,27.1,2.9,1.7,4.6,0.105,1.9,-0.8,1.1,1.7,,iversal01,2007
35,Stephon Marbury,29,NYK,PG,74,74,2748,15.3,0.539,0.362,0.405,1.6,7.6,4.6,25.2,1.4,0.3,13.8,21.5,4.8,1.1,5.9,0.103,1.5,-1.3,0.2,1.5,,marbust01,2007
36,Mike Miller,26,MEM,SG,70,69,2740,16.4,0.588,0.493,0.201,2.3,14.2,8.2,18.7,1.0,0.5,14.0,21.1,4.6,0.3,4.8,0.085,3.1,-1.7,1.4,2.3,,millemi01,2007
37,Tim Duncan,30,SAS,C,80,80,2726,26.1,0.579,0.008,0.502,9.8,27.0,18.8,18.8,1.3,5.1,14.0,27.9,6.3,6.8,13.0,0.23,3.8,3.2,7.0,6.2,MVP-4DPOY-3ASNBA1,duncati01,2007
38,Ben Gordon,23,CHI,SG,82,51,2704,18.2,0.572,0.28,0.329,1.5,9.3,5.4,20.1,1.2,0.5,14.0,29.3,4.7,3.9,8.6,0.152,2.5,-0.1,2.4,3.0,,gordobe01,2007
39,Ben Wallace,32,CHI,C,77,77,2697,14.6,0.456,0.012,0.63,12.9,21.7,17.4,9.9,2.1,4.6,15.7,10.6,1.6,6.6,8.2,0.146,0.1,3.3,3.4,3.7,DPOY-6,wallabe01,2007
40,Amar'e Stoudemire,24,PHO,C,82,78,2689,23.1,0.637,0.003,0.555,10.1,23.3,17.0,5.0,1.5,2.9,15.0,25.8,7.2,4.0,11.2,0.201,1.5,0.3,1.8,2.6,MVP-14ASNBA1,stoudam01,2007
41,Steve Nash,32,PHO,PG,76,76,2682,23.8,0.654,0.353,0.254,1.4,9.9,5.8,50.1,1.1,0.2,21.0,22.9,10.8,1.7,12.6,0.225,6.7,-0.8,5.9,5.3,MVP-2ASNBA1,nashst01,2007
42,Mehmet Okur,27,UTA,C,80,80,2664,18.1,0.571,0.317,0.365,7.3,19.1,13.2,9.9,0.7,1.2,9.2,22.8,6.5,2.3,8.8,0.158,3.1,-0.9,2.2,2.8,AS,okurme01,2007
43,Antawn Jamison,30,WAS,PF,70,70,2662,18.4,0.545,0.333,0.27,5.6,19.0,12.1,8.8,1.5,1.0,7.5,22.8,5.2,1.6,6.8,0.123,2.7,-1.4,1.3,2.2,,jamisan01,2007
44,Chris Bosh,22,TOR,C,69,69,2658,22.6,0.577,0.032,0.539,8.1,24.8,16.4,11.7,0.8,2.6,11.7,26.7,6.1,3.5,9.6,0.174,2.8,-0.1,2.7,3.1,MVP-7ASNBA2,boshch01,2007
45,Jarrett Jack,23,POR,PG,79,79,2651,14.5,0.571,0.255,0.396,0.8,9.1,4.9,26.2,1.8,0.3,18.4,18.0,3.8,1.0,4.8,0.087,0.2,-0.9,-0.7,0.9,,jackja01,2007
46,Josh Smith,21,ATL,SF,72,72,2647,18.3,0.506,0.153,0.39,7.4,21.0,14.1,16.3,2.0,6.1,16.3,24.1,0.4,4.0,4.4,0.079,0.4,1.7,2.0,2.7,DPOY-21,smithjo03,2007
47,Metta World Peace,27,SAC,SF,70,65,2641,18.5,0.538,0.25,0.399,4.4,16.0,10.1,15.6,2.9,1.3,10.7,23.3,3.6,3.1,6.7,0.122,1.9,0.9,2.8,3.2,DPOY-8,artesro01,2007
48,Gerald Wallace,24,CHA,SF,72,71,2640,19.8,0.568,0.126,0.47,6.2,17.4,11.6,12.5,2.8,2.0,12.2,22.5,4.2,3.5,7.7,0.141,2.2,1.5,3.7,3.7,DPOY-7,wallage01,2007
49,Monta Ellis,21,GSW,SG,77,53,2638,15.0,0.545,0.142,0.354,2.5,7.7,5.1,18.8,2.4,0.6,15.9,22.4,2.0,1.9,4.0,0.072,-0.9,-0.2,-1.1,0.6,MIP-1,ellismo01,2007
50,Leandro Barbosa,24,PHO,SG,80,18,2613,18.4,0.595,0.394,0.209,1.0,8.1,4.8,18.7,1.8,0.4,10.7,23.4,6.1,2.1,8.2,0.151,2.6,0.1,2.7,3.1,6MOY-1,barbole01,2007
51,Larry Hughes,28,CLE,SG,70,68,2596,12.1,0.48,0.233,0.324,1.8,10.4,6.0,16.4,1.8,0.8,12.4,21.7,0.1,3.8,3.9,0.073,-1.5,0.7,-0.8,0.8,,hughela01,2007
52,Chris Wilcox,24,SEA,PF,82,81,2586,16.6,0.568,0.007,0.429,8.2,21.1,14.6,5.3,1.4,1.1,11.5,19.3,4.1,1.9,6.0,0.112,-0.1,-1.0,-1.1,0.6,,wilcoch01,2007
53,Mike Dunleavy,26,2TM,PF,82,49,2580,14.1,0.542,0.264,0.316,3.6,15.5,9.4,14.2,1.6,0.6,13.3,19.0,2.6,2.5,5.1,0.095,-0.3,0.3,0.0,1.3,,dunlemi02,2007
54,Mike Dunleavy,26,GSW,PF,39,6,1051,14.6,0.538,0.281,0.273,4.1,15.7,9.8,16.7,1.8,0.9,14.6,19.7,1.0,0.9,1.9,0.086,0.1,0.2,0.3,0.6,,dunlemi02,2007
55,Mike Dunleavy,26,IND,SG,43,43,1529,13.8,0.544,0.25,0.35,3.3,15.4,9.2,12.4,1.6,0.5,12.3,18.5,1.6,1.6,3.2,0.102,-0.6,0.3,-0.2,0.7,,dunlemi02,2007
56,Desmond Mason,29,NOK,SF,75,75,2575,10.8,0.493,0.0,0.359,5.4,10.1,7.7,7.6,1.1,0.7,15.6,21.9,-1.2,1.8,0.6,0.011,-2.7,-1.2,-3.9,-1.3,,masonde01,2007
57,Al Harrington,26,2TM,PF,78,78,2563,14.8,0.54,0.271,0.223,6.5,15.4,10.9,9.8,1.3,0.7,12.4,23.1,2.0,2.2,4.3,0.08,0.3,-1.2,-0.9,0.7,,harrial01,2007
58,Al Harrington,26,IND,PF,36,36,1208,13.4,0.538,0.242,0.207,6.7,15.1,10.8,7.8,1.1,0.6,14.6,23.1,0.3,1.1,1.5,0.059,-0.4,-1.2,-1.6,0.1,,harrial01,2007
59,Al Harrington,26,GSW,PF,42,42,1355,16.1,0.542,0.294,0.237,6.4,15.7,10.9,11.6,1.4,0.8,10.6,23.1,1.7,1.1,2.8,0.099,0.9,-1.2,-0.3,0.6,,harrial01,2007
60,Carlos Boozer,25,UTA,PF,74,74,2557,24.1,0.588,0.0,0.322,11.2,29.9,20.6,16.6,1.4,0.7,12.8,26.5,6.5,3.4,9.9,0.185,4.4,0.2,4.6,4.3,MVP-9AS,boozeca01,2007
61,Mark Blount,31,MIN,C,82,81,2544,12.7,0.546,0.037,0.232,6.6,16.9,11.9,4.5,0.9,1.8,14.7,19.8,0.6,2.2,2.8,0.052,-2.2,-0.9,-3.1,-0.7,,blounma01,2007
62,Tracy McGrady,27,HOU,SG,71,71,2539,23.2,0.515,0.257,0.33,2.6,14.5,8.6,37.5,1.9,1.1,11.2,35.0,4.1,4.5,8.6,0.163,4.9,1.2,6.1,5.2,MVP-6ASNBA2,mcgratr01,2007
63,Samuel Dalembert,25,PHI,C,82,82,2535,16.1,0.581,0.003,0.34,11.3,23.3,17.4,4.2,1.0,4.8,17.5,16.7,2.5,3.6,6.2,0.117,-1.2,0.7,-0.5,0.9,,dalemsa01,2007
64,Chauncey Billups,30,DET,PG,70,70,2533,21.3,0.591,0.388,0.536,1.1,10.0,5.6,32.9,1.8,0.5,12.2,21.5,8.7,2.7,11.4,0.216,4.2,0.5,4.7,4.3,MVP-11ASNBA3,billuch01,2007
65,Tyson Chandler,24,NOK,C,73,73,2525,17.0,0.62,0.002,0.429,14.3,27.3,20.7,4.1,0.8,4.1,18.5,12.3,4.1,3.8,7.9,0.15,-0.1,0.7,0.6,1.6,DPOY-9,chandty01,2007
66,Ruben Patterson,31,MIL,SF,81,53,2508,18.5,0.578,0.022,0.434,8.8,11.9,10.3,15.5,2.3,0.8,16.2,22.2,4.1,1.3,5.4,0.103,1.7,-0.6,1.0,1.9,,patteru01,2007
67,Tony Parker,24,SAS,PG,77,77,2499,21.4,0.572,0.035,0.319,1.7,10.0,6.0,31.7,1.8,0.2,13.3,27.4,5.8,3.9,9.6,0.185,2.7,0.4,3.1,3.2,MVP-15AS,parketo01,2007
68,Carmelo Anthony,22,DEN,SF,65,65,2486,22.1,0.552,0.103,0.391,6.6,11.1,8.9,19.2,1.5,0.7,12.1,33.4,5.2,2.1,7.3,0.14,3.2,-1.3,1.9,2.5,MVP-15ASNBA3,anthoca01,2007
69,Udonis Haslem,26,MIA,PF,79,79,2483,13.7,0.523,0.006,0.283,9.2,21.6,15.5,6.6,1.1,0.8,12.0,17.5,2.0,3.1,5.1,0.099,-1.6,-0.8,-2.3,-0.2,DPOY-18,hasleud01,2007
70,Stephen Jackson,28,2TM,SF,75,69,2479,14.4,0.54,0.329,0.317,2.7,7.5,5.0,18.8,1.7,1.0,14.5,22.1,2.3,1.7,4.1,0.079,0.1,-0.7,-0.6,0.9,,jacksst02,2007
71,Stephen Jackson,28,IND,SG,37,32,1186,13.1,0.527,0.321,0.34,1.6,7.8,4.6,16.7,1.4,1.3,14.1,21.7,0.7,1.0,1.7,0.069,-0.5,-0.4,-0.9,0.3,,jacksst02,2007
72,Stephen Jackson,28,GSW,SF,38,37,1293,15.7,0.55,0.337,0.298,3.7,7.2,5.4,20.6,1.9,0.8,14.9,22.5,1.6,0.8,2.4,0.089,0.6,-0.9,-0.3,0.5,,jacksst02,2007
73,Caron Butler,26,WAS,SF,63,63,2474,18.3,0.537,0.074,0.336,6.6,15.3,10.8,15.9,2.8,0.5,13.9,23.1,3.4,1.9,5.3,0.103,1.1,-0.2,0.9,1.8,DPOY-21AS,butleca01,2007
74,Mo Williams,24,MIL,PG,68,68,2472,16.3,0.519,0.217,0.177,2.5,13.3,7.8,28.2,1.8,0.2,15.2,24.4,2.2,0.9,3.2,0.061,0.9,-1.3,-0.5,0.9,,willima01,2007
75,Bruce Bowen,35,SAS,SF,82,82,2464,7.1,0.511,0.497,0.156,1.2,9.4,5.5,7.0,1.3,0.7,11.5,10.9,0.4,3.6,4.1,0.079,-2.5,1.4,-1.1,0.6,DPOY-2,bowenbr01,2007
76,Jermaine O'Neal,28,IND,C,69,69,2459,18.8,0.5,0.006,0.392,7.1,24.4,15.5,13.0,1.1,5.6,13.2,28.1,0.5,4.1,4.7,0.091,-0.4,1.2,0.8,1.7,DPOY-10AS,onealje01,2007
77,Smush Parker,25,LAL,PG,82,80,2457,11.6,0.526,0.383,0.223,2.2,7.6,4.9,14.6,2.5,0.3,15.1,18.6,0.7,1.6,2.3,0.045,-1.7,-0.3,-2.0,0.0,,parkesm01,2007
78,Josh Howard,26,DAL,SF,70,69,2455,20.0,0.548,0.222,0.273,6.5,16.6,11.7,9.2,1.8,1.7,9.3,25.2,5.0,3.8,8.8,0.173,2.7,0.4,3.1,3.2,DPOY-18AS,howarjo01,2007
79,Anthony Parker,31,TOR,SG,73,73,2437,14.5,0.597,0.38,0.23,2.9,10.9,6.8,9.9,1.6,0.3,8.6,15.7,4.4,2.1,6.5,0.127,0.9,0.4,1.4,2.1,DPOY-24,parkean01,2007
80,Zach Randolph,25,POR,PF,68,67,2425,22.8,0.537,0.037,0.374,10.0,25.6,17.6,12.8,1.2,0.5,12.6,33.1,3.8,1.9,5.7,0.112,3.4,-1.8,1.6,2.2,,randoza01,2007
81,DeShawn Stevenson,25,WAS,SG,82,82,2419,12.9,0.542,0.243,0.287,2.5,7.9,5.1,14.3,1.4,0.6,12.3,17.6,2.7,0.3,3.1,0.061,0.1,-1.4,-1.3,0.4,,stevede01,2007
82,Rasheed Wallace,32,DET,C,75,72,2419,15.7,0.513,0.351,0.163,4.4,22.2,13.3,8.9,1.7,3.8,9.4,19.6,1.8,4.4,6.2,0.123,0.4,1.6,2.0,2.5,,wallara01,2007
83,Andris Biedriņš,20,GSW,C,82,63,2382,16.2,0.598,0.0,0.287,11.3,24.0,17.5,5.4,1.4,4.3,15.4,13.8,3.5,3.3,6.7,0.136,-1.0,0.6,-0.3,1.0,,biedran01,2007
84,Nick Collison,26,SEA,C,82,56,2378,14.2,0.546,0.003,0.313,11.4,22.2,16.8,5.4,1.1,2.1,14.5,16.2,2.8,1.8,4.6,0.093,-1.4,-1.0,-2.4,-0.3,,collini01,2007
85,Marcus Camby,32,DEN,C,70,70,2369,19.1,0.519,0.003,0.335,7.9,30.5,19.4,14.1,1.8,7.0,13.9,15.9,2.5,5.1,7.6,0.155,0.8,3.9,4.7,4.0,DPOY-1,cambyma01,2007
86,Joe Johnson,25,ATL,SG,57,57,2359,19.5,0.558,0.274,0.276,2.7,9.6,6.1,21.8,1.4,0.4,12.1,28.3,4.1,1.0,5.1,0.105,4.2,-1.7,2.5,2.7,AS,johnsjo02,2007
87,Chris Paul,21,NOK,PG,64,64,2353,22.0,0.537,0.164,0.41,2.6,11.3,6.9,41.3,2.7,0.1,13.5,23.1,6.2,2.6,8.8,0.179,3.6,1.4,5.0,4.2,,paulch01,2007
88,Rashard Lewis,27,SEA,SF,60,60,2348,20.7,0.587,0.385,0.313,4.6,15.7,10.1,10.8,1.5,1.3,9.4,24.4,6.3,1.3,7.6,0.155,4.8,-0.7,4.1,3.6,,lewisra02,2007
89,Jameer Nelson,24,ORL,PG,77,77,2331,13.9,0.514,0.222,0.253,2.7,9.6,6.2,25.0,1.7,0.2,15.9,23.0,1.6,2.4,4.0,0.082,-0.1,-0.6,-0.7,0.8,,nelsoja01,2007
90,Emeka Okafor,24,CHA,C,67,65,2329,20.1,0.554,0.0,0.399,12.7,26.2,19.2,6.0,1.3,5.7,11.3,19.1,3.5,3.6,7.1,0.147,1.2,0.9,2.1,2.4,DPOY-11,okafoem01,2007
91,Adam Morrison,22,CHA,PF,78,23,2326,7.9,0.45,0.273,0.179,2.7,9.2,5.9,11.9,0.6,0.2,11.3,22.4,-2.2,0.8,-1.5,-0.03,-2.7,-2.4,-5.1,-1.8,ROY-4,morriad01,2007
92,Al Jefferson,22,BOS,C,69,60,2319,19.8,0.547,0.001,0.334,12.0,27.4,19.5,7.2,1.1,3.5,11.8,22.4,3.3,3.3,6.6,0.137,1.0,-0.3,0.7,1.6,,jeffeal01,2007
93,Corey Maggette,27,LAC,SF,75,31,2291,18.6,0.583,0.08,0.783,4.7,18.2,11.5,15.9,1.5,0.5,15.6,26.0,4.5,2.5,7.0,0.146,1.0,-0.5,0.5,1.5,6MOY-7,maggeco01,2007
94,Kyle Korver,25,PHI,SF,74,1,2288,14.2,0.569,0.363,0.247,1.6,12.0,6.8,8.0,1.3,0.7,11.1,21.3,2.9,1.7,4.6,0.097,0.7,-0.7,-0.1,1.1,6MOY-5,korveky01,2007
95,Derek Fisher,32,UTA,SG,82,61,2287,11.4,0.51,0.231,0.455,1.6,6.3,4.0,18.1,1.9,0.2,12.9,18.2,2.4,1.5,3.9,0.083,-1.7,0.0,-1.6,0.2,,fishede01,2007
96,Ryan Gomes,24,BOS,PF,73,60,2275,13.7,0.534,0.058,0.322,6.4,15.2,10.7,9.2,1.1,0.4,11.3,18.5,2.5,1.7,4.2,0.089,-0.4,-1.0,-1.4,0.3,,gomesry01,2007
97,Boris Diaw,24,PHO,PF,73,59,2268,13.0,0.57,0.079,0.211,4.9,11.0,8.1,21.7,0.6,1.2,19.9,15.4,3.0,1.5,4.6,0.097,0.3,0.2,0.4,1.4,,diawbo01,2007
98,Hedo Türkoğlu,27,ORL,SF,73,73,2268,14.2,0.528,0.341,0.266,3.2,12.5,8.0,17.9,1.6,0.6,13.5,21.7,2.3,2.6,4.9,0.105,0.4,0.0,0.4,1.3,,turkohe01,2007
99,Andrew Bogut,22,MIL,C,66,66,2258,15.5,0.566,0.008,0.308,8.7,21.9,15.2,13.9,1.1,1.2,17.4,17.3,2.6,1.4,4.0,0.085,0.2,-0.2,0.0,1.2,,bogutan01,2007
100,T.J. Ford,23,TOR,PG,75,71,2243,18.2,0.508,0.076,0.325,2.7,9.7,6.2,44.8,2.3,0.3,18.3,26.1,2.0,2.3,4.3,0.091,1.4,-0.5,0.9,1.6,,fordtj01,2007
101,Jamaal Tinsley,28,IND,PG,72,72,2243,15.2,0.465,0.217,0.269,3.0,9.5,6.2,38.5,2.7,0.8,16.7,23.8,0.2,2.6,2.8,0.06,0.7,0.1,0.8,1.6,,tinslja01,2007
102,Drew Gooden,25,CLE,PF,80,80,2238,16.5,0.508,0.008,0.254,13.3,22.3,17.7,6.7,1.7,1.0,11.7,20.0,2.4,4.1,6.5,0.139,-0.2,0.0,-0.2,1.0,,goodedr01,2007
103,Steve Blake,26,2TM,PG,82,42,2225,9.9,0.491,0.409,0.126,1.1,7.5,4.3,26.1,1.4,0.3,19.4,13.0,1.0,1.1,2.1,0.045,-1.3,-0.7,-2.0,0.0,,blakest01,2007
104,Steve Blake,26,MIL,PG,33,2,583,6.8,0.435,0.527,0.155,1.4,7.8,4.5,20.3,0.9,0.4,16.9,12.8,-0.1,0.0,-0.1,-0.008,-2.8,-1.4,-4.2,-0.3,,blakest01,2007
105,Steve Blake,26,DEN,PG,49,40,1642,11.0,0.511,0.368,0.116,1.0,7.4,4.3,28.2,1.5,0.2,20.2,13.1,1.1,1.1,2.2,0.064,-0.8,-0.5,-1.2,0.3,,blakest01,2007
106,Rasual Butler,27,NOK,SF,81,38,2223,10.8,0.495,0.461,0.11,2.1,11.4,6.7,4.7,1.0,1.9,7.5,18.3,0.8,1.8,2.6,0.056,-0.5,-0.4,-0.9,0.6,,butlera01,2007
107,Trenton Hassell,27,MIN,SG,76,68,2223,9.7,0.529,0.056,0.208,4.6,8.4,6.5,14.0,0.5,0.9,14.2,11.8,1.8,0.8,2.6,0.056,-1.4,-0.5,-1.9,0.0,,hassetr01,2007
108,Baron Davis,27,GSW,PG,63,62,2221,21.0,0.53,0.272,0.358,2.5,11.3,6.8,36.9,2.9,1.0,13.9,26.5,4.1,2.3,6.4,0.139,3.1,0.5,3.6,3.2,MVP-15,davisba01,2007
109,Delonte West,23,BOS,SG,69,47,2219,14.0,0.526,0.248,0.275,1.7,9.7,5.6,23.5,1.7,1.2,14.8,19.3,1.9,1.8,3.7,0.081,0.4,0.0,0.4,1.3,,westde01,2007
110,Ray Allen,31,SEA,SG,55,55,2219,21.6,0.564,0.384,0.268,3.1,10.4,6.7,19.0,1.9,0.4,10.7,29.5,5.4,0.9,6.3,0.136,5.0,-1.3,3.7,3.2,AS,allenra02,2007
111,Luther Head,24,HOU,SG,80,10,2211,13.7,0.584,0.573,0.15,1.6,11.4,6.6,14.8,1.8,0.2,15.5,18.6,2.2,3.4,5.7,0.123,0.5,1.1,1.6,2.0,6MOY-8,headlu01,2007
112,Lamar Odom,27,LAL,PF,56,56,2202,16.1,0.552,0.267,0.416,5.5,23.5,14.5,19.5,1.2,1.1,16.8,19.8,2.6,2.1,4.7,0.102,1.0,0.2,1.1,1.7,,odomla01,2007
113,Jamal Crawford,26,NYK,SG,59,36,2198,14.5,0.517,0.363,0.307,2.4,7.8,5.1,20.9,1.4,0.3,13.9,24.1,2.3,0.9,3.1,0.069,1.2,-1.7,-0.5,0.8,,crawfja01,2007
114,Marvin Williams,20,ATL,PF,64,63,2179,12.2,0.51,0.064,0.375,4.6,14.2,9.3,9.7,1.3,1.1,13.4,20.0,0.9,1.4,2.3,0.051,-1.6,-1.5,-3.1,-0.6,,willima02,2007
115,Chris Kaman,24,LAC,C,75,66,2176,12.9,0.502,0.002,0.344,8.9,23.3,16.2,6.1,1.0,4.1,16.4,19.0,-0.3,3.2,2.9,0.063,-3.0,0.0,-3.0,-0.5,,kamanch01,2007
116,Hakim Warrick,24,MEM,PF,82,43,2152,15.9,0.592,0.011,0.545,7.2,16.1,11.7,6.0,1.0,1.1,15.4,21.9,3.2,0.5,3.7,0.082,-0.3,-1.7,-2.0,0.0,,warriha01,2007
117,Earl Watson,27,SEA,PG,77,25,2152,13.5,0.483,0.408,0.214,1.9,8.5,5.2,31.4,2.4,0.8,18.2,19.4,0.9,1.1,2.0,0.044,0.2,-0.9,-0.7,0.7,,watsoea01,2007
118,Ime Udoka,29,POR,SF,75,75,2144,12.1,0.569,0.426,0.173,5.4,10.9,8.1,8.6,1.8,0.6,11.7,13.7,2.9,1.0,3.9,0.088,0.2,0.1,0.2,1.2,,udokaim01,2007
119,John Salmons,27,SAC,SG,79,19,2135,12.7,0.553,0.217,0.395,2.5,12.2,7.3,18.8,1.7,1.0,16.4,15.3,2.0,1.6,3.6,0.081,-0.9,0.4,-0.5,0.8,,salmojo01,2007
120,Pau Gasol,26,MEM,C,59,59,2133,24.1,0.593,0.013,0.466,8.3,24.2,16.3,17.7,0.7,4.5,13.5,25.3,5.4,1.5,6.9,0.155,3.7,-0.1,3.6,3.0,,gasolpa01,2007
121,Zydrunas Ilgauskas,31,CLE,C,78,78,2130,18.0,0.527,0.001,0.242,12.9,20.0,16.4,10.2,1.2,3.6,13.8,21.7,2.6,4.0,6.6,0.148,-0.5,0.9,0.4,1.3,,ilgauzy01,2007
122,Juwan Howard,33,HOU,PF,80,38,2123,12.8,0.517,0.0,0.283,7.5,17.9,12.7,10.5,0.7,0.3,13.0,18.9,1.7,3.2,4.9,0.11,-2.2,0.3,-2.0,0.0,,howarju01,2007
123,Rudy Gay,20,MEM,SF,78,43,2103,12.4,0.497,0.188,0.275,5.3,14.5,9.9,8.0,1.7,2.7,14.1,21.3,-0.5,1.0,0.5,0.011,-1.5,-0.7,-2.2,-0.1,ROY-3,gayru01,2007
124,Luke Ridnour,25,SEA,PG,71,58,2091,13.7,0.509,0.2,0.229,1.6,7.9,4.7,28.2,2.1,0.7,16.9,20.0,1.4,0.8,2.3,0.052,-0.6,-0.9,-1.5,0.2,,ridnolu01,2007
125,Mikki Moore,31,NJN,C,79,55,2082,14.8,0.637,0.002,0.464,8.3,14.5,11.4,6.1,1.2,2.3,15.6,16.2,3.5,2.3,5.7,0.131,-1.3,0.1,-1.2,0.4,,mooremi01,2007
126,Devin Harris,23,DAL,PG,80,61,2081,16.0,0.574,0.084,0.44,2.7,8.5,5.7,22.9,2.5,0.8,17.1,19.1,3.7,2.9,6.5,0.151,-0.3,1.6,1.2,1.7,DPOY-24,harride01,2007
127,Mike James,31,MIN,PG,82,65,2069,13.3,0.528,0.306,0.262,1.5,7.8,4.7,23.7,1.4,0.3,14.1,20.5,1.8,1.1,2.8,0.065,-0.6,-1.0,-1.6,0.2,,jamesmi01,2007
128,Chucky Atkins,32,MEM,PG,75,23,2064,17.4,0.58,0.428,0.435,1.0,7.0,4.0,27.9,1.2,0.1,13.0,21.4,5.1,-0.2,4.9,0.114,2.9,-2.5,0.4,1.2,6MOY-8,atkinch01,2007
129,Manu Ginóbili,29,SAS,SG,75,36,2060,24.1,0.609,0.378,0.436,3.6,15.1,9.6,22.6,2.8,1.0,13.4,27.1,6.3,4.3,10.6,0.246,5.3,2.5,7.8,5.1,6MOY-2,ginobma01,2007
130,Tim Thomas,29,LAC,PF,76,24,2054,13.6,0.532,0.492,0.199,3.7,18.2,11.0,14.2,1.4,1.1,11.9,20.1,1.6,2.3,3.9,0.092,0.7,0.0,0.7,1.4,,thomati01,2007
131,Andrei Kirilenko,25,UTA,SF,70,70,2049,14.3,0.558,0.179,0.572,5.2,14.3,9.8,14.5,1.9,5.8,20.5,14.4,1.6,2.9,4.4,0.104,0.7,3.1,3.8,3.0,DPOY-13,kirilan01,2007
132,Damien Wilkins,27,SEA,SF,82,31,2037,13.1,0.535,0.203,0.282,5.1,8.4,6.7,12.0,2.4,0.6,14.6,17.7,1.8,1.0,2.8,0.066,-0.7,-0.2,-0.9,0.6,,wilkida02,2007
133,Michael Redd,27,MIL,SF,53,53,2036,22.3,0.586,0.299,0.406,2.4,9.0,5.7,11.0,1.6,0.3,9.2,29.5,5.8,0.3,6.1,0.145,5.0,-2.0,3.0,2.5,,reddmi01,2007
134,Earl Boykins,30,2TM,PG,66,23,2031,16.2,0.548,0.311,0.319,2.8,5.1,4.0,22.7,1.4,0.1,12.0,21.6,4.1,0.4,4.5,0.105,2.1,-1.7,0.4,1.3,,boykiea01,2007
135,Earl Boykins,30,DEN,PG,31,4,877,17.7,0.542,0.291,0.347,3.0,5.1,4.0,24.2,1.4,0.2,10.7,23.8,2.0,0.5,2.5,0.134,2.9,-1.0,1.9,0.9,,boykiea01,2007
136,Earl Boykins,30,MIL,PG,35,19,1154,15.1,0.554,0.33,0.292,2.6,5.2,3.9,21.5,1.4,0.0,13.4,19.9,2.1,-0.1,2.0,0.083,1.5,-2.2,-0.7,0.4,,boykiea01,2007
137,Zaza Pachulia,22,ATL,C,72,47,2026,16.8,0.562,0.002,0.607,11.7,18.1,14.9,9.2,2.0,1.4,17.2,21.3,2.7,2.1,4.8,0.114,-0.4,-0.4,-0.8,0.6,,pachuza01,2007
138,Josh Childress,23,ATL,SG,55,13,2024,16.2,0.586,0.149,0.405,7.2,13.1,10.1,10.8,1.5,1.4,11.6,15.7,4.1,1.4,5.5,0.13,1.9,-0.2,1.7,1.9,6MOY-11,childjo01,2007
139,Shareef Abdur-Rahim,30,SAC,C,80,45,2015,13.1,0.524,0.031,0.358,7.0,16.4,11.6,9.2,1.3,1.5,13.3,19.5,1.1,1.7,2.8,0.067,-2.0,-0.5,-2.5,-0.2,,abdursh01,2007
140,Brandon Roy,22,POR,SG,57,55,2015,18.0,0.548,0.191,0.315,3.5,12.1,7.7,20.9,1.8,0.4,11.8,23.0,3.8,1.0,4.8,0.114,2.3,-0.3,2.0,2.0,ROY-1,roybr01,2007
141,Grant Hill,34,ORL,SG,65,64,2009,16.3,0.582,0.018,0.491,3.3,11.0,7.3,12.3,1.6,1.0,15.2,21.8,2.9,2.3,5.1,0.123,0.7,0.4,1.1,1.6,,hillgr01,2007
142,Luke Walton,26,LAL,SF,60,60,1982,14.7,0.551,0.223,0.26,5.2,12.6,8.9,20.2,1.6,0.8,16.0,16.8,2.6,1.2,3.8,0.092,0.9,-0.5,0.4,1.2,,waltolu01,2007
143,Matt Harpring,30,UTA,SF,77,2,1965,14.7,0.564,0.059,0.471,7.3,14.6,10.9,8.2,1.4,0.5,13.0,20.8,3.1,1.6,4.7,0.115,-0.4,-0.7,-1.0,0.5,6MOY-8,harprma01,2007
144,Richard Jefferson,26,NJN,SF,55,53,1956,13.8,0.555,0.218,0.49,2.9,11.5,7.2,13.1,0.9,0.3,12.9,22.1,2.0,1.4,3.4,0.082,-0.3,-1.1,-1.4,0.3,,jefferi01,2007
145,Mickaël Piétrus,24,GSW,SF,72,38,1937,13.0,0.59,0.41,0.358,4.5,14.2,9.3,4.7,1.2,2.2,13.4,17.2,2.0,1.5,3.6,0.088,-0.8,-0.5,-1.3,0.4,,pietrmi01,2007
146,Anderson Varejão,24,CLE,C,81,6,1932,14.4,0.527,0.022,0.668,11.2,21.8,16.4,6.0,2.1,2.1,11.4,13.7,2.6,4.0,6.6,0.164,-1.8,1.8,0.0,1.0,,varejan01,2007
147,Dwyane Wade,25,MIA,SG,51,50,1931,28.9,0.583,0.082,0.556,3.2,11.2,7.3,40.5,3.0,2.5,15.3,34.7,5.9,2.9,8.8,0.219,6.3,1.8,8.2,4.9,MVP-12ASNBA3,wadedw01,2007
148,Eric Snow,33,CLE,PG,82,45,1929,8.6,0.458,0.012,0.349,2.1,9.5,5.7,25.2,1.5,0.6,22.9,11.4,0.2,2.6,2.8,0.069,-3.8,1.1,-2.6,-0.3,,snower01,2007
149,Juan Dixon,28,2TM,SG,81,6,1926,11.8,0.516,0.321,0.165,1.7,8.4,5.0,11.0,2.1,0.4,11.8,20.7,0.5,1.2,1.7,0.042,-1.6,-0.4,-2.0,0.0,,dixonju01,2007
150,Juan Dixon,28,POR,SG,55,1,1243,11.2,0.515,0.322,0.162,1.6,7.0,4.3,11.6,2.1,0.4,13.9,20.9,0.1,0.5,0.6,0.023,-1.5,-0.6,-2.2,0.0,,dixonju01,2007
151,Juan Dixon,28,TOR,SG,26,5,683,12.9,0.517,0.32,0.17,1.9,10.8,6.3,9.9,2.0,0.2,7.9,20.5,0.4,0.7,1.1,0.076,-1.8,0.1,-1.7,0.0,,dixonju01,2007
152,James Posey,30,MIA,SF,71,19,1919,12.7,0.579,0.6,0.227,4.2,17.5,11.0,7.7,2.0,0.9,10.4,13.1,2.6,2.6,5.2,0.13,-0.3,1.1,0.9,1.4,,poseyja01,2007
153,Erick Dampier,31,DAL,C,76,73,1915,14.9,0.642,0.0,0.572,14.0,21.5,17.8,3.5,0.7,3.3,20.4,12.8,3.3,3.1,6.4,0.16,-0.5,0.7,0.2,1.1,,dampier01,2007
154,Darko Miličić,21,ORL,PF,80,16,1913,13.8,0.492,0.002,0.42,9.6,18.4,14.1,7.9,1.2,5.9,16.0,18.7,0.0,3.3,3.3,0.082,-2.1,1.5,-0.5,0.7,,milicda01,2007
155,Jorge Garbajosa,29,TOR,PF,67,60,1909,12.1,0.503,0.365,0.147,2.9,17.5,10.2,10.1,2.1,0.6,10.2,15.2,0.6,2.4,3.0,0.074,-0.8,1.1,0.3,1.1,ROY-8,garbajo01,2007
156,Chris Duhon,24,CHI,PG,78,30,1906,11.9,0.529,0.507,0.209,1.4,8.7,5.1,24.4,1.9,0.2,16.6,14.8,1.9,3.0,4.8,0.121,-0.9,1.3,0.5,1.2,6MOY-11,duhonch01,2007
157,David West,26,NOK,PF,52,52,1900,18.9,0.532,0.032,0.287,7.5,18.5,12.9,10.9,1.2,1.6,9.9,23.8,3.1,2.0,5.2,0.131,1.2,-0.3,0.9,1.4,,westda01,2007
158,Channing Frye,23,NYK,PF,72,59,1896,10.5,0.464,0.026,0.157,5.8,18.9,12.4,6.2,1.0,1.8,12.0,20.0,-0.6,1.6,0.9,0.024,-3.4,-0.6,-4.0,-0.9,,fryech01,2007
159,Randy Foye,23,MIN,PG,82,12,1879,14.0,0.536,0.268,0.278,3.2,10.5,6.9,20.9,1.5,0.9,16.4,22.9,1.0,1.3,2.3,0.058,-0.3,-0.6,-1.0,0.5,ROY-5,foyera01,2007
160,Matt Carroll,26,CHA,SG,72,47,1878,14.6,0.58,0.406,0.316,2.1,11.2,6.5,8.2,1.5,0.4,8.9,19.9,3.4,1.2,4.6,0.117,0.9,-0.6,0.3,1.1,,carroma01,2007
161,Jason Williams,31,MIA,PG,61,55,1865,15.0,0.54,0.518,0.181,1.2,7.6,4.5,28.3,1.7,0.0,14.0,18.2,2.8,1.5,4.3,0.11,1.4,-1.0,0.4,1.1,,willija02,2007
162,Troy Murphy,26,2TM,PF,68,48,1852,14.5,0.541,0.253,0.25,6.0,19.6,12.7,10.9,1.2,1.7,10.8,17.2,2.4,2.1,4.5,0.116,0.1,0.4,0.5,1.1,,murphtr01,2007
163,Troy Murphy,26,GSW,PF,26,17,667,14.8,0.553,0.328,0.367,6.0,20.1,12.9,12.8,1.5,1.9,12.2,15.2,1.0,0.7,1.7,0.124,0.3,0.8,1.1,0.5,,murphtr01,2007
164,Troy Murphy,26,IND,PF,42,31,1185,14.3,0.536,0.219,0.197,6.0,19.3,12.5,9.8,1.1,1.6,10.1,18.3,1.4,1.4,2.8,0.112,-0.1,0.2,0.1,0.6,,murphtr01,2007
165,Jason Collins,28,NJN,PF,80,78,1844,3.0,0.408,0.013,0.841,5.8,14.4,10.1,3.5,1.1,1.6,26.1,7.1,-1.3,1.9,0.6,0.015,-6.3,0.4,-5.8,-1.8,,collija04,2007
166,Willie Green,25,PHI,SG,74,36,1842,10.3,0.458,0.181,0.128,2.7,7.5,5.1,11.2,1.6,0.2,10.4,25.7,-1.8,1.1,-0.7,-0.018,-2.9,-1.8,-4.7,-1.2,,greenwi01,2007
167,Rajon Rondo,20,BOS,PG,78,25,1831,13.1,0.472,0.064,0.409,4.7,14.6,9.5,26.3,3.6,0.3,20.5,16.5,-0.1,2.6,2.4,0.064,-2.4,2.2,-0.2,0.8,ROY-12,rondora01,2007
168,Michael Finley,33,SAS,SF,82,16,1823,13.7,0.524,0.431,0.148,2.3,12.0,7.4,9.7,0.9,0.6,6.1,19.6,2.1,2.6,4.7,0.125,0.8,-0.1,0.7,1.2,,finlemi01,2007
169,Chris Webber,33,2TM,PF,61,60,1821,16.0,0.482,0.017,0.25,8.1,20.5,14.3,17.8,1.8,1.7,13.1,21.1,0.7,2.7,3.4,0.09,0.0,1.0,1.0,1.4,,webbech01,2007
170,Chris Webber,33,PHI,PF,18,18,544,13.8,0.409,0.022,0.122,8.2,24.6,16.4,19.5,1.8,2.1,12.0,23.4,-0.6,0.8,0.2,0.014,-1.2,0.4,-0.7,0.2,,webbech01,2007
171,Chris Webber,33,DET,PF,43,42,1277,16.9,0.52,0.015,0.323,8.1,18.7,13.4,17.0,1.8,1.6,13.7,20.2,1.3,1.9,3.3,0.123,0.5,1.2,1.7,1.2,,webbech01,2007
172,Antoine Walker,30,MIA,PF,78,15,1818,9.6,0.462,0.457,0.157,6.1,15.7,11.0,12.1,1.4,0.7,16.5,22.3,-2.3,2.0,-0.3,-0.007,-2.5,-1.0,-3.6,-0.7,,walkean02,2007
173,Matt Barnes,26,GSW,PF,76,23,1813,14.7,0.547,0.462,0.196,5.4,16.0,10.6,12.8,1.9,1.7,13.3,18.5,1.9,1.8,3.7,0.099,0.6,0.3,0.9,1.3,,barnema02,2007
174,Andrew Bynum,19,LAL,C,82,53,1793,15.4,0.593,0.007,0.483,9.2,22.3,15.8,8.2,0.3,5.4,17.6,16.3,2.3,1.9,4.2,0.112,-1.6,0.5,-1.0,0.5,,bynuman01,2007
175,Brad Miller,30,SAC,C,63,56,1783,13.5,0.508,0.067,0.302,5.1,21.7,13.2,20.4,1.1,1.7,16.2,16.8,1.0,1.7,2.7,0.072,-0.7,0.8,0.1,0.9,,millebr01,2007
176,Gerald Green,21,BOS,SF,81,26,1780,12.0,0.521,0.349,0.215,4.5,9.6,7.0,8.5,1.2,1.0,12.9,23.7,0.4,1.2,1.6,0.042,-0.7,-1.7,-2.5,-0.2,,greenge01,2007
177,Jason Kapono,25,MIA,SF,67,35,1767,13.8,0.613,0.373,0.131,1.8,10.0,6.0,7.9,1.1,0.1,10.5,17.9,2.9,1.3,4.2,0.114,0.5,-1.0,-0.5,0.7,,kaponja01,2007
178,Antonio Daniels,31,WAS,SG,80,8,1761,15.0,0.572,0.162,0.643,1.1,8.9,4.9,24.3,1.1,0.4,12.1,14.2,4.1,0.2,4.3,0.116,1.0,-1.2,-0.3,0.8,,daniean01,2007
179,Martell Webster,20,POR,SF,82,27,1759,9.9,0.522,0.508,0.268,3.0,14.2,8.5,4.9,1.1,0.9,12.1,16.7,0.6,0.7,1.3,0.036,-0.7,-1.3,-2.0,0.0,,webstma02,2007
180,Brendan Haywood,27,WAS,C,77,49,1740,14.2,0.571,0.0,0.592,12.5,19.2,15.8,4.1,1.0,3.9,16.7,13.6,2.2,1.3,3.4,0.095,-1.1,-0.8,-1.8,0.1,,haywobr01,2007
181,Jeff Foster,30,IND,C,75,43,1740,13.0,0.513,0.004,0.469,16.5,24.1,20.2,5.0,1.9,1.6,18.2,9.9,1.8,2.7,4.5,0.124,-1.2,0.3,-0.9,0.5,,fosteje01,2007
182,Paul Pierce,29,BOS,SG,47,46,1740,21.7,0.571,0.324,0.473,2.6,16.8,9.5,22.1,1.4,0.6,12.9,30.7,3.8,1.6,5.4,0.148,4.9,-0.7,4.2,2.7,,piercpa01,2007
183,Maurice Evans,28,LAL,SG,76,10,1732,12.1,0.523,0.245,0.286,6.3,8.6,7.5,6.7,1.1,0.6,8.5,17.3,2.0,0.6,2.6,0.072,-0.4,-1.9,-2.3,-0.1,,evansma01,2007
184,David Lee,23,NYK,PF,58,12,1731,20.2,0.652,0.0,0.433,13.6,27.6,20.7,10.2,1.5,1.1,16.2,14.9,4.8,2.1,6.9,0.191,2.8,0.2,3.0,2.2,6MOY-4,leeda02,2007
185,Antonio McDyess,32,DET,PF,82,3,1729,18.1,0.552,0.0,0.257,11.3,22.7,17.0,7.2,1.9,2.9,11.1,18.6,2.8,3.2,6.0,0.168,-0.4,1.1,0.6,1.1,6MOY-6,mcdyean01,2007
186,Nenê,24,DEN,C,64,42,1715,17.8,0.611,0.002,0.548,10.0,19.4,14.7,7.1,1.8,2.5,16.5,19.2,2.9,2.4,5.3,0.148,-0.3,0.7,0.3,1.0,,hilarne01,2007
187,Chuck Hayes,23,HOU,PF,78,43,1714,13.9,0.587,0.0,0.266,13.8,21.1,17.5,4.4,2.2,0.8,14.6,11.9,2.9,3.6,6.4,0.179,-2.3,1.6,-0.7,0.6,,hayesch01,2007
188,Jannero Pargo,27,NOK,PG,82,7,1710,13.4,0.504,0.302,0.176,1.3,11.1,6.1,20.4,1.6,0.2,14.1,23.1,0.6,1.4,2.0,0.056,-0.4,-0.4,-0.8,0.5,,pargoja01,2007
189,Jamaal Magloire,28,POR,C,81,23,1703,11.5,0.527,0.0,0.613,10.8,25.4,18.0,2.9,0.7,3.1,20.5,17.4,-0.4,1.5,1.1,0.032,-3.4,-1.0,-4.4,-1.0,,magloja01,2007
190,Quinton Ross,25,LAC,SG,81,43,1700,10.5,0.508,0.026,0.23,4.3,9.1,6.7,8.1,2.2,1.5,7.3,12.2,1.4,1.8,3.2,0.09,-2.4,1.4,-1.0,0.4,DPOY-16,rossqu01,2007
191,Rasho Nesterović,30,TOR,C,80,73,1676,13.9,0.558,0.002,0.119,8.0,17.4,12.6,7.0,1.1,3.9,11.2,13.8,1.9,2.2,4.1,0.118,-1.4,1.2,-0.3,0.7,,nestera01,2007
192,Jason Richardson,26,GSW,SG,51,49,1675,15.5,0.512,0.41,0.191,4.6,12.6,8.5,16.0,1.6,1.4,9.3,22.3,1.7,1.3,3.0,0.085,1.4,-0.6,0.8,1.2,,richaja01,2007
193,Dahntay Jones,26,MEM,SG,78,25,1671,9.6,0.542,0.026,0.377,3.4,7.6,5.5,6.6,1.2,1.0,14.6,17.0,0.7,0.0,0.7,0.019,-3.0,-1.6,-4.6,-1.1,,jonesda02,2007
194,Devin Brown,28,NOK,SG,58,49,1662,14.3,0.538,0.409,0.279,3.7,13.9,8.7,14.8,1.4,0.4,12.7,19.6,2.1,1.5,3.5,0.102,0.2,-0.1,0.1,0.9,,brownde02,2007
195,Eduardo Nájera,30,DEN,PF,75,36,1658,13.5,0.609,0.034,0.347,9.0,12.0,10.5,5.7,2.2,1.1,12.1,12.0,2.9,1.8,4.8,0.138,-0.9,1.2,0.2,0.9,,najered01,2007
196,Brent Barry,35,SAS,SG,75,28,1631,16.6,0.666,0.675,0.275,1.3,10.2,5.9,13.3,1.8,0.5,11.3,15.6,4.2,2.6,6.8,0.201,2.7,1.6,4.3,2.6,,barrybr01,2007
197,Andrea Bargnani,21,TOR,PF,65,2,1629,12.8,0.546,0.429,0.227,3.7,14.8,9.2,5.1,1.0,2.5,13.5,22.6,0.2,1.7,1.9,0.057,-1.1,-0.6,-1.8,0.1,ROY-2,bargnan01,2007
198,Jarvis Hayes,25,WAS,SF,81,17,1626,10.7,0.502,0.335,0.154,2.9,12.2,7.4,7.7,1.5,0.6,8.8,17.3,1.0,0.5,1.5,0.045,-1.4,-1.3,-2.6,-0.3,,hayesja01,2007
199,Yao Ming,26,HOU,C,48,48,1624,26.5,0.601,0.002,0.504,7.2,24.7,16.0,12.3,0.6,4.5,14.3,33.5,4.0,3.4,7.4,0.22,3.1,1.9,5.0,2.8,DPOY-24ASNBA2,mingya01,2007
200,Quentin Richardson,26,NYK,SF,49,47,1621,14.3,0.532,0.473,0.22,4.8,20.8,12.9,11.4,1.2,0.3,10.5,18.7,2.2,1.3,3.5,0.104,1.3,-0.6,0.7,1.1,,richaqu01,2007
201,Jerry Stackhouse,32,DAL,SF,67,8,1615,16.8,0.537,0.248,0.329,3.0,7.7,5.4,19.7,1.7,0.5,13.5,25.0,2.3,1.8,4.1,0.122,1.8,-0.6,1.2,1.3,6MOY-3,stackje01,2007
202,José Calderón,25,TOR,PG,77,11,1614,19.1,0.588,0.149,0.283,1.5,8.3,4.9,39.7,2.0,0.2,16.2,19.5,4.0,1.5,5.4,0.162,2.0,0.0,2.0,1.6,6MOY-11,caldejo01,2007
203,Shaun Livingston,21,LAC,PG,54,31,1611,13.7,0.503,0.036,0.258,4.2,9.4,6.8,28.3,1.9,1.4,17.8,17.4,0.9,1.6,2.4,0.072,-0.4,0.4,0.0,0.8,,livinsh01,2007
204,Steven Hunter,25,PHI,PF,70,41,1605,12.3,0.573,0.0,0.463,8.6,16.5,12.5,2.6,0.4,3.7,14.2,13.2,1.3,1.5,2.8,0.085,-1.6,-0.1,-1.8,0.1,,huntest01,2007
205,Eddie Jones,35,2TM,SG,64,41,1594,12.3,0.542,0.526,0.178,2.3,11.6,7.1,10.9,2.2,0.5,9.4,14.7,1.7,1.4,3.1,0.094,-0.6,1.0,0.4,1.0,,jonesed02,2007
206,Eddie Jones,35,MEM,SG,29,14,561,8.6,0.485,0.49,0.225,3.0,10.0,6.5,9.1,2.0,0.3,12.2,15.2,0.0,0.1,0.2,0.013,-2.6,-0.4,-3.1,-0.2,,jonesed02,2007
207,Eddie Jones,35,MIA,SG,35,27,1033,14.3,0.574,0.546,0.151,2.0,12.5,7.4,11.9,2.4,0.6,7.7,14.4,1.7,1.3,3.0,0.138,0.5,1.8,2.3,1.1,,jonesed02,2007
208,Sebastian Telfair,21,BOS,PG,78,30,1578,8.6,0.458,0.27,0.232,1.3,7.1,4.1,22.7,1.4,0.5,15.8,17.8,-0.5,1.0,0.5,0.015,-3.2,-1.0,-4.2,-0.9,,telfase01,2007
209,Kendrick Perkins,22,BOS,C,72,53,1576,9.5,0.518,0.011,0.372,8.4,20.1,14.1,9.4,0.8,4.7,26.5,12.2,-0.6,1.9,1.4,0.042,-4.1,1.5,-2.6,-0.3,,perkike01,2007
210,Tony Battie,30,ORL,PF,66,66,1575,9.8,0.513,0.003,0.214,7.4,19.3,13.5,3.6,1.0,1.5,13.4,13.4,0.6,2.1,2.7,0.081,-2.6,0.5,-2.1,0.0,,battito01,2007
211,Alonzo Mourning,36,MIA,C,77,43,1572,16.7,0.59,0.0,0.725,9.7,16.4,13.1,2.0,0.4,9.0,18.7,20.8,1.0,2.5,3.5,0.107,-3.1,1.2,-1.9,0.0,DPOY-24,mournal01,2007
212,Marko Jarić,28,MIN,SG,70,13,1555,9.6,0.51,0.262,0.271,4.3,9.7,7.1,14.1,2.5,0.8,19.5,13.5,0.1,1.5,1.5,0.048,-3.1,1.5,-1.6,0.1,,jaricma01,2007
213,Craig Smith,23,MIN,PF,82,5,1537,15.7,0.558,0.013,0.402,11.9,20.3,16.2,5.4,1.8,0.9,12.0,18.7,2.1,1.7,3.9,0.121,-1.3,-0.5,-1.8,0.1,ROY-11,smithcr01,2007
214,Sasha Pavlović,23,CLE,SG,67,28,1534,12.1,0.554,0.302,0.257,1.7,10.5,6.0,11.3,1.9,0.9,15.8,19.1,0.8,2.3,3.1,0.098,-1.8,1.0,-0.8,0.5,,pavloal01,2007
215,Boštjan Nachbar,26,NJN,SF,76,1,1532,14.5,0.614,0.535,0.331,2.1,17.3,9.7,6.8,1.0,1.3,10.8,19.3,2.5,1.6,4.1,0.128,0.4,-0.1,0.3,0.9,,nachbbo01,2007
216,Travis Outlaw,22,POR,PF,67,1,1532,15.3,0.499,0.065,0.319,5.2,12.6,8.8,6.1,2.2,3.9,9.3,21.8,0.9,1.4,2.3,0.072,-0.7,0.3,-0.4,0.6,,outlatr01,2007
217,Brian Skinner,30,MIL,PF,67,44,1523,8.9,0.511,0.0,0.312,8.1,21.8,14.9,5.4,0.6,3.2,20.7,10.8,0.1,1.0,1.1,0.035,-3.5,-0.1,-3.6,-0.6,,skinnbr01,2007
218,Morris Peterson,29,TOR,SF,71,12,1515,13.2,0.555,0.571,0.238,2.5,16.1,9.2,5.0,1.5,0.6,8.5,19.1,1.3,1.6,2.9,0.091,0.2,-0.2,0.1,0.8,,petermo01,2007
219,Shelden Williams,23,ATL,PF,81,31,1514,12.3,0.518,0.011,0.395,10.3,24.5,17.3,4.8,1.8,2.0,18.3,15.9,0.3,1.9,2.2,0.07,-2.9,-0.4,-3.3,-0.5,,willish02,2007
220,Johan Petro,21,SEA,C,81,13,1510,11.6,0.532,0.0,0.176,7.2,19.5,13.3,4.8,1.4,2.4,14.8,16.7,0.5,1.2,1.7,0.053,-3.4,-0.3,-3.7,-0.6,,petrojo01,2007
221,Gary Payton,38,MIA,PG,68,28,1503,9.0,0.458,0.336,0.156,1.4,8.7,5.2,20.9,1.5,0.2,14.4,14.4,0.1,1.2,1.3,0.042,-3.1,-0.1,-3.2,-0.5,,paytoga01,2007
222,Joe Smith,31,2TM,PF,65,11,1503,13.9,0.51,0.01,0.31,9.6,22.1,15.9,5.4,1.3,1.4,12.3,18.9,1.0,1.8,2.8,0.088,-1.6,-0.7,-2.3,-0.1,,smithjo02,2007
223,Joe Smith,31,DEN,PF,11,0,148,12.4,0.526,0.021,0.25,10.0,20.2,15.2,3.1,2.0,3.4,19.6,19.2,0.0,0.2,0.2,0.06,-4.2,0.1,-4.2,-0.1,,smithjo02,2007
224,Joe Smith,31,PHI,PF,54,11,1355,14.1,0.508,0.009,0.317,9.5,22.3,15.9,5.7,1.2,1.1,11.4,18.8,1.0,1.5,2.6,0.091,-1.3,-0.7,-2.1,0.0,,smithjo02,2007
225,Damon Stoudamire,33,MEM,PG,62,51,1501,12.6,0.493,0.4,0.19,2.5,8.6,5.5,31.3,1.6,0.1,17.6,17.3,1.1,0.1,1.1,0.036,0.1,-2.0,-1.9,0.1,,stoudda01,2007
226,Linas Kleiza,22,DEN,PF,79,14,1488,11.1,0.561,0.466,0.285,5.9,14.1,10.1,4.5,0.9,0.7,12.9,17.6,1.6,1.2,2.8,0.09,-1.6,-0.9,-2.5,-0.2,,kleizli01,2007
227,Tyronn Lue,29,ATL,PG,56,17,1488,14.1,0.534,0.307,0.311,1.5,7.0,4.2,23.9,0.9,0.0,12.5,21.0,2.2,0.3,2.5,0.081,0.5,-2.4,-1.9,0.0,,luety01,2007
228,DeSagana Diop,25,DAL,C,81,9,1480,10.6,0.503,0.007,0.57,13.8,21.6,17.8,2.8,1.4,5.8,25.0,7.9,0.7,3.1,3.8,0.123,-2.8,2.6,-0.2,0.7,,diopde01,2007
229,Ronald Murray,27,DET,SG,69,18,1477,10.8,0.474,0.189,0.274,2.1,7.0,4.5,20.4,1.8,0.7,15.5,18.7,-0.1,1.4,1.3,0.042,-2.3,-0.2,-2.4,-0.1,,murraro01,2007
230,Paul Millsap,21,UTA,PF,82,1,1472,17.6,0.571,0.008,0.523,15.1,19.8,17.5,6.7,2.4,4.2,16.1,17.8,2.4,2.3,4.7,0.153,-0.4,1.0,0.6,0.9,ROY-6,millspa01,2007
231,J.R. Smith,21,DEN,SG,63,24,1471,15.6,0.585,0.593,0.196,2.3,8.5,5.5,10.2,1.6,0.4,10.8,22.8,2.5,1.1,3.7,0.12,2.0,-0.5,1.4,1.2,6MOY-14,smithjr01,2007
232,P.J. Brown,37,CHI,PF,72,49,1456,9.7,0.462,0.005,0.292,10.2,17.0,13.6,5.0,0.8,2.8,15.3,17.0,-0.4,2.7,2.3,0.075,-4.0,0.7,-3.3,-0.5,,brownpj01,2007
233,Keyon Dooling,26,ORL,SG,66,2,1435,11.1,0.501,0.21,0.308,1.9,5.4,3.7,13.1,1.9,0.8,12.2,19.1,0.7,1.4,2.1,0.071,-1.6,0.4,-1.3,0.3,,doolike01,2007
234,Kenny Thomas,29,SAC,PF,62,53,1412,10.2,0.492,0.003,0.251,10.9,20.6,15.7,8.4,1.5,0.9,21.1,13.6,-0.1,1.4,1.2,0.041,-2.6,-0.2,-2.7,-0.3,,thomake01,2007
235,Francisco García,25,SAC,SF,79,5,1410,11.7,0.551,0.392,0.3,4.3,12.9,8.5,9.8,1.6,2.3,14.0,15.9,1.1,1.2,2.4,0.08,-1.4,0.4,-1.1,0.3,,garcifr01,2007
236,Sam Cassell,37,LAC,PG,58,30,1407,17.1,0.506,0.174,0.291,2.3,11.8,7.1,35.3,1.1,0.4,12.5,26.5,1.7,1.0,2.8,0.095,1.4,-1.3,0.1,0.8,,cassesa01,2007
237,Andrés Nocioni,27,CHI,PF,53,31,1406,15.6,0.578,0.358,0.248,3.4,20.9,12.2,7.0,1.0,1.3,13.8,23.8,1.4,2.6,4.1,0.139,0.2,0.6,0.8,1.0,,nocioan01,2007
238,LaMarcus Aldridge,21,POR,C,63,22,1392,17.1,0.533,0.004,0.24,12.6,15.3,13.9,3.2,0.9,4.2,7.5,19.3,2.5,1.0,3.4,0.118,-0.4,-1.0,-1.4,0.2,ROY-7,aldrila01,2007
239,James Jones,26,PHO,SF,76,7,1376,10.8,0.51,0.541,0.184,2.9,11.5,7.5,4.5,1.0,2.1,5.6,16.5,1.0,1.2,2.2,0.077,-0.5,-0.2,-0.6,0.5,,jonesja02,2007
240,Carlos Delfino,24,DET,SG,82,1,1372,12.8,0.515,0.367,0.237,5.8,17.2,11.5,10.2,1.8,0.5,12.8,16.5,1.0,1.9,2.9,0.101,-0.5,0.4,-0.1,0.7,,delfica01,2007
241,Greg Buckner,30,DAL,SG,76,11,1372,7.8,0.486,0.344,0.114,3.1,10.6,6.9,7.6,1.8,0.4,11.3,12.0,0.4,1.7,2.2,0.076,-3.1,1.3,-1.7,0.1,,buckngr01,2007
242,Fabricio Oberto,31,SAS,C,79,33,1365,11.9,0.575,0.0,0.181,12.1,20.2,16.3,7.8,1.0,1.3,18.5,12.9,1.6,2.5,4.1,0.144,-2.5,1.1,-1.3,0.2,,obertfa01,2007
243,Donyell Marshall,33,CLE,PF,81,0,1360,15.3,0.536,0.55,0.162,7.2,20.8,13.8,5.7,1.5,2.5,11.3,19.8,1.3,2.6,3.8,0.135,0.8,0.8,1.6,1.3,,marshdo01,2007
244,Nate Robinson,22,NYK,PG,64,5,1356,15.2,0.552,0.407,0.266,4.9,8.4,6.7,11.9,2.0,0.4,11.0,22.0,2.4,0.8,3.2,0.114,1.2,-0.2,1.1,1.0,,robinna01,2007
245,Corliss Williamson,33,SAC,PF,68,1,1337,12.7,0.559,0.004,0.447,5.4,14.2,9.7,5.2,1.1,0.9,14.9,21.9,0.6,0.9,1.5,0.054,-2.8,-1.3,-4.1,-0.7,,willico02,2007
246,Francisco Elson,30,SAS,C,70,41,1332,11.2,0.552,0.007,0.284,7.7,22.2,15.2,6.4,1.2,3.3,21.3,14.4,0.2,2.9,3.1,0.111,-3.7,2.1,-1.6,0.1,,elsonfr01,2007
247,Bobby Jackson,33,NOK,SG,56,2,1330,15.1,0.5,0.319,0.324,3.6,12.1,7.7,17.9,2.0,0.4,11.6,23.0,1.2,1.3,2.5,0.088,0.2,0.3,0.6,0.8,,jacksbo01,2007
248,Joey Graham,24,TOR,SF,79,21,1319,12.9,0.564,0.08,0.338,4.9,17.4,11.0,5.4,1.2,0.2,9.9,17.4,1.7,1.3,3.0,0.108,-1.8,-0.1,-1.9,0.0,,grahajo01,2007
249,Fred Jones,27,2TM,SG,63,12,1319,10.0,0.501,0.355,0.316,2.1,8.4,5.2,12.8,1.9,0.9,14.0,16.9,0.2,1.0,1.2,0.044,-2.3,0.5,-1.8,0.1,,jonesfr01,2007
250,Fred Jones,27,TOR,SG,39,9,870,9.9,0.516,0.406,0.353,2.1,9.0,5.5,9.6,1.8,1.1,14.8,18.0,0.0,0.8,0.8,0.043,-2.2,0.6,-1.6,0.1,,jonesfr01,2007
251,Fred Jones,27,POR,SG,24,3,449,10.3,0.466,0.241,0.232,1.9,7.3,4.6,18.9,2.2,0.7,12.1,14.7,0.2,0.2,0.4,0.044,-2.6,0.2,-2.4,0.0,,jonesfr01,2007
252,Marcus Williams,21,NJN,PG,79,2,1315,11.5,0.474,0.31,0.162,2.6,11.9,7.3,34.4,1.2,0.1,20.1,25.0,-1.1,1.0,-0.1,-0.004,-1.7,-2.0,-3.7,-0.6,,willima03,2007
253,Jared Jeffries,25,NYK,SF,55,43,1307,8.6,0.473,0.097,0.33,10.2,11.4,10.8,7.9,1.8,1.8,20.5,10.3,0.1,1.0,1.2,0.043,-2.4,0.8,-1.6,0.2,,jeffrja01,2007
254,Carlos Arroyo,27,ORL,PG,72,5,1304,14.4,0.501,0.107,0.347,3.0,9.5,6.3,27.1,1.6,0.1,14.0,22.8,1.2,1.3,2.5,0.094,-0.4,-0.4,-0.8,0.4,,arroyca01,2007
255,Anthony Johnson,32,2TM,PG,67,17,1301,9.9,0.48,0.213,0.178,2.1,7.3,4.7,24.9,1.4,0.2,17.0,15.8,0.4,0.8,1.2,0.045,-2.4,-1.2,-3.7,-0.5,,johnsan02,2007
256,Anthony Johnson,32,DAL,PG,40,0,562,9.3,0.479,0.199,0.199,2.9,7.3,5.1,21.2,1.5,0.1,16.3,15.7,0.2,0.6,0.8,0.07,-2.8,0.3,-2.5,-0.1,,johnsan02,2007
257,Anthony Johnson,32,ATL,PG,27,17,739,10.3,0.481,0.223,0.162,1.4,7.3,4.3,27.7,1.2,0.2,17.6,15.9,0.2,0.2,0.4,0.026,-2.2,-2.4,-4.6,-0.5,,johnsan02,2007
258,Dorell Wright,21,MIA,SF,66,19,1292,12.7,0.489,0.093,0.236,3.7,20.7,12.4,12.1,1.7,2.8,13.9,17.1,-0.1,2.0,1.9,0.072,-1.9,1.5,-0.4,0.5,,wrighdo01,2007
259,Dikembe Mutombo,40,HOU,C,75,33,1289,14.4,0.601,0.0,0.569,14.7,28.7,21.8,1.5,0.9,4.5,16.6,8.3,2.1,3.0,5.2,0.192,-1.5,2.2,0.6,0.8,,mutomdi01,2007
260,Devean George,29,DAL,SF,60,17,1283,9.7,0.487,0.405,0.13,5.5,14.3,10.0,4.0,1.9,1.4,11.5,16.1,0.1,1.9,2.1,0.078,-2.2,0.6,-1.5,0.2,,georgde01,2007
261,Trevor Ariza,21,ORL,SG,57,7,1278,16.2,0.567,0.019,0.461,9.7,14.2,12.0,8.9,2.5,1.2,15.8,19.2,1.5,1.9,3.4,0.128,0.4,1.3,1.6,1.2,,arizatr01,2007
262,Darrell Armstrong,38,IND,PG,81,4,1275,15.1,0.547,0.568,0.247,3.0,9.3,6.1,24.8,2.9,0.4,15.4,17.4,1.7,1.5,3.2,0.121,0.6,1.2,1.8,1.2,,armstda01,2007
263,Brevin Knight,31,CHA,PG,45,25,1273,14.3,0.487,0.05,0.353,1.3,9.7,5.3,37.5,2.7,0.2,18.5,18.4,0.7,1.1,1.8,0.07,-1.2,0.1,-1.0,0.3,,knighbr01,2007
264,Etan Thomas,28,WAS,C,65,32,1246,15.6,0.585,0.0,0.498,12.2,22.9,17.4,3.6,0.9,5.5,17.4,14.4,1.5,1.2,2.7,0.105,-1.1,-0.1,-1.2,0.3,,thomaet01,2007
265,Mickaël Gelabale,23,SEA,SF,70,14,1239,9.8,0.535,0.178,0.311,5.7,11.1,8.4,6.7,1.0,1.4,14.0,12.8,0.9,0.4,1.3,0.05,-1.8,-0.9,-2.6,-0.2,,gelabmi01,2007
266,Steve Francis,29,NYK,SG,44,30,1237,15.1,0.57,0.324,0.615,3.2,11.8,7.5,22.4,1.8,0.8,18.7,19.7,2.0,0.9,2.9,0.113,0.6,0.2,0.7,0.9,,francst01,2007
267,Kurt Thomas,34,PHO,C,67,13,1208,11.4,0.531,0.004,0.274,8.7,26.9,18.3,2.7,1.0,1.7,10.8,12.1,1.2,1.7,2.9,0.115,-2.1,0.4,-1.7,0.1,,thomaku01,2007
268,Derek Anderson,32,CHA,SF,50,32,1190,13.7,0.586,0.517,0.361,2.8,8.6,5.6,17.6,2.3,0.5,14.1,15.1,2.0,0.9,2.9,0.117,-0.3,0.6,0.4,0.7,,anderde01,2007
269,Gordan Giriček,29,UTA,SG,61,6,1188,11.3,0.566,0.32,0.228,2.5,10.7,6.6,8.5,1.2,0.3,13.2,18.2,1.1,0.8,1.9,0.076,-0.8,-0.5,-1.4,0.2,,giricgo01,2007
270,Yakhouba Diawara,24,DEN,SG,64,19,1177,5.3,0.45,0.582,0.182,2.6,7.8,5.3,6.5,1.3,0.4,10.5,12.8,-0.2,0.8,0.5,0.021,-3.9,0.0,-3.9,-0.6,,diawaya01,2007
271,Damon Jones,30,CLE,PG,60,0,1173,10.2,0.525,0.651,0.124,0.9,5.8,3.3,12.7,0.7,0.1,8.8,15.9,1.2,1.1,2.4,0.097,-0.1,-0.4,-0.5,0.5,,jonesda01,2007
272,Rodney Carney,22,PHI,SF,67,35,1169,11.4,0.514,0.184,0.222,4.0,9.1,6.6,3.8,1.7,1.5,9.1,18.7,0.4,1.0,1.3,0.055,-1.8,-0.4,-2.2,-0.1,,carnero01,2007
273,Antoine Wright,22,NJN,SG,63,23,1137,8.1,0.5,0.235,0.291,4.0,14.1,9.1,7.6,1.4,0.7,13.2,13.4,0.0,1.1,1.2,0.049,-3.5,0.2,-3.3,-0.4,,wrighan01,2007
274,Shaquille O'Neal,34,MIA,C,40,39,1135,21.7,0.567,0.0,0.614,10.3,20.3,15.4,14.3,0.4,3.8,13.5,29.4,1.4,1.5,2.8,0.119,1.6,0.2,1.7,1.1,MVP-12AS,onealsh01,2007
275,Kwame Brown,24,LAL,C,41,28,1132,13.7,0.573,0.004,0.554,8.4,16.7,12.6,10.2,1.8,3.3,20.2,15.0,0.7,1.2,1.9,0.08,-1.1,0.8,-0.3,0.5,,brownkw01,2007
276,Reggie Evans,26,DEN,PF,66,11,1127,13.5,0.55,0.0,0.851,15.8,29.9,23.0,5.7,1.8,1.0,24.3,14.8,0.4,1.9,2.3,0.096,-2.2,0.0,-2.2,-0.1,,evansre01,2007
277,Robert Horry,36,SAS,PF,68,8,1124,11.9,0.48,0.594,0.255,8.2,16.1,12.3,10.1,2.1,2.7,13.6,13.6,0.6,2.4,2.9,0.125,-0.5,2.7,2.1,1.2,,horryro01,2007
278,Jordan Farmar,20,LAL,PG,72,2,1090,10.8,0.515,0.466,0.129,2.4,10.3,6.4,19.0,2.1,0.5,19.0,15.8,0.2,0.7,0.9,0.038,-1.4,-0.3,-1.7,0.1,,farmajo01,2007
279,Ronny Turiaf,24,LAL,C,72,1,1087,15.5,0.586,0.004,0.5,9.6,18.3,13.9,9.1,0.8,5.5,13.7,15.7,1.9,1.1,3.1,0.137,-1.7,1.0,-0.7,0.4,,turiaro01,2007
280,Renaldo Balkman,22,NYK,SF,68,1,1064,16.1,0.531,0.098,0.327,11.0,21.8,16.4,7.0,2.8,3.3,13.5,15.5,1.1,1.7,2.8,0.125,-0.7,2.0,1.3,0.9,,balkmre01,2007
281,Speedy Claxton,28,ATL,PG,42,31,1054,7.3,0.363,0.101,0.216,1.4,8.0,4.6,28.1,3.6,0.3,19.8,16.6,-1.8,1.0,-0.7,-0.034,-5.4,0.9,-4.5,-0.7,,claxtsp01,2007
282,Jake Voskuhl,29,CHA,C,73,9,1043,10.9,0.523,0.0,0.443,9.3,20.1,14.5,6.8,1.5,1.8,15.5,15.7,0.5,1.1,1.7,0.077,-4.0,0.1,-3.9,-0.5,,voskuja01,2007
283,Lorenzen Wright,31,ATL,C,67,31,1035,6.6,0.439,0.0,0.175,9.8,15.4,12.6,6.1,1.4,2.1,16.5,10.5,-0.2,0.9,0.7,0.033,-5.4,0.3,-5.1,-0.8,,wrighlo02,2007
284,Salim Stoudamire,24,ATL,SG,61,0,1034,11.4,0.518,0.365,0.16,0.7,8.0,4.3,10.9,1.1,0.2,10.8,22.7,0.5,0.3,0.8,0.036,-1.1,-2.0,-3.1,-0.3,,stoudsa01,2007
285,Stromile Swift,27,MEM,C,54,18,1029,14.2,0.517,0.014,0.387,9.9,19.2,14.5,2.8,1.5,4.6,14.6,20.8,0.2,0.8,1.0,0.047,-3.0,-0.9,-4.0,-0.5,,swiftst01,2007
286,Brian Scalabrine,28,BOS,PF,54,17,1027,6.6,0.537,0.576,0.12,2.7,9.7,6.1,8.9,1.2,1.4,18.0,10.8,0.2,0.7,0.9,0.043,-2.7,0.0,-2.7,-0.2,,scalabr01,2007
287,Marc Jackson,32,NOK,PF,56,25,1025,11.9,0.471,0.003,0.265,6.8,15.0,10.8,9.6,1.1,0.5,13.0,22.2,-0.2,0.9,0.7,0.033,-2.6,-1.1,-3.7,-0.4,,jacksma02,2007
288,Brian Cook,26,LAL,PF,65,24,1018,14.8,0.525,0.282,0.115,7.1,17.6,12.4,10.8,1.3,2.0,10.6,21.2,0.9,0.8,1.8,0.083,-0.2,-1.1,-1.2,0.2,,cookbr01,2007
289,Keith Bogans,26,ORL,SG,59,18,990,9.2,0.546,0.559,0.257,2.0,9.4,5.8,9.5,1.5,0.2,14.4,14.9,0.7,1.0,1.7,0.08,-1.6,0.1,-1.5,0.1,,boganke01,2007
290,Daniel Gibson,20,CLE,PG,60,16,988,9.4,0.556,0.537,0.169,3.2,7.7,5.4,10.7,1.2,0.6,15.1,13.4,0.8,1.2,2.0,0.098,-1.6,0.9,-0.7,0.3,,gibsoda01,2007
291,Vladimir Radmanović,26,LAL,PF,55,15,986,11.0,0.518,0.373,0.231,6.3,15.0,10.7,10.5,1.3,1.4,16.5,19.0,0.1,0.7,0.8,0.04,-1.8,-1.0,-2.8,-0.2,,radmavl01,2007
292,Charlie Villanueva,22,MIL,PF,39,17,984,15.8,0.547,0.225,0.232,7.3,20.1,13.6,6.1,1.3,0.9,11.3,21.8,1.2,0.6,1.7,0.085,0.2,-1.6,-1.4,0.2,,villach01,2007
293,Ersan İlyasova,19,MIL,PF,66,14,973,12.1,0.5,0.408,0.245,6.9,16.0,11.4,7.8,1.4,1.4,11.3,21.0,0.5,0.5,1.0,0.051,-1.4,-1.5,-2.9,-0.2,,ilyaser01,2007
294,Šarūnas Jasikevičius,30,2TM,PG,63,3,973,12.4,0.531,0.404,0.295,1.7,6.4,4.0,28.3,1.3,0.1,19.8,20.6,0.6,0.5,1.1,0.056,-0.5,-2.0,-2.5,-0.1,,jasiksa01,2007
295,Šarūnas Jasikevičius,30,IND,SG,37,1,664,12.9,0.548,0.389,0.29,1.7,6.7,4.2,28.4,1.0,0.0,19.1,20.8,0.6,0.4,1.0,0.072,0.0,-2.0,-2.0,0.0,,jasiksa01,2007
296,Šarūnas Jasikevičius,30,GSW,PG,26,2,309,11.3,0.493,0.436,0.307,1.7,5.8,3.7,28.0,2.0,0.2,21.3,20.1,0.0,0.2,0.2,0.023,-1.6,-2.0,-3.6,-0.1,,jasiksa01,2007
297,Lawrence Roberts,24,MEM,PF,54,18,969,13.4,0.533,0.01,0.63,12.4,19.8,16.1,4.7,1.9,1.0,11.9,14.1,1.4,0.6,2.0,0.099,-1.2,-0.5,-1.7,0.1,,roberla01,2007
298,Tarence Kinsey,22,MEM,SG,48,12,967,13.0,0.532,0.151,0.322,3.6,8.4,6.0,7.0,2.8,0.1,11.7,18.4,0.6,0.3,0.9,0.046,-1.7,-0.3,-2.0,0.0,,kinseta01,2007
299,Tyrus Thomas,20,CHI,PF,72,4,966,14.8,0.521,0.007,0.621,10.6,21.1,15.9,6.6,2.4,6.2,20.8,20.9,-0.4,2.6,2.2,0.11,-4.1,3.1,-1.0,0.2,ROY-9,thomaty01,2007
300,Clifford Robinson,40,NJN,C,50,1,955,5.9,0.434,0.303,0.165,3.9,11.2,7.5,8.2,0.7,1.9,11.4,12.9,-0.5,0.8,0.3,0.013,-3.9,-0.2,-4.1,-0.5,,robincl02,2007
301,Beno Udrih,24,SAS,PG,73,1,948,10.3,0.459,0.334,0.174,1.5,8.7,5.2,20.6,1.5,0.1,13.1,21.3,-0.3,1.4,1.0,0.053,-2.8,-0.3,-3.0,-0.2,,udrihbe01,2007
302,Eddie House,28,NJN,SG,56,1,946,15.0,0.536,0.416,0.086,1.8,9.7,5.7,13.1,1.5,0.3,5.8,22.8,1.1,0.8,1.9,0.094,1.0,-0.9,0.1,0.5,,houseed01,2007
303,Jason Maxiell,23,DET,C,67,8,943,14.4,0.518,0.0,0.523,11.1,12.3,11.7,2.5,1.7,4.9,14.1,18.9,0.3,1.5,1.8,0.091,-2.6,0.5,-2.0,0.0,,maxieja01,2007
304,Walter Herrmann,27,CHA,PF,48,12,936,16.1,0.625,0.348,0.161,3.4,14.5,8.8,5.0,0.9,0.6,8.3,18.7,1.8,0.6,2.4,0.125,1.9,-1.1,0.8,0.7,ROY-10,herrmwa01,2007
305,Sasha Vujačić,22,LAL,SG,73,4,935,11.7,0.54,0.601,0.183,3.5,9.8,6.7,10.3,2.3,0.1,9.4,15.4,1.2,0.6,1.8,0.091,-0.9,-0.1,-1.0,0.2,,vujacsa01,2007
306,Kevin Ollie,34,PHI,PG,53,23,919,8.4,0.481,0.011,0.241,1.0,8.6,4.8,21.8,1.2,0.1,18.5,12.8,0.1,0.5,0.6,0.03,-3.5,-0.7,-4.2,-0.5,,ollieke01,2007
307,Jarron Collins,28,UTA,C,82,9,913,8.0,0.494,0.0,0.488,9.5,13.3,11.4,9.5,0.7,0.7,15.2,12.0,0.7,0.6,1.3,0.067,-2.8,-0.1,-2.9,-0.2,,collija03,2007
308,Wally Szczerbiak,29,BOS,SF,32,19,900,14.8,0.54,0.273,0.325,2.1,11.2,6.5,11.3,1.0,0.3,10.9,25.0,1.0,0.5,1.6,0.083,0.5,-1.9,-1.5,0.1,,szczewa02,2007
309,Thabo Sefolosha,22,CHI,SG,71,4,868,8.5,0.464,0.164,0.176,4.6,15.4,10.1,10.7,1.9,1.0,17.9,17.2,-0.8,1.7,0.8,0.047,-4.2,1.6,-2.6,-0.1,,sefolth01,2007
310,Sergio Rodríguez,20,POR,PG,67,1,862,14.1,0.493,0.356,0.109,2.8,10.4,6.6,41.9,2.2,0.2,23.5,17.8,0.5,0.4,0.9,0.05,0.4,-1.5,-1.1,0.2,,rodrise01,2007
311,Nenad Krstić,23,NJN,C,26,26,848,16.9,0.566,0.003,0.375,7.1,17.3,12.2,10.2,0.6,2.2,12.1,23.5,1.1,0.9,1.9,0.109,-0.2,-0.1,-0.3,0.4,,krstine01,2007
312,Jason Hart,28,2TM,PG,36,22,846,12.3,0.509,0.129,0.21,2.0,11.8,6.9,19.8,2.7,0.1,13.4,15.4,0.5,1.0,1.5,0.085,-2.6,1.3,-1.2,0.2,,hartja01,2007
313,Jason Hart,28,SAC,PG,13,0,100,14.5,0.617,0.2,0.367,2.3,15.6,8.8,16.9,1.5,0.0,10.3,17.5,0.3,0.1,0.3,0.16,-1.6,0.3,-1.3,0.0,,hartja01,2007
314,Jason Hart,28,LAC,PG,23,22,746,12.0,0.491,0.119,0.186,1.9,11.3,6.7,20.2,2.9,0.1,13.9,15.1,0.3,0.9,1.2,0.075,-2.7,1.5,-1.2,0.1,,hartja01,2007
315,Dan Gadzuric,28,MIL,C,54,8,840,11.9,0.482,0.004,0.395,13.0,21.6,17.2,5.3,1.4,2.9,15.5,17.0,0.1,0.7,0.8,0.043,-3.9,-1.5,-5.4,-0.7,,gadzuda01,2007
316,Primož Brezec,27,CHA,C,58,40,838,9.7,0.474,0.011,0.248,11.0,15.2,13.0,4.6,0.7,2.1,11.1,18.5,0.0,0.6,0.7,0.038,-4.9,-1.7,-6.6,-1.0,,brezepr01,2007
317,Sean May,22,CHA,PF,35,8,838,19.1,0.551,0.009,0.341,10.0,23.3,16.5,14.5,1.2,2.2,12.9,23.5,1.3,1.0,2.2,0.127,1.3,0.1,1.4,0.7,,mayse01,2007
318,Malik Rose,32,NYK,PF,65,2,810,7.7,0.46,0.043,0.28,7.0,18.6,12.8,12.7,1.7,0.9,23.7,15.3,-0.6,0.8,0.1,0.007,-4.5,0.6,-3.9,-0.4,,rosema01,2007
319,Tony Allen,25,BOS,SG,33,18,805,17.0,0.596,0.127,0.517,5.1,13.6,9.2,12.5,3.2,1.2,19.1,22.1,0.8,1.1,1.9,0.111,-0.2,1.2,1.0,0.6,,allento01,2007
320,Marquis Daniels,26,IND,SG,45,4,800,11.6,0.506,0.093,0.285,3.7,8.3,5.9,12.6,1.8,0.7,14.8,20.8,-0.1,0.7,0.6,0.036,-2.4,-0.3,-2.7,-0.1,,daniema01,2007
321,David Noel,22,MIL,PF,68,0,792,9.0,0.47,0.299,0.243,6.2,12.2,9.1,11.7,1.6,0.9,17.0,13.4,0.1,0.3,0.4,0.024,-2.2,-0.9,-3.1,-0.2,,noelda01,2007
322,Mardy Collins,22,NYK,SF,52,9,777,9.2,0.445,0.206,0.36,4.3,11.5,8.0,17.4,2.2,0.3,17.8,18.8,-0.6,0.6,0.0,0.002,-3.3,0.1,-3.1,-0.2,,collima01,2007
323,Nazr Mohammed,29,DET,C,51,33,773,16.5,0.554,0.0,0.369,13.7,21.5,17.6,2.0,1.9,4.0,14.3,18.5,0.9,1.5,2.3,0.145,-2.5,0.6,-1.9,0.0,,mohamna01,2007
324,Jacque Vaughn,31,SAS,PG,64,4,760,10.9,0.491,0.012,0.389,1.3,9.2,5.4,25.9,1.7,0.2,17.0,14.7,0.6,1.2,1.7,0.107,-3.2,0.9,-2.3,0.0,,vaughja01,2007
325,Ike Diogu,23,2TM,PF,59,2,760,14.9,0.559,0.0,0.526,11.0,19.5,15.2,5.7,0.5,2.6,17.0,22.9,0.7,0.8,1.5,0.094,-2.5,-0.9,-3.4,-0.3,,dioguik01,2007
326,Ike Diogu,23,GSW,PF,17,0,222,18.4,0.601,0.0,0.53,10.2,21.2,15.6,3.6,0.7,3.8,15.0,23.1,0.4,0.2,0.6,0.137,-0.7,0.0,-0.7,0.1,,dioguik01,2007
327,Ike Diogu,23,IND,PF,42,2,538,13.5,0.539,0.0,0.525,11.4,18.8,15.0,6.5,0.5,2.1,17.9,22.8,0.3,0.6,0.9,0.076,-3.3,-1.3,-4.6,-0.3,,dioguik01,2007
328,Alexander Johnson,23,MEM,PF,59,19,753,13.2,0.588,0.0,0.698,7.9,20.8,14.4,3.6,1.7,3.5,17.5,16.1,0.7,0.6,1.3,0.083,-3.2,-0.3,-3.5,-0.3,,johnsal01,2007
329,Lindsey Hunter,36,DET,PG,52,0,745,12.7,0.495,0.488,0.135,1.4,6.1,3.7,20.3,2.5,0.7,11.9,18.7,0.5,0.8,1.3,0.085,-0.9,0.5,-0.3,0.3,,hunteli01,2007
330,Austin Croshere,31,DAL,PF,61,2,727,10.9,0.463,0.41,0.234,5.6,24.8,15.4,9.2,1.0,0.6,11.9,17.8,0.1,1.1,1.3,0.083,-1.8,0.3,-1.6,0.1,,croshau01,2007
331,Leon Powe,23,BOS,C,63,2,720,14.6,0.549,0.011,0.814,15.8,20.1,17.9,2.3,1.0,2.4,16.4,18.1,0.9,0.8,1.7,0.116,-2.1,-1.7,-3.8,-0.3,,powele01,2007
332,Linton Johnson,26,NOK,PF,54,0,720,14.0,0.548,0.158,0.195,8.2,18.2,13.1,4.0,2.4,2.0,11.6,14.8,0.8,1.0,1.9,0.125,-1.6,1.7,0.1,0.4,,johnsli01,2007
333,Keith McLeod,27,2TM,PG,48,9,718,10.2,0.52,0.239,0.415,0.6,6.3,3.4,18.7,1.7,0.5,17.1,16.3,0.3,0.4,0.8,0.051,-2.6,-0.7,-3.3,-0.2,,mcleoke01,2007
334,Keith McLeod,27,GSW,PG,26,2,379,12.3,0.538,0.219,0.505,0.9,5.3,3.0,16.6,2.2,0.6,15.2,17.0,0.4,0.2,0.6,0.073,-1.7,-0.1,-1.8,0.0,,mcleoke01,2007
335,Keith McLeod,27,IND,PG,22,7,339,8.0,0.495,0.265,0.301,0.3,7.3,3.8,21.0,1.1,0.4,19.7,15.5,0.0,0.2,0.2,0.027,-3.7,-1.4,-5.1,-0.3,,mcleoke01,2007
336,Daniel Ewing,23,LAC,PG,61,3,712,9.3,0.495,0.273,0.28,1.5,10.7,6.1,19.8,2.4,0.4,21.7,15.0,-0.3,0.7,0.5,0.033,-3.4,0.6,-2.8,-0.1,,ewingda01,2007
337,Allan Ray,22,BOS,SG,47,5,710,10.0,0.512,0.448,0.212,3.0,8.8,5.8,10.5,1.5,0.3,12.9,20.8,0.1,0.5,0.6,0.039,-1.5,-1.2,-2.7,-0.1,,rayal01,2007
338,Jeff McInnis,32,CHA,PG,38,3,702,7.7,0.423,0.044,0.177,2.3,8.4,5.2,27.7,1.0,0.0,17.7,15.3,-0.3,0.3,-0.1,-0.004,-3.8,-1.3,-5.1,-0.6,,mcinnje01,2007
339,Joel Przybilla,27,POR,C,43,43,701,7.4,0.467,0.0,0.346,10.3,19.7,14.9,2.6,0.8,7.6,30.8,8.7,-0.5,0.8,0.3,0.02,-5.4,1.9,-3.5,-0.3,,przybjo01,2007
340,Darius Songaila,28,WAS,PF,37,1,700,13.6,0.567,0.009,0.24,7.0,15.2,11.0,9.0,1.2,1.1,14.7,18.3,0.8,0.3,1.1,0.078,-2.1,-1.1,-3.2,-0.2,,songada01,2007
341,Michael Doleac,29,MIA,C,56,0,698,11.0,0.518,0.006,0.234,7.6,18.3,13.1,5.1,1.4,1.7,13.5,15.1,0.3,0.9,1.2,0.086,-3.7,-0.3,-3.9,-0.3,,doleami01,2007
342,Lou Williams,20,PHI,PG,61,0,688,14.6,0.521,0.175,0.436,3.0,9.2,6.1,26.5,1.7,0.1,15.5,20.0,0.6,0.5,1.1,0.078,0.3,-0.7,-0.4,0.3,,willilo02,2007
343,Andray Blatche,20,WAS,PF,56,13,682,12.1,0.471,0.137,0.249,12.6,19.8,16.1,8.8,1.3,3.6,18.3,17.2,-0.1,0.5,0.5,0.033,-2.8,-0.7,-3.6,-0.3,,blatcan01,2007
344,Ronnie Brewer,21,UTA,SG,56,14,675,15.2,0.566,0.047,0.43,6.7,6.8,6.7,5.7,2.9,0.7,9.5,16.8,1.1,0.7,1.7,0.124,0.2,1.0,1.2,0.6,,brewero02,2007
345,Kris Humphries,21,TOR,PF,60,2,670,13.5,0.516,0.0,0.427,13.5,19.3,16.4,4.2,1.1,2.4,12.7,17.4,0.7,0.8,1.5,0.107,-2.5,-0.8,-3.2,-0.2,,humphkr01,2007
346,Josh Boone,22,NJN,PF,61,0,669,14.6,0.587,0.0,0.602,11.4,19.6,15.5,2.6,0.9,2.5,13.2,17.4,0.9,0.8,1.7,0.122,-1.9,-1.0,-2.9,-0.2,,boonejo01,2007
347,Kelenna Azubuike,23,GSW,SG,41,9,669,13.4,0.572,0.359,0.355,4.2,11.4,7.7,6.2,1.6,1.1,13.3,18.7,0.7,0.5,1.2,0.083,0.1,-1.0,-0.9,0.2,,azubuke01,2007
348,Solomon Jones,22,ATL,PF,58,8,666,12.3,0.587,0.008,0.586,8.7,15.9,12.3,2.7,0.9,4.9,13.4,12.8,1.0,0.7,1.6,0.117,-3.4,0.2,-3.1,-0.2,,jonesso01,2007
349,Matt Bonner,26,SAS,PF,56,0,653,16.4,0.542,0.397,0.16,12.3,16.4,14.4,5.7,1.4,1.2,9.0,20.3,1.1,1.2,2.2,0.163,0.9,-0.7,0.2,0.4,,bonnema01,2007
350,Malik Allen,28,CHI,PF,60,1,638,10.4,0.443,0.004,0.132,7.6,13.7,10.6,4.2,1.4,2.0,7.1,20.5,-0.2,1.1,1.0,0.073,-3.9,0.5,-3.4,-0.2,,allenma01,2007
351,Hilton Armstrong,22,NOK,C,56,5,634,12.2,0.57,0.0,0.536,10.3,17.0,13.6,2.5,1.0,3.3,18.5,13.6,0.5,0.7,1.2,0.091,-2.9,0.3,-2.6,-0.1,,armsthi01,2007
352,JJ Redick,22,ORL,PG,42,0,622,13.0,0.569,0.503,0.308,2.0,8.1,5.2,9.7,1.0,0.0,8.7,18.1,1.2,0.5,1.7,0.134,0.8,-0.7,0.1,0.3,,redicjj01,2007
353,Bonzi Wells,30,HOU,SF,28,1,590,8.9,0.446,0.034,0.396,5.1,18.2,11.7,8.9,2.2,1.7,19.0,23.7,-1.3,1.2,-0.1,-0.009,-5.7,1.3,-4.4,-0.4,,wellsbo01,2007
354,Adrian Griffin,32,CHI,SF,54,1,585,10.7,0.499,0.047,0.147,7.9,13.4,10.6,15.2,2.8,0.5,21.7,13.3,0.1,1.2,1.3,0.103,-3.3,3.0,-0.3,0.3,,griffad01,2007
355,Ronnie Price,23,SAC,PG,58,1,563,10.5,0.489,0.378,0.32,3.1,11.9,7.4,13.7,2.5,0.5,14.4,18.3,-0.1,0.5,0.4,0.035,-2.4,0.6,-1.8,0.0,,pricero01,2007
356,Kirk Snyder,23,HOU,SF,39,1,563,12.2,0.536,0.301,0.514,3.5,13.4,8.5,11.3,1.0,1.6,12.7,17.0,0.5,0.9,1.4,0.117,-1.1,1.3,0.2,0.3,,snydeki01,2007
357,Shawne Williams,20,IND,SG,46,3,556,9.7,0.533,0.325,0.125,6.7,10.6,8.6,6.7,0.6,1.1,12.4,15.5,0.3,0.4,0.7,0.063,-1.6,-1.1,-2.7,-0.1,,willish03,2007
358,Rashad McCants,22,MIN,SG,37,0,554,7.2,0.454,0.424,0.328,3.1,6.9,5.1,10.8,2.5,1.0,16.5,20.3,-0.7,0.5,-0.3,-0.023,-5.0,0.0,-5.0,-0.4,,mccanra01,2007
359,Troy Hudson,30,MIN,PG,34,6,554,10.8,0.483,0.41,0.164,1.8,8.4,5.2,21.4,1.3,0.3,16.1,20.9,-0.2,0.3,0.1,0.005,-0.8,-1.5,-2.2,0.0,,hudsotr01,2007
360,Junior Harrington,26,MEM,PG,29,8,543,8.9,0.483,0.19,0.336,2.6,12.3,7.5,25.4,2.0,0.7,24.9,17.4,-0.4,0.2,-0.2,-0.015,-4.0,-0.6,-4.6,-0.4,,harriju01,2007
361,Royal Ivey,25,ATL,PG,53,18,539,9.6,0.496,0.112,0.245,3.3,8.1,5.7,14.1,2.4,0.6,16.4,16.2,0.0,0.4,0.3,0.03,-3.7,-0.1,-3.8,-0.2,,iveyro01,2007
362,Mike Wilks,27,SEA,PG,47,4,534,12.7,0.533,0.106,0.298,3.3,8.8,6.1,22.9,1.5,0.6,16.3,16.2,0.6,0.1,0.8,0.07,-0.8,-0.6,-1.5,0.1,,wilksmi01,2007
363,Cedric Simmons,21,NOK,PF,43,4,534,8.0,0.43,0.0,0.25,9.3,13.9,11.6,3.5,0.8,3.4,13.1,14.4,-0.3,0.5,0.3,0.025,-4.6,0.2,-4.4,-0.3,,simmoce01,2007
364,Marcus Banks,25,PHO,PG,45,1,503,11.3,0.497,0.148,0.306,2.4,6.2,4.4,17.4,2.3,0.4,15.2,23.5,-0.1,0.4,0.4,0.037,-3.7,0.1,-3.6,-0.2,,banksma01,2007
365,Hassan Adams,22,NJN,SG,61,8,495,13.0,0.577,0.007,0.267,8.4,9.9,9.2,4.5,1.8,0.6,12.7,16.3,0.5,0.5,1.0,0.095,-1.3,-0.2,-1.5,0.1,,adamsha01,2007
366,Roger Mason,26,WAS,SG,62,0,492,7.2,0.443,0.57,0.089,1.6,9.1,5.3,10.9,1.3,0.9,9.3,18.3,-0.2,0.1,-0.1,-0.005,-3.1,-1.6,-4.7,-0.3,,masonro01,2007
367,Adonal Foyle,31,GSW,C,48,6,475,13.7,0.557,0.0,0.294,11.5,17.7,14.6,5.5,1.1,8.0,19.3,10.7,0.4,0.6,1.0,0.104,-2.3,1.6,-0.7,0.2,,foylead01,2007
368,Mark Madsen,31,MIN,C,56,0,473,4.5,0.547,0.0,0.674,9.1,12.8,11.0,3.0,1.1,1.6,27.4,7.5,0.0,0.4,0.4,0.042,-6.3,0.6,-5.7,-0.4,,madsema01,2007
369,Dale Davis,37,DET,C,46,6,464,13.2,0.486,0.0,0.351,15.1,20.0,17.5,3.9,1.2,5.7,14.9,10.3,0.5,0.8,1.3,0.132,-2.0,1.3,-0.8,0.1,,davisda01,2007
370,Bo Outlaw,35,ORL,PF,41,0,460,11.4,0.667,0.0,0.431,12.9,15.5,14.2,5.3,2.0,1.1,25.7,8.2,0.6,0.6,1.2,0.126,-1.0,1.3,0.3,0.3,,outlabo01,2007
371,Dee Brown,22,UTA,PG,49,0,450,8.6,0.411,0.286,0.378,2.2,8.6,5.4,26.2,2.6,1.3,21.3,14.5,-0.2,0.5,0.2,0.024,-3.0,1.1,-1.8,0.0,,brownde03,2007
372,Dan Dickau,28,POR,PG,50,3,444,12.2,0.476,0.404,0.351,1.9,10.3,6.0,26.3,1.7,0.2,13.4,21.3,0.3,0.2,0.4,0.048,-1.1,-1.1,-2.2,0.0,,dickada01,2007
373,Lynn Greer,27,MIL,SG,41,0,432,14.0,0.538,0.369,0.227,0.5,6.9,3.7,19.0,2.0,0.2,10.4,18.1,0.7,0.1,0.7,0.083,-0.3,-1.1,-1.5,0.1,,greerly01,2007
374,Peja Stojaković,29,NOK,SF,13,13,425,15.8,0.543,0.429,0.194,2.9,12.0,7.3,4.7,1.0,0.7,8.2,24.9,0.6,0.3,0.9,0.1,2.9,-0.4,2.5,0.5,,stojape01,2007
375,DerMarr Johnson,26,DEN,SF,39,7,419,6.1,0.414,0.571,0.136,2.7,12.5,7.7,6.0,1.9,2.1,14.2,19.5,-0.7,0.5,-0.3,-0.032,-4.6,0.3,-4.3,-0.2,,johnsde03,2007
376,Alan Henderson,34,PHI,PF,38,5,418,15.7,0.679,0.0,0.701,13.8,16.9,15.4,3.8,1.1,2.2,12.0,11.0,1.1,0.4,1.6,0.181,-0.3,-0.4,-0.6,0.1,,hendeal01,2007
377,Chris Quinn,23,MIA,PG,42,1,408,12.3,0.479,0.435,0.282,1.8,6.8,4.3,25.8,2.0,0.0,12.5,19.6,0.3,0.3,0.6,0.07,-0.8,-1.1,-1.9,0.0,,quinnch01,2007
378,Maceo Baston,31,IND,PF,47,2,405,13.7,0.714,0.092,0.618,5.9,15.4,10.6,6.5,1.5,3.4,24.9,14.2,0.5,0.5,1.1,0.127,-2.2,1.5,-0.7,0.1,,bastoma01,2007
379,Jake Tsakalidis,27,2TM,C,36,7,390,8.4,0.471,0.0,0.542,12.7,18.7,15.7,1.9,1.1,2.3,21.2,13.2,-0.1,0.4,0.3,0.031,-4.6,-0.7,-5.3,-0.3,,tsakaja01,2007
380,Jake Tsakalidis,27,MEM,C,23,7,258,6.5,0.446,0.0,0.48,11.1,18.5,14.8,1.2,1.4,3.2,25.7,14.3,-0.4,0.2,-0.2,-0.039,-5.8,-0.5,-6.3,-0.3,,tsakaja01,2007
381,Jake Tsakalidis,27,HOU,C,13,0,132,12.0,0.524,0.0,0.682,15.8,19.1,17.4,3.4,0.4,0.6,9.5,11.1,0.3,0.2,0.5,0.169,-2.2,-1.0,-3.2,0.0,,tsakaja01,2007
382,Mike Sweetney,24,CHI,C,48,0,385,10.9,0.469,0.0,0.493,13.4,22.1,17.8,11.7,1.2,2.2,20.5,23.7,-0.4,0.8,0.4,0.049,-5.7,0.9,-4.8,-0.3,,sweetmi01,2007
383,John Lucas III,24,HOU,PG,47,0,383,11.8,0.468,0.378,0.122,2.7,8.1,5.4,15.1,2.3,0.0,8.4,21.8,0.0,0.6,0.6,0.081,-2.8,1.4,-1.4,0.1,,lucasjo02,2007
384,Calvin Booth,30,WAS,C,44,1,380,9.6,0.49,0.03,0.152,7.9,16.8,12.3,6.8,0.5,5.9,11.3,9.2,0.3,0.3,0.6,0.072,-3.8,0.7,-3.1,-0.1,,boothca01,2007
385,James Singleton,25,LAC,PF,53,0,376,11.9,0.449,0.171,0.354,11.6,22.1,16.9,7.0,2.1,3.5,15.2,13.7,0.0,0.6,0.7,0.083,-2.3,1.1,-1.2,0.1,,singlja01,2007
386,Aaron Williams,35,LAC,PF,38,7,374,9.4,0.606,0.019,0.415,8.7,18.4,13.6,2.9,1.0,2.9,22.3,10.0,0.2,0.4,0.7,0.089,-3.3,0.6,-2.7,-0.1,,williaa01,2007
387,C.J. Miles,19,UTA,SG,37,13,373,2.8,0.4,0.276,0.198,3.6,7.8,5.7,10.0,1.5,0.9,18.2,18.5,-0.7,0.3,-0.5,-0.062,-6.6,-0.7,-7.3,-0.5,,milescj01,2007
388,Donell Taylor,24,WAS,SG,47,1,369,10.3,0.422,0.121,0.15,4.2,12.5,8.3,19.6,2.4,0.6,14.3,20.8,-0.4,0.2,-0.2,-0.022,-2.8,-0.2,-3.0,-0.1,,taylodo01,2007
389,Rawle Marshall,24,IND,SG,40,2,361,6.7,0.455,0.202,0.506,2.5,6.9,4.6,5.7,1.7,1.0,14.9,15.9,-0.3,0.3,0.0,0.001,-4.0,0.2,-3.8,-0.2,,marshra01,2007
390,Quincy Douby,22,SAC,PG,42,0,359,9.0,0.449,0.397,0.119,3.5,8.7,6.0,6.9,2.1,0.9,10.2,18.5,-0.3,0.3,0.0,-0.006,-2.9,-0.9,-3.8,-0.2,,doubyqu01,2007
391,Josh Powell,24,2TM,PF,37,0,353,9.6,0.52,0.0,0.452,7.4,20.5,13.8,8.7,0.7,2.6,20.6,17.1,-0.1,0.3,0.3,0.036,-5.1,-0.8,-6.0,-0.4,,poweljo01,2007
392,Josh Powell,24,IND,PF,7,0,64,-1.3,0.296,0.0,0.8,12.4,22.1,17.2,6.7,0.0,0.0,19.8,17.7,-0.2,0.1,-0.1,-0.096,-11.5,-2.8,-14.4,-0.2,,poweljo01,2007
393,Josh Powell,24,GSW,PF,30,0,289,12.0,0.57,0.0,0.385,6.3,20.1,13.1,9.1,0.8,3.2,20.8,17.0,0.1,0.3,0.4,0.065,-3.7,-0.4,-4.1,-0.2,,poweljo01,2007
394,David Wesley,36,CLE,SG,35,5,352,6.6,0.418,0.507,0.373,1.0,10.8,5.8,15.3,1.8,0.9,16.3,13.4,-0.2,0.5,0.3,0.043,-4.5,1.3,-3.1,-0.1,,wesleda01,2007
395,Raef LaFrentz,30,POR,PF,27,9,352,8.7,0.441,0.225,0.255,8.7,16.2,12.4,3.7,1.1,2.5,10.3,16.8,-0.1,0.2,0.2,0.021,-4.2,-1.4,-5.6,-0.3,,lafrera01,2007
396,Shammond Williams,31,LAL,PG,30,0,345,10.8,0.53,0.581,0.07,3.8,9.8,6.8,13.3,1.8,0.0,12.8,13.2,0.3,0.2,0.5,0.067,-0.5,-0.4,-1.0,0.1,,willish01,2007
397,Bobby Jones,23,PHI,SF,44,5,336,9.4,0.495,0.097,0.441,7.9,12.5,10.2,7.8,1.7,0.2,13.9,17.7,0.0,0.3,0.3,0.045,-4.2,-0.7,-4.9,-0.2,,jonesbo02,2007
398,Justin Williams,22,SAC,C,26,1,333,17.3,0.566,0.011,0.716,17.6,23.0,20.3,1.0,0.8,3.7,11.5,17.6,0.6,0.4,0.9,0.132,-0.9,-2.1,-2.9,-0.1,,williju01,2007
399,Justin Reed,25,MIN,PF,41,3,318,6.3,0.441,0.0,0.28,5.8,11.4,8.7,8.6,0.8,0.7,15.5,20.8,-0.4,0.2,-0.2,-0.037,-6.1,-2.2,-8.3,-0.5,,reedju01,2007
400,Brian Cardinal,29,MEM,PF,28,1,313,17.7,0.655,0.518,0.318,5.0,17.6,11.3,16.1,3.6,0.2,19.2,17.3,0.7,0.3,0.9,0.144,1.7,2.5,4.2,0.5,,cardibr01,2007
401,Melvin Ely,28,2TM,PF,30,0,309,5.2,0.442,0.0,0.588,5.7,14.8,10.2,9.0,1.0,2.0,21.8,19.1,-0.6,0.3,-0.3,-0.039,-6.6,0.0,-6.6,-0.4,,elyme01,2007
402,Melvin Ely,28,CHA,PF,24,0,244,4.8,0.464,0.0,0.583,5.7,13.5,9.5,8.9,0.4,1.9,23.4,18.3,-0.4,0.1,-0.2,-0.047,-6.0,-0.3,-6.3,-0.3,,elyme01,2007
403,Melvin Ely,28,SAS,C,6,0,65,6.7,0.376,0.0,0.6,5.8,19.7,13.0,9.2,3.3,2.3,16.5,22.1,-0.2,0.2,0.0,-0.009,-8.8,1.1,-7.8,-0.1,,elyme01,2007
404,Travis Diener,24,ORL,PG,26,0,288,11.6,0.566,0.625,0.188,1.3,6.3,3.9,20.0,0.7,0.0,13.1,16.0,0.5,0.2,0.7,0.113,1.0,-0.7,0.3,0.2,,dienetr01,2007
405,Bernard Robinson,26,2TM,SG,31,0,278,7.6,0.413,0.032,0.435,4.1,16.6,10.2,10.2,3.2,0.6,17.8,14.7,-0.3,0.4,0.1,0.01,-4.6,2.2,-2.3,0.0,,robinbe01,2007
406,Bernard Robinson,26,CHA,SG,21,0,241,6.3,0.4,0.037,0.407,4.3,16.7,10.3,10.5,2.8,0.3,20.1,15.0,-0.4,0.3,-0.1,-0.016,-5.1,1.8,-3.3,-0.1,,robinbe01,2007
407,Bernard Robinson,26,NJN,SF,10,0,37,16.2,0.49,0.0,0.625,3.2,15.8,9.6,8.3,5.7,2.1,0.0,12.8,0.1,0.1,0.1,0.181,-1.2,5.3,4.1,0.1,,robinbe01,2007
408,Pat Garrity,30,ORL,PF,33,0,277,6.4,0.456,0.457,0.257,5.5,13.1,9.3,7.8,1.3,0.0,15.2,15.4,-0.1,0.3,0.2,0.038,-3.6,-0.6,-4.2,-0.2,,garripa01,2007
409,Jerome James,31,NYK,C,41,11,273,5.1,0.437,0.0,0.228,9.2,19.4,14.4,1.8,1.2,4.4,20.9,18.3,-0.5,0.3,-0.2,-0.031,-9.1,0.1,-8.9,-0.5,,jamesje01,2007
410,Vassilis Spanoulis,24,HOU,SG,31,0,272,5.4,0.47,0.403,0.583,2.1,7.1,4.7,15.9,1.4,0.3,24.3,20.5,-0.4,0.4,-0.1,-0.01,-6.0,0.1,-5.9,-0.3,,spanova01,2007
411,Andre Brown,25,SEA,PF,38,0,271,11.1,0.577,0.014,0.203,11.4,21.4,16.4,1.2,1.2,1.1,26.5,18.4,-0.2,0.2,0.0,-0.002,-3.3,-1.9,-5.2,-0.2,,brownan01,2007
412,Michael Ruffin,30,WAS,PF,30,0,271,4.4,0.322,0.0,1.056,14.4,11.8,13.1,2.9,1.1,2.3,31.3,6.2,-0.1,0.1,0.0,0.002,-4.6,-1.2,-5.9,-0.3,,ruffimi01,2007
413,Alan Anderson,24,CHA,SG,17,0,256,10.1,0.538,0.247,0.284,4.9,10.0,7.4,13.8,1.4,0.0,19.4,20.1,0.0,0.1,0.1,0.024,-3.4,-1.1,-4.5,-0.2,,anderal01,2007
414,Orien Greene,24,IND,SG,41,0,254,6.5,0.432,0.177,0.403,5.4,14.9,10.0,13.6,3.5,1.2,27.7,17.8,-0.6,0.4,-0.2,-0.034,-6.2,1.8,-4.4,-0.2,,greenor01,2007
415,Rafael Araújo,26,UTA,C,28,0,248,8.3,0.463,0.0,0.446,10.8,21.5,16.2,6.1,1.3,0.7,17.9,17.1,-0.1,0.3,0.1,0.027,-4.3,-0.9,-5.2,-0.2,,araujra01,2007
416,Jalen Rose,34,PHO,SF,29,0,246,13.4,0.592,0.547,0.14,1.5,9.0,5.4,9.3,1.0,0.6,9.0,18.3,0.4,0.2,0.6,0.111,1.3,-0.1,1.2,0.2,,roseja01,2007
417,Jared Reiner,24,MIL,C,27,2,244,4.8,0.348,0.0,0.233,10.0,24.4,17.1,7.4,1.1,1.9,22.8,11.4,-0.3,0.2,-0.1,-0.027,-6.4,-1.4,-7.8,-0.4,,reineja01,2007
418,Michael Olowokandi,31,BOS,C,24,0,234,4.5,0.423,0.0,0.065,7.0,17.8,12.3,3.3,1.8,4.3,26.4,12.5,-0.4,0.3,-0.1,-0.017,-7.6,2.1,-5.5,-0.2,,olowomi01,2007
419,Viktor Khryapa,24,CHI,PF,33,0,231,9.5,0.448,0.086,0.371,10.0,18.1,14.1,13.9,2.2,0.3,16.4,18.8,-0.1,0.5,0.4,0.087,-5.3,2.1,-3.3,-0.1,,khryavi01,2007
420,Scott Padgett,30,2TM,PF,31,0,231,4.9,0.373,0.589,0.232,8.1,18.9,13.5,5.3,1.1,1.0,12.7,14.2,-0.3,0.4,0.1,0.019,-5.0,0.4,-4.6,-0.1,,padgesc01,2007
421,Scott Padgett,30,HOU,PF,24,0,198,5.6,0.409,0.592,0.224,6.4,19.6,13.1,6.2,1.1,1.2,12.9,14.5,-0.2,0.4,0.2,0.046,-4.9,1.1,-3.7,-0.1,,padgesc01,2007
422,Scott Padgett,30,MEM,PF,7,0,33,0.9,0.127,0.571,0.286,18.1,14.5,16.3,0.0,1.6,0.0,11.3,12.1,-0.1,0.0,-0.1,-0.14,-5.3,-4.1,-9.5,-0.1,,padgesc01,2007
423,Anthony Roberson,23,GSW,PG,20,1,227,11.4,0.527,0.529,0.029,0.9,9.4,5.1,7.0,2.6,0.0,11.0,22.2,0.0,0.2,0.1,0.031,-1.8,-0.5,-2.3,0.0,,roberan02,2007
424,Darrick Martin,35,TOR,PG,31,0,220,11.6,0.455,0.394,0.223,1.1,5.4,3.2,31.7,0.7,0.0,10.4,24.3,0.0,0.1,0.1,0.031,-0.6,-2.6,-3.2,-0.1,,martida01,2007
425,Othella Harrington,33,CHA,PF,26,0,220,5.0,0.51,0.0,0.393,6.8,13.9,10.2,4.4,0.2,0.3,18.6,16.7,-0.1,0.1,0.0,0.003,-6.8,-1.3,-8.2,-0.3,,harriot01,2007
426,Maurice Ager,22,DAL,SG,32,1,214,2.9,0.408,0.214,0.471,0.6,11.0,5.9,5.0,1.0,1.1,15.1,21.7,-0.5,0.2,-0.3,-0.06,-7.4,-1.3,-8.7,-0.4,,agerma01,2007
427,Earl Barron,25,MIA,C,28,0,203,6.6,0.357,0.012,0.217,11.3,12.5,11.9,4.0,1.6,1.6,10.8,23.8,-0.5,0.2,-0.3,-0.062,-6.4,-3.2,-9.6,-0.4,,barroea01,2007
428,Shannon Brown,21,CLE,SG,23,5,202,7.5,0.455,0.338,0.189,3.4,8.9,6.0,8.1,1.8,1.2,14.9,21.1,-0.2,0.3,0.1,0.015,-5.5,-0.2,-5.7,-0.2,,brownsh01,2007
429,Cedric Bozeman,23,ATL,SG,23,5,199,-0.1,0.312,0.333,0.154,1.8,12.3,7.0,6.9,1.3,0.8,17.8,11.7,-0.4,0.1,-0.3,-0.077,-7.6,0.3,-7.3,-0.3,,bozemce01,2007
430,Steve Novak,23,HOU,SF,35,1,191,7.7,0.501,0.78,0.04,2.4,13.2,7.8,4.9,1.4,0.0,7.3,13.4,0.1,0.3,0.4,0.091,-2.5,1.0,-1.5,0.0,,novakst01,2007
431,J.J. Barea,22,DAL,PG,33,1,191,9.6,0.44,0.269,0.308,4.5,11.1,7.9,20.4,0.3,0.4,13.7,25.0,-0.1,0.2,0.1,0.015,-2.9,-2.3,-5.2,-0.2,,bareajo01,2007
432,David Harrison,24,IND,C,24,2,190,7.0,0.525,0.0,0.379,5.4,20.5,12.8,5.6,1.4,4.8,27.8,22.1,-0.5,0.3,-0.2,-0.04,-9.0,1.1,-7.9,-0.3,,harrida01,2007
433,Bracey Wright,22,MIN,SG,19,0,190,13.8,0.493,0.333,0.3,4.5,8.6,6.6,12.7,2.5,0.4,8.1,18.1,0.2,0.2,0.3,0.077,-0.8,-0.1,-0.9,0.1,,wrighbr02,2007
434,Ryan Hollins,22,CHA,C,27,0,185,8.5,0.597,0.0,1.111,6.8,13.2,9.9,0.9,1.1,2.9,23.0,17.1,0.0,0.2,0.2,0.04,-6.2,-0.4,-6.7,-0.2,,holliry01,2007
435,Paul Davis,22,LAC,C,31,0,180,11.2,0.452,0.0,0.192,14.1,15.2,14.6,6.4,1.8,2.2,12.4,16.5,0.0,0.2,0.2,0.066,-3.2,-0.4,-3.5,-0.1,,davispa01,2007
436,Shavlik Randolph,23,PHI,PF,13,6,179,15.3,0.503,0.0,0.458,12.8,23.4,18.1,3.7,2.1,4.3,13.5,17.2,0.1,0.3,0.4,0.102,-1.3,0.8,-0.5,0.1,,randosh01,2007
437,Kyle Lowry,20,MEM,PG,10,0,175,18.3,0.556,0.211,0.737,8.2,13.0,10.6,27.3,4.1,0.4,19.3,16.1,0.4,0.2,0.5,0.148,1.1,3.5,4.7,0.3,,lowryky01,2007
438,Damir Markota,21,MIL,PF,30,0,170,5.0,0.449,0.308,0.212,7.5,14.0,10.7,5.2,0.9,0.5,20.9,19.1,-0.3,0.0,-0.2,-0.07,-5.6,-2.9,-8.5,-0.3,,markoda01,2007
439,Mouhamed Sene,20,SEA,C,28,3,169,8.5,0.429,0.0,0.592,11.3,20.8,16.0,0.0,0.9,5.5,15.1,19.5,-0.2,0.2,0.0,-0.011,-6.3,-1.7,-8.1,-0.3,,senesa01,2007
440,Will Blalock,23,DET,PG,14,0,166,4.5,0.383,0.167,0.2,4.3,6.4,5.4,14.9,1.7,0.0,26.9,12.8,-0.3,0.1,-0.1,-0.032,-5.3,-0.6,-5.8,-0.2,,blalowi01,2007
441,Stephen Graham,24,POR,SG,14,1,165,5.4,0.512,0.275,0.225,4.4,11.5,7.9,4.9,1.3,0.5,22.8,16.2,-0.2,0.1,-0.1,-0.027,-4.5,-1.2,-5.7,-0.2,,grahast01,2007
442,Pat Burke,33,PHO,C,23,0,164,9.3,0.424,0.338,0.2,9.0,23.7,16.7,4.3,0.9,0.9,9.0,21.3,-0.1,0.2,0.1,0.015,-3.9,-2.1,-6.0,-0.2,,burkepa01,2007
443,Brandon Bass,21,NOK,PF,21,3,162,7.2,0.411,0.023,0.364,9.1,21.9,15.3,2.8,0.7,1.5,16.4,17.2,-0.2,0.2,0.0,-0.011,-4.5,-1.1,-5.6,-0.1,,bassbr01,2007
444,Danny Fortson,30,SEA,C,14,6,158,4.3,0.56,0.033,0.433,9.8,23.0,16.3,0.9,0.3,0.0,29.6,14.6,-0.1,0.1,0.0,-0.013,-7.8,-2.4,-10.2,-0.3,,fortsda01,2007
445,Matt Freije,25,ATL,PF,19,0,147,6.1,0.353,0.407,0.111,6.5,13.3,9.8,7.9,1.1,0.5,5.0,18.7,-0.2,0.1,-0.1,-0.034,-3.6,-1.7,-5.4,-0.1,,freijma01,2007
446,Jumaine Jones,27,PHO,SF,18,0,138,3.2,0.386,0.627,0.039,5.3,13.7,9.7,1.0,1.8,0.5,11.9,19.2,-0.3,0.1,-0.2,-0.061,-6.2,-1.3,-7.5,-0.2,,jonesju01,2007
447,Luke Jackson,25,2TM,SF,13,2,138,10.3,0.511,0.395,0.209,1.7,6.9,4.3,14.9,1.9,0.6,13.0,18.1,0.0,0.1,0.1,0.043,-3.0,-0.8,-3.8,-0.1,,jackslu02,2007
448,Luke Jackson,25,LAC,SF,3,0,16,-6.0,0.188,0.5,0.0,0.0,7.4,3.7,37.5,0.0,0.0,11.1,26.0,-0.1,0.0,-0.1,-0.273,-9.3,-3.9,-13.2,0.0,,jackslu02,2007
449,Luke Jackson,25,TOR,SF,10,2,122,12.5,0.578,0.371,0.257,1.9,6.8,4.3,11.9,2.1,0.6,13.3,17.1,0.1,0.1,0.2,0.084,-2.2,-0.3,-2.6,0.0,,jackslu02,2007
450,James White,24,SAS,SG,6,2,137,12.1,0.525,0.171,0.366,2.8,14.4,8.8,5.8,1.2,0.5,9.5,18.2,0.1,0.2,0.3,0.108,-2.7,-1.3,-4.0,-0.1,,whiteja02,2007
451,Robert Hite,23,MIA,SG,12,0,136,7.4,0.391,0.383,0.2,3.6,10.2,6.9,9.9,1.2,1.2,8.4,24.8,-0.3,0.1,-0.2,-0.055,-3.9,-2.3,-6.3,-0.1,,hitero01,2007
452,Aaron McKie,34,LAL,SF,10,0,131,7.5,0.647,0.0,0.0,0.9,15.1,8.0,14.4,1.6,0.0,32.0,8.6,0.0,0.1,0.1,0.039,-4.0,-0.1,-4.2,-0.1,,mckieaa01,2007
453,Ira Newble,32,CLE,SF,15,1,129,14.9,0.556,0.405,0.27,11.4,15.7,13.5,2.5,2.5,0.0,6.8,15.6,0.3,0.2,0.5,0.179,-0.4,0.4,0.0,0.1,,newblir01,2007
454,Jamal Sampson,23,DEN,C,22,3,125,11.3,0.595,0.071,1.0,13.7,29.3,21.6,5.5,0.8,4.0,33.2,10.3,0.0,0.2,0.2,0.083,-3.7,1.5,-2.1,0.0,,sampsja01,2007
455,Amir Johnson,19,DET,PF,8,0,124,20.6,0.6,0.091,0.424,14.4,21.1,17.7,4.1,2.2,8.1,18.7,18.5,0.2,0.3,0.5,0.183,-2.0,2.2,0.2,0.1,,johnsam01,2007
456,Eric Williams,34,2TM,SF,21,0,121,11.4,0.508,0.404,0.298,2.9,13.5,8.5,9.8,1.3,0.0,11.6,23.3,0.0,0.2,0.1,0.057,-2.0,-1.6,-3.6,0.0,,willier01,2007
457,Eric Williams,34,SAS,SF,16,0,88,14.8,0.566,0.5,0.206,1.4,17.2,9.6,11.6,1.2,0.0,11.9,22.7,0.1,0.1,0.2,0.12,0.1,-0.6,-0.5,0.0,,willier01,2007
458,Eric Williams,34,CHA,SF,5,0,33,2.4,0.373,0.154,0.538,7.0,3.7,5.4,4.9,1.6,0.0,11.1,24.9,-0.1,0.0,-0.1,-0.111,-7.6,-4.2,-11.8,-0.1,,willier01,2007
459,Patrick O'Bryant,20,GSW,C,16,0,119,7.3,0.393,0.0,0.531,6.3,13.2,9.7,10.2,2.4,5.1,16.8,17.0,-0.2,0.2,0.0,-0.003,-6.6,2.0,-4.6,-0.1,,obryapa01,2007
460,Luke Schenscher,24,POR,C,11,0,118,3.9,0.364,0.0,0.304,10.3,16.1,13.2,1.3,0.9,2.7,13.3,12.0,-0.1,0.1,0.0,-0.013,-6.9,-1.8,-8.7,-0.2,,schenlu01,2007
461,Scot Pollard,31,CLE,C,24,0,109,8.5,0.432,0.0,0.154,15.6,17.5,16.5,4.2,1.9,0.7,12.6,13.2,0.0,0.2,0.2,0.1,-5.8,0.2,-5.6,-0.1,,pollasc01,2007
462,Marcus Vinicius,22,NOK,SF,13,0,103,6.9,0.608,0.467,0.467,2.2,10.3,6.2,7.1,1.0,0.8,24.9,10.7,0.0,0.1,0.1,0.045,-3.4,0.1,-3.3,0.0,,vincima01,2007
463,Maurice Taylor,30,SAC,PF,12,2,103,6.3,0.356,0.0,0.464,11.2,21.0,16.0,7.3,2.0,0.7,15.1,17.3,-0.2,0.1,-0.1,-0.03,-6.1,-1.2,-7.3,-0.1,,tayloma01,2007
464,Jackie Butler,21,SAS,C,11,2,103,9.6,0.52,0.0,0.286,7.3,18.0,12.9,8.1,1.0,0.0,20.2,22.8,-0.1,0.2,0.1,0.047,-6.6,-1.8,-8.4,-0.2,,butleja01,2007
465,Kevinn Pinkney,23,BOS,PF,6,0,100,11.6,0.501,0.074,0.333,8.2,9.8,9.0,8.3,1.6,2.3,11.4,15.8,0.1,0.1,0.2,0.075,-2.0,-0.5,-2.5,0.0,,pinknke01,2007
466,Kelvin Cato,32,NYK,C,18,0,95,12.3,0.403,0.0,0.545,15.2,23.5,19.4,0.0,1.7,8.4,18.0,15.9,-0.1,0.2,0.1,0.036,-3.7,0.9,-2.8,0.0,,catoke01,2007
467,Ronald Dupree,26,DET,SF,19,0,94,7.4,0.358,0.0,0.29,6.3,15.2,10.7,8.5,2.9,0.8,7.9,19.2,-0.2,0.2,0.0,-0.007,-5.5,0.7,-4.9,-0.1,,duprero01,2007
468,Wayne Simien,23,MIA,PF,8,0,93,6.3,0.441,0.0,0.304,6.5,7.4,7.0,6.7,1.1,0.0,10.3,14.8,0.0,0.1,0.0,0.025,-4.1,-0.8,-5.0,-0.1,,simiewa01,2007
469,Eddie Griffin,24,MIN,PF,13,0,92,5.2,0.308,0.037,0.185,9.3,22.8,16.3,6.5,0.0,5.9,17.0,17.8,-0.3,0.1,-0.2,-0.088,-5.6,-0.6,-6.2,-0.1,,griffed01,2007
470,Lou Amundson,24,2TM,PF,11,0,89,9.6,0.412,0.0,0.667,17.6,20.2,18.9,1.7,0.6,6.9,20.5,12.7,-0.1,0.1,0.1,0.039,-4.6,-0.3,-4.8,-0.1,,amundlo01,2007
471,Lou Amundson,24,UTA,PF,1,0,2,0.0,,,,0.0,0.0,0.0,0.0,0.0,0.0,,0.0,0.0,0.0,0.0,-0.004,-4.1,-3.1,-7.3,0.0,,amundlo01,2007
472,Lou Amundson,24,PHI,PF,10,0,87,9.8,0.412,0.0,0.667,18.0,20.6,19.3,1.7,0.6,7.1,20.5,13.0,-0.1,0.1,0.1,0.04,-4.6,-0.2,-4.8,-0.1,,amundlo01,2007
473,P.J. Tucker,21,TOR,SF,17,0,83,12.8,0.533,0.0,0.636,15.4,17.2,16.3,5.7,1.2,0.0,17.6,19.1,0.1,0.1,0.1,0.085,-2.0,-1.0,-3.0,0.0,,tuckepj01,2007
474,Doug Christie,36,LAC,SG,7,0,82,4.1,0.355,0.353,0.176,4.4,11.6,8.0,14.6,1.9,0.9,21.4,13.1,-0.1,0.1,-0.1,-0.031,-5.8,0.6,-5.2,-0.1,,chrisdo01,2007
475,Stanislav Medvedenko,27,ATL,C,14,0,81,13.7,0.556,0.069,0.69,5.9,15.1,10.4,4.4,0.0,1.9,11.7,24.3,0.1,0.0,0.2,0.107,-3.1,-2.6,-5.7,-0.1,,medvest01,2007
476,Esteban Batista,23,ATL,PF,13,0,81,12.5,0.524,0.0,0.438,10.3,34.6,22.3,8.1,2.0,0.0,17.3,13.1,0.0,0.1,0.2,0.101,-2.1,-0.1,-2.2,0.0,,batises01,2007
477,Andreas Glyniadakis,25,SEA,C,13,4,81,-3.3,0.475,0.0,0.118,2.9,9.0,5.9,1.8,0.0,0.0,33.5,15.1,-0.2,0.0,-0.2,-0.143,-11.4,-2.6,-14.0,-0.2,,glynian01,2007
478,D.J. Mbenga,26,DAL,C,21,0,79,7.2,0.435,0.0,0.5,4.7,11.9,8.4,10.9,2.0,4.8,20.4,14.5,-0.1,0.1,0.1,0.055,-6.5,2.8,-3.7,0.0,,mbengdj01,2007
479,Eric Piatkowski,36,PHO,SG,11,0,73,7.7,0.522,0.72,0.08,3.4,10.6,7.2,7.5,0.0,1.0,16.2,19.0,0.0,0.0,0.0,0.007,-1.3,-2.2,-3.5,0.0,,piatker01,2007
480,Uroš Slokar,23,TOR,C,20,0,72,13.9,0.599,0.077,0.5,11.3,11.5,11.4,2.4,0.7,2.2,22.1,26.2,0.0,0.1,0.1,0.042,-4.0,-1.6,-5.6,-0.1,,slokaur01,2007
481,Pops Mensah-Bonsu,23,DAL,PF,12,0,71,11.6,0.582,0.0,1.059,15.6,19.9,17.8,0.0,0.8,0.0,26.5,22.3,-0.1,0.1,0.0,0.022,-3.7,-2.8,-6.6,-0.1,,mensapo01,2007
482,Julius Hodge,23,2TM,SG,9,1,65,14.0,0.545,0.0,0.333,3.6,10.7,7.1,25.4,3.1,0.0,17.9,11.4,0.1,0.1,0.2,0.115,-1.7,2.1,0.4,0.0,,hodgeju01,2007
483,Julius Hodge,23,DEN,SG,4,1,37,16.0,0.51,0.0,0.4,3.1,6.0,4.6,36.2,4.0,0.0,14.5,8.0,0.1,0.0,0.1,0.174,-0.4,3.5,3.1,0.0,,hodgeju01,2007
484,Julius Hodge,23,MIL,SG,5,0,28,11.4,0.571,0.0,0.286,4.2,17.0,10.5,11.1,1.9,0.0,20.2,15.9,0.0,0.0,0.0,0.037,-3.5,0.2,-3.3,0.0,,hodgeju01,2007
485,Kenyon Martin,29,DEN,PF,2,2,63,5.4,0.446,0.063,0.75,10.9,24.7,17.9,2.4,0.0,0.0,19.0,17.9,-0.1,0.1,0.0,-0.036,-5.7,-1.6,-7.3,-0.1,,martike01,2007
486,James Lang,23,WAS,C,11,0,55,6.6,0.491,0.0,0.556,10.2,12.9,11.5,5.2,0.0,4.2,15.2,10.6,0.0,0.0,0.1,0.047,-5.1,-1.2,-6.4,-0.1,,langja01,2007
487,Will Conroy,24,2TM,PG,7,0,52,1.1,0.0,0.0,1.333,6.9,9.1,8.1,23.6,0.0,0.0,29.6,6.0,-0.1,0.0,-0.1,-0.062,-6.2,-1.3,-7.4,-0.1,,conrowi01,2007
488,Will Conroy,24,MEM,SG,3,0,17,4.2,,,,7.0,7.0,7.0,7.8,0.0,0.0,,0.0,0.0,0.0,0.0,0.035,-1.7,-1.0,-2.7,0.0,,conrowi01,2007
489,Will Conroy,24,LAC,PG,4,0,35,-0.4,0.0,0.0,1.333,6.9,10.2,8.6,31.3,0.0,0.0,29.6,8.9,-0.1,0.0,-0.1,-0.108,-8.3,-1.4,-9.7,-0.1,,conrowi01,2007
490,Dijon Thompson,23,ATL,SF,6,0,50,11.6,0.482,0.133,0.4,7.1,12.2,9.6,6.8,0.0,0.0,5.4,17.1,0.1,0.0,0.1,0.064,-0.2,-3.1,-3.3,0.0,,thompdi01,2007
491,Randolph Morris,21,NYK,C,5,0,44,1.5,0.231,0.0,1.0,2.7,21.4,12.2,3.2,2.4,1.8,18.8,11.0,-0.1,0.1,-0.1,-0.083,-7.1,0.4,-6.6,0.0,,morrira01,2007
492,Theo Ratliff,33,BOS,C,2,2,44,6.7,0.525,0.0,1.333,5.3,13.9,9.5,0.0,1.2,5.3,17.4,5.9,0.0,0.1,0.1,0.073,-3.7,0.9,-2.8,0.0,,ratlith01,2007
493,Kevin Willis,44,DAL,PF,5,0,43,6.3,0.432,0.0,0.154,5.7,16.4,11.2,3.6,2.5,1.8,12.6,17.2,0.0,0.1,0.0,0.048,-8.9,0.4,-8.5,-0.1,,willike02,2007
494,Ivan McFarlin,24,PHI,PF,11,0,41,12.2,0.466,0.077,0.538,20.6,11.7,16.1,4.0,0.0,0.0,5.9,19.2,0.1,0.0,0.1,0.102,-1.4,-3.8,-5.2,0.0,,mcfariv01,2007
495,Yaroslav Korolev,19,LAC,SF,10,0,41,8.0,0.322,0.313,0.375,2.9,5.8,4.4,15.4,3.9,0.0,5.1,22.1,-0.1,0.0,0.0,-0.057,-3.6,-0.4,-4.1,0.0,,korolya01,2007
496,Anthony Carter,31,DEN,PG,2,0,37,3.3,0.375,0.25,0.0,0.0,9.0,4.6,41.4,0.0,1.9,42.9,16.2,-0.1,0.0,-0.1,-0.115,-6.1,-1.5,-7.6,-0.1,,cartean01,2007
497,Pape Sow,25,TOR,C,7,0,34,16.4,0.43,0.0,0.667,20.5,17.5,19.0,8.7,1.5,2.3,7.9,17.2,0.0,0.0,0.1,0.128,-0.7,-1.4,-2.1,0.0,,sowpa01,2007
498,Desmon Farmer,25,SEA,SG,8,0,32,15.4,0.421,0.533,0.067,0.0,3.8,1.9,46.0,1.6,0.0,6.1,23.3,0.0,0.0,0.0,0.074,3.4,-0.3,3.1,0.0,,farmede01,2007
499,Andre Barrett,24,CHI,PG,6,0,29,8.2,0.5,0.0,0.0,4.0,15.6,9.8,38.2,0.0,0.0,33.3,18.4,0.0,0.0,0.0,0.014,-5.1,-0.3,-5.3,0.0,,barrean01,2007
500,Steven Smith,23,PHI,PF,8,0,28,-1.8,0.282,0.0,0.25,4.3,21.4,12.9,0.0,1.9,0.0,18.4,18.0,-0.1,0.0,-0.1,-0.154,-11.3,-3.6,-14.9,-0.1,,smithst03,2007
501,Renaldo Major,24,GSW,PF,1,0,27,-3.7,0.23,0.0,0.2,0.0,8.3,4.1,0.0,3.6,0.0,8.4,18.7,-0.1,0.0,-0.1,-0.196,-11.1,-2.2,-13.3,-0.1,,majorre01,2007
502,Randy Livingston,31,SEA,PG,4,0,26,-1.2,0.0,0.0,0.0,4.6,0.0,2.3,20.0,0.0,0.0,25.0,7.0,-0.1,0.0,-0.1,-0.116,-6.1,-4.1,-10.2,-0.1,,livinra01,2007
503,Jeremy Richardson,22,2TM,SG,6,0,20,13.8,0.667,0.5,0.0,5.9,6.1,6.0,0.0,2.7,0.0,14.3,16.1,0.0,0.0,0.0,0.099,1.2,0.6,1.8,0.0,,richaje01,2007
504,Jeremy Richardson,22,ATL,SG,5,0,19,14.5,0.667,0.5,0.0,6.3,6.4,6.3,0.0,2.8,0.0,14.3,16.9,0.0,0.0,0.0,0.105,1.4,0.6,2.1,0.0,,richaje01,2007
505,Jeremy Richardson,22,POR,SF,1,0,1,0.0,,,,0.0,0.0,0.0,0.0,0.0,0.0,,0.0,0.0,0.0,0.0,-0.021,-3.2,-0.9,-4.1,0.0,,richaje01,2007
506,Dwayne Jones,23,CLE,PF,4,0,18,-0.5,0.412,0.0,6.0,6.3,33.1,19.4,0.0,0.0,0.0,35.5,14.2,-0.1,0.0,0.0,-0.068,-10.8,-1.7,-12.5,0.0,,jonesdw02,2007
507,Sean Marks,31,PHO,PF,3,0,17,6.7,0.436,0.167,0.333,0.0,19.6,10.3,0.0,0.0,4.1,0.0,18.2,0.0,0.0,0.0,0.043,-7.5,-0.6,-8.1,0.0,,marksse01,2007
508,Vitaly Potapenko,31,SAC,C,3,0,13,-22.1,0.0,0.0,0.0,0.0,18.4,9.0,0.0,0.0,0.0,33.3,20.7,-0.2,0.0,-0.1,-0.534,-22.4,-6.2,-28.6,-0.1,,potapvi01,2007
509,Roger Powell,24,UTA,SF,3,0,13,-8.3,0.258,0.333,0.667,28.1,0.0,14.0,0.0,0.0,0.0,43.6,23.7,-0.1,0.0,-0.1,-0.327,-11.0,-7.9,-18.9,-0.1,,powelro01,2007
510,Mike Hall,22,WAS,SF,2,0,13,3.1,0.25,0.0,0.0,8.6,9.1,8.8,11.0,0.0,0.0,0.0,13.5,0.0,0.0,0.0,-0.073,-4.7,-4.1,-8.8,0.0,,hallmi01,2007
511,Chris McCray,22,MIL,SG,5,0,12,-20.7,0.0,0.0,0.0,0.0,0.0,0.0,0.0,0.0,0.0,40.0,18.8,-0.1,0.0,-0.1,-0.537,-19.4,-8.4,-27.7,-0.1,,mccrach01,2007
512,Alvin Williams,32,LAC,PG,2,0,10,6.6,0.266,0.5,2.0,12.1,0.0,6.0,41.1,10.6,0.0,44.4,31.2,-0.1,0.0,-0.1,-0.309,-7.0,2.3,-4.7,0.0,,willial02,2007
513,James Augustine,22,ORL,PF,2,0,7,16.6,0.333,0.0,0.0,18.0,34.4,26.4,48.9,0.0,0.0,0.0,19.9,0.0,0.0,0.0,0.168,-2.3,1.3,-1.0,0.0,,augusja01,2007
514,Dajuan Wagner,23,GSW,SG,1,0,7,17.2,1.064,1.0,2.0,0.0,0.0,0.0,20.9,0.0,0.0,34.7,17.5,0.0,0.0,0.0,0.122,4.5,-0.3,4.2,0.0,,wagneda02,2007
515,Mile Ilić,22,NJN,C,5,0,6,-48.6,0.0,0.0,0.0,0.0,19.5,9.8,0.0,0.0,0.0,50.0,46.6,-0.2,0.0,-0.2,-1.264,-41.4,-10.5,-52.0,-0.1,,ilicmi01,2007
516,Von Wafer,21,LAC,SF,1,0,1,-40.7,0.0,1.0,0.0,0.0,0.0,0.0,0.0,0.0,0.0,0.0,46.2,0.0,0.0,0.0,-1.068,-32.3,-20.1,-52.4,0.0,,wafervo01,2007
