Rk,Player,Age,Team,Pos,G,GS,MP,PER,TS%,3PAr,FTr,ORB%,DRB%,TRB%,AST%,STL%,BLK%,TOV%,USG%,OWS,DWS,WS,WS/48,OBPM,DBPM,BPM,VORP,Awards,Player-additional,Year
1,James Harden,26,HOU,SG,82,82,3125,25.3,0.598,0.406,0.518,2.2,15.6,8.8,35.4,2.2,1.4,15.9,32.5,10.7,2.6,13.3,0.204,6.4,0.2,6.6,6.8,MVP-9AS,hardeja01,2016
2,Gordon Hayward,25,UTA,SF,80,80,2893,18.3,0.559,0.341,0.397,2.5,13.5,8.0,18.2,1.7,0.8,12.5,25.7,5.5,3.4,8.9,0.147,2.4,0.2,2.6,3.3,,haywago01,2016
3,Kemba Walker,25,CHO,PG,81,81,2885,20.8,0.554,0.368,0.329,2.1,11.5,6.8,25.7,2.2,1.1,10.1,26.5,6.3,3.6,9.9,0.165,3.5,0.5,4.0,4.3,,walkeke02,2016
4,Trevor Ariza,30,HOU,SF,81,81,2859,12.9,0.551,0.581,0.187,2.6,11.6,7.1,10.0,2.8,0.8,10.8,15.7,3.1,2.3,5.4,0.09,0.1,0.3,0.4,1.7,DPOY-13,arizatr01,2016
5,Marcus Morris,26,DET,SF,80,80,2856,12.7,0.531,0.315,0.287,3.3,12.4,7.7,11.0,1.2,0.6,11.6,18.4,2.9,2.5,5.4,0.091,-0.3,0.1,-0.2,1.3,,morrima03,2016
6,Khris Middleton,24,MIL,SG,79,79,2852,16.8,0.56,0.316,0.273,1.8,10.2,6.0,18.9,2.3,0.6,12.3,23.0,4.3,1.8,6.1,0.103,1.2,-0.5,0.6,1.9,,middlkh01,2016
7,Kyle Lowry,29,TOR,PG,77,77,2851,22.2,0.578,0.457,0.41,2.2,12.3,7.3,29.9,2.9,1.0,13.7,26.1,8.0,3.7,11.6,0.196,4.7,1.1,5.8,5.7,MVP-10DPOY-13ASNBA3,lowryky01,2016
8,Andrew Wiggins,20,MIN,SF,81,81,2845,16.5,0.543,0.147,0.437,4.3,7.5,5.9,10.1,1.4,1.3,10.6,27.2,3.4,0.7,4.1,0.069,0.9,-2.2,-1.3,0.5,,wiggian01,2016
9,Giannis Antetokounmpo,21,MIL,PG,80,79,2823,18.8,0.566,0.108,0.404,4.6,20.0,12.4,20.0,1.7,3.4,14.8,22.3,4.2,2.9,7.1,0.121,1.3,0.7,2.1,2.9,,antetgi01,2016
10,Paul George,25,IND,SF,81,81,2819,20.9,0.557,0.391,0.364,3.1,18.7,10.9,20.3,2.7,0.8,13.6,30.4,4.4,4.8,9.2,0.157,3.7,1.2,4.9,4.9,ASNBA3,georgpa01,2016
11,Draymond Green,25,GSW,PF,81,81,2808,19.3,0.587,0.315,0.402,5.5,23.0,14.7,29.0,2.0,3.0,21.2,18.8,6.0,5.1,11.1,0.19,2.6,2.9,5.5,5.3,MVP-7DPOY-2ASNBA2,greendr01,2016
12,DeMar DeRozan,26,TOR,SG,78,78,2804,21.5,0.55,0.101,0.474,2.7,11.5,7.1,20.8,1.5,0.6,9.5,29.8,7.5,2.4,9.9,0.169,3.2,-0.7,2.5,3.2,AS,derozde01,2016
13,Kentavious Caldwell-Pope,22,DET,SG,76,76,2789,12.4,0.521,0.384,0.238,2.6,8.6,5.5,7.8,2.0,0.5,9.0,18.2,2.6,2.7,5.3,0.092,-1.1,0.8,-0.3,1.2,,caldwke01,2016
14,John Wall,25,WAS,PG,77,77,2784,19.8,0.51,0.243,0.255,1.7,13.8,7.6,46.2,2.5,1.7,17.5,28.6,2.2,3.5,5.7,0.098,3.1,0.4,3.5,3.9,AS,walljo01,2016
15,CJ McCollum,24,POR,SG,80,80,2780,17.7,0.544,0.33,0.158,1.8,8.3,5.0,21.6,1.7,0.6,11.4,27.1,4.4,1.7,6.0,0.104,2.3,-1.0,1.3,2.3,MIP-1,mccolcj01,2016
16,Russell Westbrook,27,OKC,PG,80,80,2750,27.6,0.554,0.236,0.397,6.1,18.1,12.4,49.6,2.9,0.6,16.8,31.6,10.0,4.0,14.0,0.245,6.4,1.4,7.8,6.8,MVP-4ASNBA1,westbru01,2016
17,Monta Ellis,30,IND,SG,81,81,2734,13.7,0.504,0.276,0.202,1.7,9.1,5.4,22.2,2.7,1.1,15.4,21.2,0.4,3.9,4.3,0.075,-1.0,1.1,0.1,1.5,,ellismo01,2016
18,LeBron James,31,CLE,SF,76,76,2709,27.5,0.588,0.199,0.347,4.7,18.8,11.8,36.0,2.0,1.5,13.2,31.4,9.6,4.0,13.6,0.242,7.0,2.0,9.0,7.5,MVP-3DPOY-11ASNBA1,jamesle01,2016
19,Joe Johnson,34,2TM,SF,81,81,2703,12.0,0.538,0.364,0.165,2.0,10.2,6.1,18.0,1.1,0.1,14.7,17.9,1.9,0.8,2.7,0.048,-0.6,-1.3,-1.9,0.1,,johnsjo02,2016
20,Joe Johnson,34,BRK,SF,57,57,1934,10.7,0.512,0.377,0.178,1.9,11.2,6.5,18.0,1.0,0.1,15.0,17.8,0.6,0.2,0.7,0.018,-1.2,-1.4,-2.6,-0.3,,johnsjo02,2016
21,Joe Johnson,34,MIA,SF,24,24,769,15.2,0.603,0.335,0.135,2.3,7.6,5.0,17.9,1.4,0.2,13.9,18.4,1.3,0.6,2.0,0.123,0.8,-1.0,-0.1,0.4,,johnsjo02,2016
22,Stephen Curry,27,GSW,PG,79,79,2700,31.5,0.669,0.554,0.25,2.9,13.6,8.6,33.7,3.0,0.4,12.9,32.6,13.8,4.1,17.9,0.318,10.3,1.6,11.9,9.5,MVP-1ASNBA1,curryst01,2016
23,Damian Lillard,25,POR,PG,75,75,2676,22.2,0.56,0.414,0.315,1.8,10.4,6.1,33.6,1.2,0.8,12.6,31.3,7.7,1.4,9.2,0.165,5.7,-1.3,4.4,4.3,MVP-8NBA2,lillada01,2016
24,Andre Drummond,22,DET,C,81,81,2666,21.2,0.499,0.006,0.553,15.6,34.2,24.5,4.4,2.3,3.2,10.5,24.1,2.0,5.5,7.4,0.133,0.8,0.3,1.1,2.0,DPOY-10ASNBA3,drumman01,2016
25,Klay Thompson,25,GSW,SG,80,80,2666,18.6,0.597,0.469,0.159,1.5,10.3,6.2,9.8,1.1,1.4,8.5,26.3,5.5,2.6,8.0,0.144,3.4,-1.6,1.8,2.5,ASNBA3,thompkl01,2016
26,Paul Millsap,30,ATL,PF,81,81,2647,21.3,0.556,0.218,0.383,8.4,21.5,15.1,16.4,2.7,4.1,13.3,24.3,4.1,6.0,10.1,0.183,1.5,2.7,4.2,4.1,DPOY-5AS,millspa01,2016
27,Isaiah Thomas,26,BOS,PG,82,79,2644,21.5,0.562,0.336,0.394,1.8,8.0,4.9,32.7,1.7,0.3,11.9,29.6,7.2,2.5,9.7,0.177,4.9,-0.6,4.3,4.2,AS,thomais02,2016
28,Wesley Matthews,29,DAL,SF,78,78,2644,10.9,0.532,0.615,0.171,1.1,8.8,4.9,8.9,1.5,0.5,7.8,17.2,1.9,1.8,3.7,0.067,-0.9,-0.1,-1.0,0.6,,matthwe02,2016
29,Al Horford,29,ATL,C,82,82,2631,19.4,0.565,0.244,0.123,6.3,18.2,12.4,16.7,1.3,3.6,8.8,20.6,4.9,4.5,9.4,0.172,2.2,1.6,3.8,3.9,DPOY-13AS,horfoal01,2016
30,Karl-Anthony Towns,20,MIN,C,82,82,2627,22.5,0.59,0.076,0.239,10.3,27.5,19.0,11.3,1.1,4.3,12.6,24.9,5.5,2.8,8.3,0.151,2.5,-0.4,2.2,2.7,ROY-1,townska01,2016
31,DeAndre Jordan,27,LAC,C,77,77,2598,20.6,0.628,0.002,1.219,11.4,32.7,22.2,5.3,1.0,5.4,12.1,15.4,6.0,5.5,11.5,0.213,1.5,1.3,2.8,3.2,DPOY-4NBA1,jordade01,2016
32,Kevin Durant,27,OKC,SF,72,72,2578,28.2,0.634,0.348,0.361,2.0,21.8,12.4,24.2,1.3,2.5,13.5,30.6,11.0,3.5,14.5,0.27,8.4,1.6,9.9,7.8,MVP-5ASNBA2,duranke01,2016
33,Evan Fournier,23,ORL,SF,79,71,2566,14.6,0.587,0.42,0.256,1.4,8.4,4.9,12.8,1.9,0.1,11.4,20.1,4.0,1.7,5.7,0.106,0.1,-0.5,-0.3,1.1,,fournev01,2016
34,Jordan Clarkson,23,LAL,SG,79,79,2552,14.3,0.516,0.291,0.186,3.8,9.6,6.6,13.8,1.7,0.2,10.2,22.8,1.7,0.4,2.1,0.039,-0.1,-1.5,-1.6,0.2,,clarkjo01,2016
35,Rodney Hood,23,UTA,SG,79,79,2541,14.1,0.542,0.462,0.206,1.8,10.5,6.1,14.4,1.5,0.5,10.5,21.5,3.4,2.5,6.0,0.112,0.7,0.0,0.7,1.7,,hoodro01,2016
36,P.J. Tucker,30,PHO,SF,82,80,2540,10.8,0.506,0.354,0.244,6.9,15.2,10.9,10.2,2.0,0.6,14.7,12.7,1.5,1.9,3.5,0.066,-1.5,0.4,-1.2,0.5,,tuckepj01,2016
37,Rajon Rondo,29,SAC,PG,72,72,2537,16.9,0.506,0.217,0.192,3.3,15.2,9.3,48.0,2.7,0.3,24.7,18.8,2.3,2.3,4.6,0.087,1.0,0.0,1.0,1.9,,rondora01,2016
38,Avery Bradley,25,BOS,SG,76,72,2536,13.2,0.538,0.399,0.121,2.0,7.3,4.6,9.8,2.2,0.6,9.2,19.8,2.0,2.8,4.8,0.09,-0.4,0.3,-0.1,1.2,DPOY-6,bradlav01,2016
39,Carmelo Anthony,31,NYK,SF,72,72,2530,20.3,0.53,0.237,0.308,4.3,19.5,12.0,21.9,1.3,1.1,10.6,29.7,3.9,2.5,6.4,0.121,3.8,-0.5,3.3,3.4,AS,anthoca01,2016
40,George Hill,29,IND,PG,74,73,2524,13.2,0.555,0.425,0.203,2.5,10.3,6.5,15.5,1.6,0.5,11.1,15.8,3.4,2.8,6.2,0.118,0.1,0.7,0.7,1.7,,hillge01,2016
41,Tobias Harris,23,2TM,PF,76,74,2513,16.2,0.56,0.269,0.273,4.1,18.6,11.2,10.6,1.3,1.3,9.8,19.3,4.1,2.5,6.6,0.126,1.2,0.3,1.5,2.2,,harrito02,2016
42,Tobias Harris,23,ORL,PF,49,49,1610,15.0,0.55,0.279,0.283,4.8,18.9,11.8,9.3,1.5,1.4,11.4,18.9,1.7,1.6,3.3,0.099,0.5,0.1,0.6,1.0,,harrito02,2016
43,Tobias Harris,23,DET,PF,27,25,903,18.2,0.577,0.253,0.259,2.9,18.0,10.2,12.9,1.0,1.0,7.2,20.2,2.3,0.9,3.3,0.174,2.4,0.7,3.1,1.2,,harrito02,2016
44,Serge Ibaka,26,OKC,PF,78,78,2500,13.9,0.533,0.212,0.139,6.5,16.2,11.6,3.9,0.8,4.5,10.5,17.6,2.5,3.0,5.5,0.105,-0.6,0.0,-0.6,0.8,,ibakase01,2016
45,Jimmy Butler,26,CHI,SG,67,67,2474,21.3,0.562,0.198,0.459,3.4,11.6,7.6,21.4,2.2,1.3,9.6,24.4,6.5,2.7,9.1,0.177,3.2,1.2,4.4,3.9,DPOY-11AS,butleji01,2016
46,Brook Lopez,27,BRK,C,73,73,2457,21.7,0.562,0.012,0.348,9.2,17.2,13.1,10.8,1.2,4.1,11.6,27.3,4.5,1.7,6.2,0.121,1.9,-0.5,1.3,2.1,,lopezbr01,2016
47,Nicolas Batum,27,CHO,SF,70,70,2448,15.6,0.546,0.457,0.22,2.4,16.8,9.6,26.9,1.3,1.4,17.6,21.4,2.0,2.9,5.0,0.097,1.1,0.1,1.2,2.0,,batumni01,2016
48,Gary Harris,21,DEN,SG,76,76,2439,12.7,0.566,0.388,0.174,2.4,7.7,5.0,9.5,2.0,0.6,10.6,16.5,2.8,1.2,4.0,0.079,-0.6,-0.2,-0.9,0.7,,harriga01,2016
49,Reggie Jackson,25,DET,PG,79,79,2424,19.6,0.535,0.268,0.271,2.5,9.1,5.7,36.3,1.2,0.3,13.8,29.1,4.9,1.9,6.9,0.136,3.4,-0.6,2.7,2.8,,jacksre01,2016
50,Kevin Love,27,CLE,PF,77,77,2424,19.0,0.553,0.449,0.321,7.0,28.4,17.8,12.2,1.2,1.4,11.3,23.4,4.7,3.8,8.5,0.169,3.0,0.3,3.3,3.3,,loveke01,2016
51,Chris Paul,30,LAC,PG,74,74,2420,26.2,0.575,0.295,0.294,1.8,12.0,7.0,52.7,3.1,0.4,13.4,27.1,9.2,3.5,12.7,0.253,5.9,2.0,7.9,6.0,MVP-6DPOY-13ASNBA2,paulch01,2016
52,Jabari Parker,20,MIL,PF,76,72,2408,14.8,0.535,0.039,0.254,5.9,12.8,9.4,8.9,1.5,1.0,10.4,20.9,2.4,1.2,3.6,0.072,-0.4,-1.6,-2.0,0.0,,parkeja01,2016
53,Thaddeus Young,27,BRK,PF,73,73,2407,17.5,0.533,0.031,0.169,8.1,23.0,15.4,9.6,2.3,1.2,11.6,21.6,1.9,2.2,4.1,0.081,0.1,-0.1,0.0,1.2,,youngth01,2016
54,Kyle Korver,34,ATL,SG,80,80,2401,9.7,0.578,0.644,0.088,0.7,10.9,5.9,9.9,1.2,1.1,13.3,13.7,1.2,2.9,4.1,0.082,-1.5,0.6,-1.0,0.6,,korveky01,2016
55,Luol Deng,30,MIA,PF,74,73,2394,15.0,0.549,0.344,0.258,5.3,15.4,10.5,9.0,1.6,0.9,8.9,17.4,3.5,2.8,6.4,0.128,0.7,0.2,0.8,1.7,,denglu01,2016
56,Kawhi Leonard,24,SAS,SF,72,72,2380,26.0,0.616,0.267,0.306,4.7,18.4,11.8,13.0,2.8,2.3,7.8,25.8,8.3,5.5,13.7,0.277,6.1,3.0,9.1,6.7,MVP-2DPOY-1ASNBA1,leonaka01,2016
57,Victor Oladipo,23,ORL,SG,72,52,2379,16.7,0.534,0.291,0.255,2.2,14.0,8.0,18.6,2.4,1.9,12.4,22.9,2.2,2.7,4.9,0.099,0.9,0.9,1.7,2.3,,oladivi01,2016
58,Rudy Gay,29,SAC,SF,70,70,2379,15.5,0.538,0.214,0.252,4.7,15.9,10.4,8.0,2.0,1.7,11.1,22.4,1.8,2.1,3.8,0.078,-0.1,-0.3,-0.3,1.0,,gayru01,2016
59,Arron Afflalo,30,NYK,SG,71,57,2371,10.9,0.531,0.298,0.164,1.1,11.0,6.1,9.9,0.5,0.3,8.7,17.9,1.8,0.9,2.7,0.055,-1.3,-1.6,-2.9,-0.5,,afflaar01,2016
60,Dirk Nowitzki,37,DAL,PF,75,75,2364,19.0,0.555,0.308,0.252,2.4,20.3,11.4,10.1,1.1,1.8,6.4,25.5,4.2,2.6,6.8,0.138,2.4,0.1,2.5,2.7,,nowitdi01,2016
61,Goran Dragić,29,MIA,PG,72,72,2363,15.5,0.537,0.234,0.189,2.7,10.4,6.6,28.7,1.5,0.6,16.3,21.9,2.4,2.3,4.7,0.096,0.1,-0.5,-0.4,1.0,,dragigo01,2016
62,J.R. Smith,30,CLE,SG,77,77,2362,12.4,0.542,0.6,0.084,2.1,8.3,5.2,8.5,1.8,0.7,6.3,18.0,3.0,2.5,5.5,0.111,0.2,0.3,0.5,1.5,,smithjr01,2016
63,Will Barton,25,DEN,SG,82,1,2353,16.0,0.535,0.331,0.273,2.7,20.0,11.2,14.4,1.5,1.3,11.2,23.0,2.4,1.9,4.3,0.088,1.2,-0.4,0.8,1.7,6MOY-4,bartowi01,2016
64,Al-Farouq Aminu,25,POR,SF,82,82,2341,12.7,0.533,0.485,0.217,4.5,18.6,11.5,8.8,1.5,1.8,13.2,16.9,1.7,2.3,4.0,0.082,-0.2,0.2,0.1,1.2,,aminual01,2016
65,Marvin Williams,29,CHO,PF,81,81,2338,16.8,0.585,0.506,0.193,5.9,18.6,12.2,7.6,1.2,2.7,7.1,16.8,4.7,3.2,7.8,0.161,2.1,0.5,2.7,2.7,,willima02,2016
66,Courtney Lee,30,2TM,SG,79,65,2334,11.5,0.551,0.34,0.185,1.4,8.7,4.9,9.1,1.9,1.1,9.4,14.7,2.1,1.7,3.9,0.08,-1.3,0.3,-1.0,0.6,,leeco01,2016
67,Courtney Lee,30,MEM,SG,51,37,1489,11.7,0.556,0.329,0.22,1.4,7.9,4.5,8.1,1.8,1.0,9.6,15.3,1.5,0.8,2.2,0.072,-0.9,-0.1,-0.9,0.4,,leeco01,2016
68,Courtney Lee,30,CHO,SG,28,28,845,11.2,0.54,0.359,0.118,1.3,10.1,5.6,10.9,2.0,1.2,9.0,13.6,0.7,1.0,1.6,0.094,-2.1,1.1,-1.0,0.2,,leeco01,2016
69,Ricky Rubio,25,MIN,PG,76,76,2323,17.6,0.529,0.324,0.536,2.0,14.1,8.2,41.4,3.5,0.4,21.0,17.7,3.6,2.2,5.8,0.119,1.0,0.8,1.8,2.3,,rubiori01,2016
70,Greg Monroe,25,MIL,C,79,67,2314,21.8,0.562,0.001,0.327,10.9,23.4,17.2,13.2,1.6,2.5,10.7,23.5,5.0,2.4,7.5,0.155,2.7,-0.6,2.1,2.4,,monrogr01,2016
71,Jae Crowder,25,BOS,SF,73,73,2308,15.8,0.565,0.446,0.294,3.2,14.2,8.6,8.9,2.7,1.2,8.3,18.5,3.8,3.5,7.3,0.152,0.8,1.4,2.2,2.5,DPOY-13,crowdja01,2016
72,Zach LaVine,20,MIN,SG,82,33,2294,14.3,0.548,0.33,0.212,1.4,10.1,5.8,18.6,1.5,0.6,12.9,23.5,1.9,0.7,2.6,0.054,0.2,-1.6,-1.5,0.3,6MOY-14,lavinza01,2016
73,Pau Gasol,35,CHI,C,72,72,2291,21.7,0.529,0.069,0.29,7.3,28.7,18.2,21.7,0.9,4.7,12.8,24.6,3.2,3.9,7.1,0.149,2.7,2.3,4.9,4.0,AS,gasolpa01,2016
74,Julius Randle,21,LAL,PF,81,60,2286,13.9,0.482,0.043,0.323,7.8,32.0,19.5,11.0,1.2,1.0,13.5,21.2,-0.3,1.9,1.6,0.035,-1.9,-1.3,-3.2,-0.7,,randlju01,2016
75,Dwight Howard,30,HOU,C,71,71,2280,18.9,0.604,0.01,0.79,11.4,29.1,20.2,7.0,1.5,4.1,17.0,18.4,3.5,3.1,6.6,0.138,0.3,-0.2,0.1,1.2,,howardw01,2016
76,Otto Porter Jr.,22,WAS,SF,75,73,2276,14.5,0.564,0.372,0.176,4.7,14.7,9.6,7.9,2.2,1.1,8.3,16.2,3.0,2.7,5.6,0.119,0.3,0.8,1.1,1.8,,porteot01,2016
77,Evan Turner,27,BOS,SG,81,12,2271,13.6,0.513,0.11,0.238,2.3,16.5,9.3,23.9,1.7,1.0,16.9,18.8,1.0,3.0,4.0,0.085,-0.9,0.9,0.0,1.1,6MOY-5,turneev01,2016
78,Tristan Thompson,24,CLE,PF,82,34,2269,15.9,0.611,0.0,0.576,13.5,23.3,18.4,4.0,0.9,1.8,10.4,11.7,5.6,3.1,8.7,0.185,0.5,-0.3,0.2,1.2,6MOY-10,thomptr01,2016
79,LaMarcus Aldridge,30,SAS,PF,74,74,2261,22.4,0.565,0.015,0.289,9.2,22.2,15.9,8.1,0.9,2.8,7.8,25.9,5.6,4.5,10.1,0.215,2.0,0.3,2.3,2.5,ASNBA3,aldrila01,2016
80,D'Angelo Russell,19,LAL,PG,80,48,2259,13.2,0.507,0.387,0.199,2.2,11.2,6.5,21.2,2.1,0.5,15.9,24.1,-0.7,0.7,0.0,0.001,-0.7,-1.6,-2.3,-0.1,ROY-9,russeda01,2016
81,Dwyane Wade,34,MIA,SG,74,73,2258,20.3,0.517,0.037,0.343,4.3,10.7,7.6,27.4,1.8,1.4,13.0,31.6,2.4,2.6,4.9,0.105,2.3,-0.4,1.9,2.2,AS,wadedw01,2016
82,Marcin Gortat,31,WAS,C,75,74,2256,19.0,0.592,0.001,0.271,10.8,26.3,18.4,7.5,1.0,3.4,12.4,18.9,4.2,3.1,7.3,0.156,0.5,0.1,0.6,1.5,,gortama01,2016
83,Jeff Teague,27,ATL,PG,79,78,2255,17.9,0.551,0.278,0.316,1.6,8.6,5.2,34.4,2.1,0.8,16.2,26.6,2.8,3.0,5.9,0.125,1.5,-0.2,1.3,1.9,,teaguje01,2016
84,Jeff Green,29,2TM,SF,80,41,2253,13.0,0.51,0.258,0.267,3.6,13.3,8.3,10.0,1.3,1.5,9.2,20.2,1.3,1.7,3.1,0.065,-0.8,-0.9,-1.8,0.1,,greenje02,2016
85,Jeff Green,29,MEM,SF,53,31,1544,13.4,0.517,0.244,0.278,3.9,14.4,8.9,10.5,1.3,1.1,9.9,20.2,1.2,1.0,2.2,0.067,-0.4,-1.0,-1.4,0.2,,greenje02,2016
86,Jeff Green,29,LAC,SF,27,10,709,12.0,0.496,0.288,0.243,3.0,10.9,7.0,8.9,1.3,2.3,7.5,20.4,0.1,0.8,0.9,0.061,-1.8,-0.7,-2.5,-0.1,,greenje02,2016
87,DeMarcus Cousins,25,SAC,C,65,65,2246,23.6,0.538,0.158,0.498,7.7,28.2,18.0,17.0,2.2,3.3,13.3,35.4,2.4,3.3,5.7,0.122,2.7,0.6,3.3,3.0,ASNBA2,couside01,2016
88,Ish Smith,27,2TM,PG,77,53,2239,14.9,0.465,0.176,0.182,2.0,13.3,7.5,38.3,1.9,0.8,14.4,23.9,0.0,1.3,1.3,0.027,-0.3,-1.3,-1.6,0.2,,smithis01,2016
89,Ish Smith,27,NOP,PG,27,3,617,16.3,0.484,0.145,0.189,2.4,14.5,8.3,39.1,1.9,0.8,15.4,20.9,0.5,0.4,0.9,0.07,0.9,-0.5,0.3,0.4,,smithis01,2016
90,Ish Smith,27,PHI,PG,50,50,1622,14.4,0.46,0.185,0.18,1.9,12.8,7.1,37.9,1.9,0.8,14.0,25.0,-0.6,0.9,0.4,0.011,-0.7,-1.6,-2.3,-0.1,,smithis01,2016
91,Justise Winslow,19,MIA,SF,78,8,2232,8.4,0.489,0.251,0.253,4.2,15.8,10.2,7.4,1.6,0.9,15.6,12.5,-0.2,2.7,2.5,0.054,-3.3,0.7,-2.6,-0.3,ROY-6,winslju01,2016
92,Gorgui Dieng,26,MIN,C,82,39,2220,17.1,0.601,0.035,0.428,8.3,22.1,15.3,10.1,2.1,3.5,16.9,16.7,3.4,2.5,5.9,0.127,-0.1,0.8,0.8,1.5,,dienggo01,2016
93,Robin Lopez,27,NYK,C,82,82,2219,17.6,0.574,0.002,0.243,13.4,16.2,14.8,8.5,0.4,4.4,15.4,17.7,3.7,2.1,5.8,0.126,0.4,-0.5,-0.2,1.0,,lopezro01,2016
94,Darren Collison,28,SAC,PG,74,15,2219,15.9,0.591,0.28,0.291,1.4,6.8,4.1,21.7,1.6,0.1,12.9,19.2,4.5,0.7,5.2,0.113,0.9,-0.8,0.1,1.2,6MOY-15,collida01,2016
95,Raymond Felton,31,DAL,PG,80,31,2192,11.9,0.502,0.312,0.258,1.8,11.1,6.5,20.3,1.6,0.6,13.7,18.4,1.0,1.7,2.7,0.059,-1.7,0.1,-1.6,0.2,,feltora01,2016
96,Matt Barnes,35,MEM,SF,76,45,2190,11.7,0.503,0.534,0.199,4.2,18.3,10.9,11.6,1.8,2.4,13.8,17.9,0.4,2.2,2.6,0.056,-1.1,0.2,-0.9,0.6,,barnema02,2016
97,Anthony Davis,22,NOP,C,61,61,2164,25.0,0.559,0.095,0.379,6.4,26.4,16.1,10.0,1.8,4.7,8.4,29.6,4.4,2.8,7.2,0.16,3.6,0.4,3.9,3.2,DPOY-9AS,davisan02,2016
98,Hollis Thompson,24,PHI,SG,77,17,2154,9.2,0.525,0.576,0.141,2.6,11.4,6.9,7.4,0.8,0.8,9.5,16.2,0.7,0.5,1.2,0.026,-1.6,-1.7,-3.4,-0.7,,thompho01,2016
99,Dion Waiters,24,OKC,SG,78,15,2152,9.4,0.492,0.34,0.222,1.9,8.0,5.1,10.0,1.9,0.5,13.4,17.7,0.3,1.8,2.1,0.046,-2.4,-0.4,-2.8,-0.4,,waitedi01,2016
100,Elfrid Payton,21,ORL,PG,73,69,2145,13.9,0.478,0.126,0.26,3.9,9.6,6.7,32.8,2.1,0.8,17.9,20.4,0.5,1.7,2.2,0.05,-0.7,-0.6,-1.2,0.4,,paytoel01,2016
101,Jamal Crawford,35,LAC,SG,79,5,2126,14.0,0.529,0.366,0.289,1.0,6.3,3.7,14.0,1.2,0.4,9.6,24.9,1.8,1.5,3.3,0.076,0.1,-1.5,-1.4,0.3,6MOY-1,crawfja01,2016
102,Hassan Whiteside,26,MIA,C,73,43,2125,25.6,0.629,0.0,0.482,13.1,32.4,23.1,2.4,1.1,9.7,14.2,20.7,5.0,5.3,10.3,0.233,1.7,2.4,4.1,3.3,DPOY-3,whiteha01,2016
103,Bojan Bogdanović,26,BRK,SF,79,39,2115,10.7,0.55,0.451,0.176,1.9,11.8,6.8,7.3,0.7,0.2,12.5,19.4,0.9,0.0,0.9,0.021,-1.0,-2.6,-3.5,-0.8,,bogdabo02,2016
104,Devin Booker,19,PHO,SG,76,51,2108,11.9,0.535,0.333,0.295,1.4,8.4,4.8,15.8,1.0,0.8,14.0,23.0,1.2,0.7,1.9,0.043,-1.2,-1.7,-2.8,-0.5,ROY-4,bookede01,2016
105,Deron Williams,31,DAL,PG,65,63,2106,14.6,0.53,0.364,0.266,1.0,8.9,5.0,29.3,1.5,0.6,14.8,22.0,2.2,1.4,3.7,0.083,0.4,-0.7,-0.3,0.9,,willide01,2016
106,Allen Crabbe,23,POR,SG,81,8,2105,12.2,0.572,0.42,0.167,1.4,9.7,5.6,7.2,1.5,0.6,8.1,16.4,3.1,1.2,4.3,0.098,-0.9,-0.1,-1.0,0.5,6MOY-16,crabbal01,2016
107,Jared Dudley,30,WAS,PF,81,41,2098,11.7,0.602,0.489,0.201,2.8,12.6,7.6,11.4,1.7,0.7,13.1,12.7,2.6,2.0,4.6,0.105,-0.8,0.7,-0.1,1.0,,dudleja01,2016
108,JJ Redick,31,LAC,SG,75,75,2097,17.5,0.632,0.478,0.233,0.5,6.6,3.6,8.6,1.0,0.2,7.4,22.6,5.3,1.4,6.7,0.154,3.3,-1.1,2.2,2.2,,redicjj01,2016
109,Derrick Rose,27,CHI,PG,66,66,2097,13.5,0.479,0.143,0.171,2.4,8.8,5.6,25.5,1.1,0.5,13.4,27.3,-0.8,1.2,0.4,0.009,-0.6,-1.9,-2.5,-0.3,,rosede01,2016
110,Mason Plumlee,25,POR,C,82,82,2084,17.2,0.564,0.008,0.648,10.4,22.2,16.3,16.2,1.6,3.2,18.8,17.1,3.4,2.7,6.1,0.14,0.0,1.6,1.5,1.9,,plumlma01,2016
111,Kent Bazemore,26,ATL,SF,75,68,2083,13.4,0.551,0.421,0.208,1.5,18.0,9.9,12.7,2.3,1.4,14.8,20.0,0.3,3.8,4.1,0.094,-1.2,1.5,0.3,1.2,,bazemke01,2016
112,Emmanuel Mudiay,19,DEN,PG,68,66,2068,9.9,0.437,0.256,0.231,1.7,10.9,6.2,29.0,1.6,1.4,17.9,25.7,-3.3,1.2,-2.1,-0.049,-2.3,-1.9,-4.2,-1.2,ROY-7,mudiaem01,2016
113,Jerami Grant,21,PHI,PF,77,52,2066,12.6,0.506,0.244,0.538,5.0,14.3,9.5,10.4,1.3,4.7,12.9,18.0,0.5,1.6,2.1,0.05,-2.1,0.4,-1.7,0.1,,grantje01,2016
114,Danny Green,28,SAS,SG,79,79,2062,10.5,0.492,0.622,0.082,2.7,13.6,8.4,9.3,2.0,2.4,11.4,14.6,0.2,4.1,4.2,0.099,-1.0,2.1,1.1,1.6,,greenda02,2016
115,Jeremy Lin,27,CHO,SG,78,13,2048,13.8,0.534,0.31,0.401,2.2,11.4,6.8,18.6,1.4,1.7,14.9,22.2,1.3,2.3,3.5,0.082,-1.0,0.0,-0.9,0.5,6MOY-7,linje01,2016
116,Kristaps Porziņģis,20,NYK,PF,72,72,2047,17.7,0.518,0.274,0.271,7.1,20.7,14.0,7.9,1.3,5.0,10.9,24.6,1.5,2.9,4.4,0.102,0.6,0.3,0.9,1.5,ROY-2,porzikr01,2016
117,Cory Joseph,24,TOR,SG,80,4,2046,12.4,0.512,0.188,0.297,2.2,9.4,5.9,19.3,1.6,0.8,13.4,17.0,1.8,1.7,3.5,0.082,-1.1,-0.1,-1.2,0.4,,josepco01,2016
118,Harrison Barnes,23,GSW,SF,66,59,2042,12.3,0.559,0.338,0.212,4.3,12.4,8.6,7.8,1.0,0.4,7.6,15.9,3.1,1.9,4.9,0.116,-0.2,-1.1,-1.3,0.3,,barneha02,2016
119,Patrick Beverley,27,HOU,PG,71,63,2041,13.0,0.553,0.522,0.148,3.9,9.6,6.8,17.9,2.3,1.1,12.6,15.3,3.1,1.3,4.4,0.102,0.0,0.1,0.2,1.1,,beverpa01,2016
120,Nikola Vučević,25,ORL,C,65,60,2037,21.1,0.531,0.009,0.143,9.3,22.2,15.7,15.9,1.3,2.8,10.0,26.8,2.8,2.4,5.2,0.122,1.9,0.0,1.9,2.0,,vucevni01,2016
121,Langston Galloway,24,NYK,PG,82,7,2033,11.7,0.49,0.381,0.194,2.3,13.0,7.7,15.7,1.9,0.8,8.7,15.6,1.4,1.8,3.3,0.077,-1.7,0.7,-1.0,0.5,,gallola01,2016
122,José Calderón,34,NYK,PG,72,72,2024,12.3,0.571,0.446,0.105,1.2,11.0,6.2,22.3,1.6,0.3,15.4,12.6,2.7,1.4,4.0,0.096,-0.8,0.1,-0.6,0.7,,caldejo01,2016
123,Patrick Patterson,26,TOR,PF,79,0,2020,10.6,0.534,0.594,0.069,4.4,14.8,9.7,7.1,1.4,1.3,11.3,12.9,1.6,2.0,3.6,0.086,-0.1,0.0,-0.1,1.0,6MOY-16,pattepa01,2016
124,Zach Randolph,34,MEM,PF,68,53,2016,18.3,0.519,0.029,0.238,9.7,20.7,15.0,12.9,1.1,0.6,9.5,24.6,2.8,1.5,4.3,0.103,1.4,-1.7,-0.3,0.9,,randoza01,2016
125,Steven Adams,22,OKC,C,80,80,2014,15.5,0.621,0.0,0.46,12.5,16.1,14.4,4.3,1.0,3.3,14.1,12.6,4.2,2.3,6.5,0.155,0.0,0.2,0.2,1.1,,adamsst01,2016
126,Ryan Anderson,27,NOP,PF,66,7,2008,17.2,0.546,0.385,0.245,7.0,15.2,10.9,6.1,0.9,1.0,8.0,24.7,3.1,0.8,3.9,0.092,2.2,-2.4,-0.2,0.9,6MOY-6,anderry01,2016
127,Zaza Pachulia,31,DAL,C,76,69,2004,16.2,0.55,0.006,0.587,13.7,25.7,19.7,9.7,1.6,0.9,16.8,16.2,3.4,2.7,6.0,0.145,-0.3,0.1,-0.2,0.9,,pachuza01,2016
128,Derrick Favors,24,UTA,PF,62,59,1983,21.6,0.551,0.005,0.313,10.0,19.6,14.8,8.9,2.0,3.9,10.1,23.9,3.8,3.4,7.1,0.173,2.1,1.2,3.3,2.6,,favorde01,2016
129,Tony Parker,33,SAS,PG,72,72,1980,16.2,0.546,0.092,0.241,1.0,8.8,5.1,29.1,1.4,0.4,14.3,21.2,2.9,2.9,5.8,0.142,0.2,0.2,0.4,1.2,,parketo01,2016
130,Dante Cunningham,28,NOP,SF,80,46,1971,8.6,0.54,0.422,0.199,3.1,10.4,6.6,5.6,1.1,1.4,8.4,11.0,1.5,0.7,2.1,0.052,-2.3,-0.5,-2.8,-0.4,,cunnida01,2016
131,Isaiah Canaan,24,PHI,SG,77,39,1966,11.1,0.528,0.672,0.249,1.1,8.8,4.8,11.3,1.4,0.5,10.2,19.9,0.9,0.5,1.4,0.035,-0.8,-1.6,-2.4,-0.2,,canaais01,2016
132,Nerlens Noel,21,PHI,C,67,62,1965,16.2,0.544,0.003,0.387,8.2,22.2,15.0,10.5,2.9,3.9,18.7,18.8,0.3,2.8,3.0,0.074,-1.7,1.5,-0.2,0.9,,noelne01,2016
133,Garrett Temple,29,WAS,SF,80,43,1951,9.3,0.52,0.511,0.248,2.0,10.3,6.1,10.0,1.7,0.7,10.3,14.0,1.0,1.7,2.7,0.066,-2.5,0.4,-2.1,0.0,,templga01,2016
134,Taj Gibson,30,CHI,PF,73,55,1936,15.7,0.556,0.006,0.292,11.4,15.9,13.7,8.3,1.2,2.9,12.1,14.6,3.2,2.2,5.4,0.133,-0.4,0.4,0.0,1.0,,gibsota01,2016
135,Rudy Gobert,23,UTA,C,61,60,1932,17.5,0.582,0.0,0.799,12.6,27.7,20.2,7.4,1.2,5.9,19.2,14.2,2.6,3.8,6.4,0.16,0.0,2.2,2.2,2.0,DPOY-7,goberru01,2016
136,Jared Sullinger,23,BOS,PF,81,73,1915,16.7,0.476,0.128,0.2,10.6,27.0,18.7,15.5,1.9,1.9,10.4,21.8,1.3,3.6,4.8,0.121,0.0,0.7,0.6,1.3,,sullija01,2016
137,Lou Williams,29,LAL,SG,67,35,1907,17.7,0.584,0.462,0.612,1.7,8.1,4.8,15.1,1.6,0.8,10.8,22.8,4.5,0.3,4.7,0.119,2.4,-1.1,1.3,1.6,,willilo02,2016
138,Robert Covington,25,PHI,SF,67,49,1903,13.2,0.543,0.677,0.249,3.6,20.9,12.0,8.4,2.7,1.6,15.3,21.5,-0.1,2.1,2.0,0.05,-1.1,0.1,-0.9,0.5,,covinro01,2016
139,Ersan İlyasova,28,2TM,PF,74,56,1881,14.2,0.526,0.392,0.233,8.1,15.6,11.7,5.6,1.4,1.4,8.9,18.6,2.4,2.0,4.4,0.113,0.2,-0.4,-0.2,0.9,,ilyaser01,2016
140,Ersan İlyasova,28,DET,PF,52,52,1434,14.1,0.53,0.423,0.215,7.3,14.5,10.7,6.1,1.3,1.4,9.6,18.7,1.8,1.5,3.3,0.111,0.4,0.1,0.5,0.9,,ilyaser01,2016
141,Ersan İlyasova,28,ORL,PF,22,4,447,14.7,0.515,0.288,0.294,11.0,19.1,15.0,4.0,1.6,1.1,6.5,18.3,0.6,0.5,1.1,0.117,-0.5,-1.9,-2.4,0.0,,ilyaser01,2016
142,Omri Casspi,27,SAC,PF,69,21,1880,13.9,0.587,0.441,0.256,3.4,20.1,11.8,7.5,1.4,0.7,12.0,17.8,2.1,1.5,3.6,0.092,0.4,-0.2,0.1,1.0,,casspom01,2016
143,Roy Hibbert,29,LAL,C,81,81,1878,11.2,0.507,0.005,0.353,7.3,15.8,11.4,8.0,0.9,4.6,13.8,12.9,1.1,1.0,2.2,0.056,-3.5,0.2,-3.2,-0.6,,hibbero01,2016
144,Brandon Knight,24,PHO,SG,52,50,1870,14.7,0.522,0.392,0.204,2.0,9.9,5.9,24.4,1.6,0.9,15.4,26.2,0.7,0.9,1.7,0.043,0.9,-1.5,-0.6,0.6,,knighbr03,2016
145,Matthew Dellavedova,25,CLE,PG,76,14,1867,11.3,0.527,0.468,0.129,2.0,7.8,4.9,26.2,1.2,0.4,17.7,15.9,2.2,1.6,3.8,0.098,-0.7,-0.5,-1.2,0.4,,dellama01,2016
146,Aaron Gordon,20,ORL,PF,78,37,1863,17.0,0.541,0.245,0.333,9.0,21.3,15.1,10.3,1.6,2.4,9.0,17.3,3.2,2.2,5.4,0.139,0.9,0.1,1.0,1.4,,gordoaa01,2016
147,Kobe Bryant,37,LAL,SF,66,66,1863,14.9,0.469,0.42,0.252,2.3,12.3,7.1,19.1,1.7,0.5,9.4,32.2,-0.9,0.5,-0.4,-0.01,0.9,-2.4,-1.6,0.2,AS,bryanko01,2016
148,Doug McDermott,24,CHI,SF,81,4,1861,10.9,0.561,0.402,0.13,2.1,8.8,5.5,5.0,0.4,0.2,7.2,17.3,2.1,0.7,2.8,0.073,-1.0,-1.9,-2.9,-0.4,,mcderdo01,2016
149,Danilo Gallinari,27,DEN,SF,53,53,1839,19.0,0.582,0.341,0.617,3.1,14.0,8.5,11.8,1.1,0.8,8.0,23.0,5.5,0.9,6.3,0.165,3.4,-0.7,2.7,2.2,,gallida01,2016
150,Jrue Holiday,25,NOP,PG,65,23,1831,19.7,0.529,0.277,0.231,1.6,10.5,5.9,37.3,2.4,1.0,14.0,28.9,2.2,1.2,3.4,0.089,2.7,-0.6,2.1,1.9,6MOY-16,holidjr01,2016
151,Alex Len,22,PHO,C,78,46,1821,12.4,0.482,0.011,0.383,10.4,25.4,17.7,8.5,1.0,2.8,16.6,20.4,-0.5,1.8,1.3,0.035,-3.5,-0.8,-4.3,-1.0,,lenal01,2016
152,Ian Mahinmi,29,IND,C,71,71,1816,16.6,0.603,0.0,0.502,8.3,22.1,15.3,8.9,1.8,3.3,15.5,15.7,2.9,3.3,6.2,0.163,-0.9,1.9,0.9,1.4,,mahinia01,2016
153,Nik Stauskas,22,PHI,SG,73,35,1809,9.2,0.517,0.596,0.217,1.3,10.0,5.5,12.0,1.2,0.8,13.6,16.7,0.0,0.5,0.5,0.012,-2.3,-1.5,-3.8,-0.8,,stausni01,2016
154,Bismack Biyombo,23,TOR,C,82,22,1808,14.9,0.586,0.003,0.785,11.7,29.5,20.8,2.4,0.5,6.1,15.5,11.5,2.8,3.1,5.9,0.156,-1.3,1.1,-0.2,0.8,,biyombi01,2016
155,Amir Johnson,28,BOS,PF,79,76,1800,16.0,0.602,0.101,0.284,10.3,19.6,14.9,11.4,1.4,3.6,16.4,13.6,3.0,2.9,5.9,0.158,-0.4,1.6,1.2,1.4,,johnsam01,2016
156,Chandler Parsons,27,DAL,SF,61,51,1799,16.2,0.589,0.386,0.209,1.8,15.6,8.7,16.0,1.3,1.0,11.8,20.5,2.6,1.6,4.3,0.114,1.8,0.2,2.0,1.8,,parsoch01,2016
157,Marc Gasol,31,MEM,C,52,52,1791,17.7,0.528,0.004,0.347,3.5,20.2,11.5,18.9,1.4,3.6,12.7,23.4,1.8,1.9,3.7,0.098,0.8,0.9,1.7,1.7,,gasolma01,2016
158,Chris Bosh,31,MIA,PF,53,53,1778,20.2,0.571,0.289,0.349,3.2,21.1,12.4,12.1,1.0,1.5,8.1,24.7,4.1,2.3,6.4,0.172,3.6,0.5,4.0,2.7,AS,boshch01,2016
159,Cody Zeller,23,CHO,C,73,60,1774,16.1,0.592,0.023,0.531,8.4,19.7,14.0,6.3,1.6,2.9,11.2,15.4,3.6,2.7,6.3,0.169,-1.1,1.0,-0.1,0.9,,zelleco01,2016
160,Mike Conley,28,MEM,PG,56,56,1761,19.4,0.538,0.309,0.329,1.6,9.3,5.3,32.7,2.0,0.8,9.5,22.4,4.2,1.1,5.3,0.145,3.5,-0.5,3.0,2.2,,conlemi01,2016
161,Thabo Sefolosha,31,ATL,SF,75,11,1758,12.4,0.578,0.333,0.266,3.3,17.1,10.4,8.8,2.4,1.7,14.1,12.3,1.3,3.2,4.5,0.122,-1.5,2.3,0.8,1.3,,sefolth01,2016
162,Shane Larkin,23,BRK,PG,78,17,1751,13.3,0.515,0.215,0.213,1.8,9.9,5.8,29.3,2.7,0.6,21.0,17.7,0.5,1.0,1.4,0.039,-1.6,-0.4,-2.0,0.0,,larkish01,2016
163,Terrence Ross,24,TOR,SF,73,7,1747,12.9,0.551,0.542,0.099,1.4,10.6,6.1,5.3,1.6,1.2,6.6,18.2,2.1,1.6,3.6,0.1,0.6,-0.3,0.3,1.0,,rosste01,2016
164,Nikola Jokić,20,DEN,C,80,55,1733,21.5,0.582,0.14,0.317,11.4,24.7,17.9,18.1,2.3,2.3,13.2,19.9,4.5,2.2,6.7,0.185,2.6,1.3,3.9,2.6,ROY-3,jokicni01,2016
165,Andre Iguodala,32,GSW,SF,65,1,1732,12.2,0.565,0.418,0.226,3.4,12.4,8.2,16.3,2.0,0.8,16.3,12.1,2.3,2.1,4.4,0.122,-0.2,1.3,1.1,1.4,6MOY-2,iguodan01,2016
166,Enes Freedom,23,OKC,C,82,1,1721,24.0,0.626,0.029,0.349,16.7,24.9,21.0,3.1,0.7,1.5,12.2,23.4,6.0,2.1,8.1,0.226,3.3,-2.1,1.2,1.4,6MOY-3,kanteen01,2016
167,Frank Kaminsky,22,CHO,C,81,3,1708,12.5,0.513,0.385,0.282,4.4,17.2,10.7,9.0,1.1,2.0,8.9,17.1,1.2,2.1,3.3,0.093,-1.0,0.2,-0.8,0.5,,kaminfr01,2016
168,Bradley Beal,22,WAS,SG,55,35,1708,15.5,0.547,0.339,0.22,2.6,9.8,6.2,15.6,1.5,0.5,11.3,25.3,1.4,1.3,2.7,0.076,1.2,-0.9,0.3,1.0,,bealbr01,2016
169,Kenneth Faried,26,DEN,PF,67,64,1694,21.0,0.577,0.003,0.355,15.1,23.0,19.0,8.1,0.9,2.9,11.2,21.0,4.0,1.5,5.5,0.156,1.7,-1.4,0.3,1.0,,farieke01,2016
170,Stanley Johnson,19,DET,SF,73,6,1687,8.7,0.46,0.342,0.17,3.6,16.7,9.9,10.8,1.6,0.5,15.0,19.6,-1.3,1.9,0.6,0.018,-3.5,0.2,-3.3,-0.5,,johnsst04,2016
171,Mirza Teletović,30,PHO,PF,79,1,1686,16.2,0.571,0.592,0.199,3.5,16.3,9.7,9.1,0.9,1.0,9.0,23.4,2.9,0.9,3.8,0.109,2.8,-1.4,1.3,1.4,6MOY-16,teletmi01,2016
172,Ed Davis,26,POR,PF,81,0,1684,18.7,0.616,0.0,0.605,14.4,24.2,19.3,7.7,1.7,3.3,13.0,12.7,4.4,2.3,6.7,0.192,1.0,0.9,1.9,1.6,6MOY-8,davised01,2016
173,Shabazz Muhammad,23,MIN,SF,82,0,1682,15.2,0.548,0.223,0.355,7.0,11.4,9.2,5.2,0.7,0.3,8.2,22.8,2.6,0.2,2.7,0.077,0.6,-3.1,-2.5,-0.2,,muhamsh01,2016
174,Marco Belinelli,29,SAC,SG,68,7,1672,9.4,0.5,0.468,0.217,0.7,6.9,3.8,11.1,1.1,0.1,10.3,19.7,0.2,0.3,0.5,0.014,-2.1,-1.7,-3.8,-0.8,,belinma01,2016
175,Corey Brewer,29,HOU,SF,82,12,1669,9.9,0.481,0.406,0.254,2.8,10.4,6.6,10.0,2.5,0.9,11.3,17.8,0.1,1.2,1.2,0.035,-2.7,-0.3,-2.9,-0.4,,breweco01,2016
176,Ramon Sessions,29,WAS,PG,82,5,1667,15.9,0.565,0.188,0.478,1.6,12.2,6.8,22.0,1.3,0.2,13.8,21.8,2.5,1.3,3.8,0.109,0.2,-0.5,-0.3,0.7,,sessira01,2016
177,J.J. Barea,31,DAL,PG,74,16,1667,15.4,0.536,0.366,0.135,1.7,8.3,5.0,31.5,0.8,0.1,13.0,23.8,2.1,0.7,2.8,0.082,1.6,-1.6,0.0,0.9,6MOY-12,bareajo01,2016
178,Marcus Smart,21,BOS,PG,61,10,1667,11.3,0.463,0.456,0.314,4.8,11.6,8.1,15.8,2.7,0.8,11.7,17.4,0.5,2.4,2.9,0.083,-2.2,1.2,-1.0,0.4,,smartma01,2016
179,Kyrie Irving,23,CLE,PG,53,53,1667,19.9,0.54,0.298,0.217,3.0,7.6,5.3,26.6,1.7,0.9,11.4,29.5,3.2,1.7,5.0,0.143,3.2,-0.8,2.3,1.8,,irvinky01,2016
180,Wesley Johnson,28,LAC,SF,80,9,1666,11.0,0.513,0.6,0.089,2.5,13.6,8.1,4.4,2.7,2.6,9.2,16.0,0.0,2.7,2.6,0.076,-1.7,1.5,-0.2,0.8,,johnswe01,2016
181,Patty Mills,27,SAS,PG,81,3,1662,14.6,0.541,0.523,0.095,1.9,8.7,5.4,20.1,1.8,0.3,10.7,19.7,2.2,2.6,4.8,0.139,0.8,0.7,1.5,1.5,,millspa02,2016
182,Michael Carter-Williams,24,MIL,PG,54,37,1649,13.9,0.497,0.099,0.292,3.4,15.7,9.6,26.6,2.5,2.1,19.6,21.3,-0.4,1.6,1.2,0.035,-1.4,0.6,-0.7,0.5,,cartemi01,2016
183,Nikola Mirotić,24,CHI,PF,66,38,1646,15.6,0.564,0.568,0.297,3.8,19.1,11.6,9.4,1.8,2.0,12.9,21.1,1.8,2.2,3.9,0.115,1.0,0.4,1.5,1.5,,mirotni01,2016
184,Randy Foye,32,2TM,SG,81,8,1642,7.6,0.461,0.519,0.154,1.6,8.8,5.2,14.1,1.2,1.4,14.3,15.9,-0.4,0.9,0.4,0.012,-2.7,-0.5,-3.3,-0.5,,foyera01,2016
185,Randy Foye,32,DEN,SG,54,7,1070,7.8,0.457,0.508,0.141,1.6,9.4,5.4,15.6,1.2,1.2,14.1,16.8,-0.5,0.4,0.0,-0.002,-3.0,-0.8,-3.7,-0.5,,foyera01,2016
186,Randy Foye,32,OKC,SG,27,1,572,7.1,0.469,0.544,0.181,1.6,7.8,4.9,11.3,1.1,1.7,14.8,14.1,0.0,0.4,0.4,0.038,-2.2,-0.1,-2.3,0.0,,foyera01,2016
187,Luis Scola,35,TOR,PF,76,76,1636,13.6,0.523,0.269,0.14,6.0,19.0,12.6,6.8,1.5,1.4,9.7,19.5,1.4,1.9,3.3,0.098,-0.8,-0.3,-1.1,0.4,,scolalu01,2016
188,Trevor Booker,28,UTA,PF,79,2,1632,14.4,0.533,0.106,0.273,11.9,20.4,16.2,8.2,1.9,2.1,15.7,14.6,1.8,2.6,4.3,0.128,-1.0,1.0,0.0,0.8,,booketr01,2016
189,Alonzo Gee,28,NOP,SF,73,38,1632,8.4,0.572,0.235,0.259,3.9,13.0,8.3,6.2,1.9,0.7,16.2,9.2,1.0,0.9,1.9,0.056,-3.2,0.6,-2.6,-0.2,,geeal01,2016
190,Markieff Morris,26,2TM,PF,64,45,1629,12.2,0.489,0.216,0.205,4.8,19.3,11.9,12.7,1.7,1.7,14.7,24.2,-1.2,1.7,0.5,0.015,-2.3,-0.1,-2.4,-0.2,,morrima02,2016
191,Markieff Morris,26,PHO,PF,37,24,917,10.8,0.456,0.176,0.213,5.0,18.3,11.5,16.1,1.8,1.5,16.0,26.0,-1.3,0.8,-0.5,-0.029,-3.1,-0.5,-3.7,-0.4,,morrima02,2016
192,Markieff Morris,26,WAS,PF,27,21,712,14.0,0.538,0.275,0.192,4.6,20.5,12.4,8.2,1.7,1.9,12.6,21.9,0.2,0.9,1.1,0.072,-1.3,0.5,-0.9,0.2,,morrima02,2016
193,Dennis Schröder,22,ATL,PG,80,6,1621,15.5,0.51,0.306,0.233,1.7,11.8,6.9,36.1,2.1,0.4,17.5,28.8,-0.2,2.3,2.2,0.064,-0.3,-0.4,-0.8,0.5,6MOY-9,schrode01,2016
194,Tony Allen,34,MEM,SG,64,57,1620,12.9,0.505,0.09,0.294,7.0,14.1,10.4,6.9,3.5,1.0,12.8,16.8,0.5,1.9,2.4,0.072,-2.2,1.2,-1.0,0.4,DPOY-8,allento01,2016
195,Tyson Chandler,33,PHO,C,66,60,1618,14.7,0.606,0.003,0.545,11.5,27.5,19.3,6.0,1.1,2.2,19.3,12.7,2.1,1.6,3.8,0.112,-0.8,-0.2,-1.1,0.4,,chandty01,2016
196,Wayne Ellington,28,BRK,SG,76,41,1615,10.1,0.498,0.478,0.112,1.4,10.9,6.1,7.8,1.5,0.3,7.1,17.5,0.5,0.3,0.8,0.025,-1.5,-1.3,-2.8,-0.3,,ellinwa01,2016
197,T.J. McConnell,23,PHI,PG,81,17,1606,14.5,0.511,0.192,0.088,2.8,14.5,8.5,37.2,2.9,0.5,22.5,17.0,0.6,1.4,1.9,0.058,-1.5,0.3,-1.2,0.3,,mccontj01,2016
198,Lavoy Allen,26,IND,PF,79,28,1599,12.4,0.532,0.0,0.197,11.1,17.8,14.5,7.1,0.8,2.1,14.6,13.0,1.6,2.1,3.7,0.11,-1.7,0.1,-1.6,0.2,,allenla01,2016
199,Jahlil Okafor,20,PHI,C,53,48,1591,17.1,0.536,0.008,0.248,8.1,17.8,12.8,8.2,0.7,2.9,12.5,27.3,0.3,0.9,1.2,0.037,-0.5,-1.8,-2.3,-0.1,ROY-5,okafoja01,2016
200,Gerald Green,30,MIA,SG,69,14,1557,10.1,0.491,0.443,0.157,1.9,9.7,5.9,5.6,1.3,0.9,6.8,19.8,0.3,1.4,1.7,0.052,-2.1,-0.9,-3.1,-0.4,,greenge01,2016
201,Jonas Valančiūnas,23,TOR,C,60,59,1557,22.6,0.61,0.0,0.397,13.8,26.3,20.1,4.8,0.8,4.2,11.9,20.9,4.5,2.4,6.9,0.211,2.1,-0.5,1.7,1.4,,valanjo01,2016
202,Andre Roberson,24,OKC,SG,70,70,1553,10.2,0.566,0.376,0.197,5.9,11.4,8.8,4.0,1.7,2.0,10.5,9.1,1.8,1.6,3.4,0.105,-0.7,1.3,0.5,1.0,,roberan03,2016
203,Tim Duncan,39,SAS,C,61,60,1536,16.9,0.523,0.005,0.297,8.8,23.8,16.6,15.3,1.6,3.9,15.3,17.6,1.6,3.6,5.2,0.163,-0.1,3.1,3.0,2.0,,duncati01,2016
204,Shaun Livingston,30,GSW,PG,78,3,1520,13.8,0.581,0.032,0.245,3.2,8.5,6.0,21.0,1.8,1.3,15.7,14.2,2.9,1.7,4.6,0.145,-0.7,1.1,0.3,0.9,6MOY-11,livinsh01,2016
205,Darrell Arthur,27,DEN,PF,70,16,1516,12.5,0.514,0.239,0.108,6.2,15.4,10.7,10.0,1.8,2.6,11.4,16.7,1.0,1.3,2.3,0.072,-1.3,0.5,-0.8,0.4,,arthuda01,2016
206,Jordan Hill,28,IND,C,73,11,1513,16.4,0.534,0.002,0.228,11.3,21.2,16.3,9.5,1.2,2.0,13.2,20.3,1.6,2.3,3.9,0.124,-0.7,0.0,-0.7,0.5,,hilljo01,2016
207,Jerryd Bayless,27,MIL,SG,52,18,1505,12.4,0.568,0.529,0.206,1.6,9.0,5.4,16.2,1.6,0.6,13.3,16.4,1.8,0.6,2.4,0.075,0.2,-1.0,-0.8,0.4,,bayleje01,2016
208,Raul Neto,23,UTA,PG,81,53,1499,10.2,0.53,0.388,0.167,1.3,8.0,4.7,18.7,2.2,0.1,19.5,17.2,0.2,1.6,1.8,0.058,-2.3,0.3,-2.0,0.0,,netora01,2016
209,Kosta Koufos,26,SAC,C,78,14,1482,15.1,0.54,0.0,0.234,12.4,18.4,15.4,3.3,1.3,3.8,8.9,15.4,2.1,1.4,3.5,0.113,-1.3,-0.6,-2.0,0.0,,koufoko01,2016
210,Eric Gordon,27,NOP,SG,45,44,1481,13.5,0.565,0.533,0.226,0.7,6.9,3.7,12.7,1.4,0.8,10.7,20.3,1.7,0.4,2.1,0.069,0.9,-1.0,-0.1,0.7,,gordoer01,2016
211,Clint Capela,21,HOU,C,77,35,1471,18.3,0.553,0.003,0.531,14.4,22.7,18.5,5.1,2.0,5.2,10.9,16.1,2.4,2.0,4.4,0.144,-0.3,-0.1,-0.4,0.6,,capelca01,2016
212,Austin Rivers,23,LAC,SG,67,7,1464,11.1,0.523,0.359,0.225,1.7,7.9,4.8,10.6,1.6,0.5,9.7,19.4,0.6,1.3,1.9,0.063,-2.2,-0.5,-2.7,-0.2,,riverau01,2016
213,C.J. Miles,28,IND,SF,64,24,1464,14.0,0.547,0.61,0.196,1.9,11.1,6.5,7.0,1.8,1.6,9.2,22.8,1.2,1.9,3.1,0.103,0.6,-0.1,0.5,0.9,,milescj01,2016
214,Tayshaun Prince,35,MIN,SF,77,44,1462,6.3,0.466,0.1,0.083,2.6,9.0,5.8,7.0,1.2,0.7,10.2,8.1,0.1,0.3,0.4,0.014,-2.9,-0.1,-3.0,-0.4,,princta01,2016
215,Maurice Harkless,22,POR,SF,78,14,1457,13.3,0.541,0.341,0.27,7.5,13.3,10.4,6.9,1.7,1.9,11.9,15.6,1.6,1.3,2.9,0.096,-0.5,0.0,-0.5,0.5,,harklma01,2016
216,Andrew Bogut,31,GSW,C,70,66,1451,15.9,0.623,0.004,0.179,9.5,26.0,18.3,14.8,1.1,5.8,21.6,11.4,2.6,2.9,5.4,0.18,-0.9,3.2,2.4,1.6,,bogutan01,2016
217,JaMychal Green,25,MEM,PF,78,15,1446,14.6,0.52,0.091,0.277,10.5,19.3,14.7,7.7,1.6,2.1,13.0,19.8,1.2,1.4,2.6,0.086,-1.5,-1.0,-2.5,-0.2,,greenja01,2016
218,Ben McLemore,22,SAC,SG,68,53,1443,8.6,0.531,0.407,0.226,2.6,8.5,5.6,7.9,1.7,0.6,16.5,17.6,-0.4,0.7,0.3,0.01,-3.1,-0.7,-3.8,-0.7,,mclembe01,2016
219,Derrick Williams,24,NYK,SF,80,9,1435,17.2,0.55,0.265,0.453,3.6,18.7,11.3,8.9,1.0,0.5,8.3,23.3,2.4,1.2,3.6,0.12,1.5,-1.2,0.3,0.8,,willide02,2016
220,Gerald Henderson,28,POR,SG,72,0,1431,12.9,0.526,0.257,0.276,2.3,13.7,8.0,8.2,1.4,1.0,10.3,20.2,1.0,1.0,2.0,0.068,-1.1,-0.7,-1.8,0.1,,hendege02,2016
221,Mario Hezonja,20,ORL,SF,79,9,1413,9.4,0.541,0.459,0.129,2.2,11.8,6.9,11.2,1.4,1.0,18.0,16.9,-0.1,1.0,0.9,0.029,-2.4,-0.7,-3.1,-0.4,,hezonma01,2016
222,Willie Cauley-Stein,22,SAC,C,66,39,1412,15.3,0.588,0.006,0.369,10.3,16.6,13.5,3.8,1.6,3.8,10.5,13.2,2.4,1.4,3.8,0.13,-0.8,0.1,-0.8,0.4,,caulewi01,2016
223,Ty Lawson,28,2TM,PG,66,13,1411,9.7,0.476,0.305,0.243,2.0,7.4,4.7,24.6,1.9,0.4,19.5,14.9,0.2,0.7,0.9,0.031,-2.4,-1.2,-3.6,-0.6,,lawsoty01,2016
224,Ty Lawson,28,HOU,PG,53,12,1176,8.9,0.48,0.328,0.279,1.9,6.5,4.2,22.3,1.8,0.4,20.3,14.8,0.0,0.4,0.4,0.017,-2.6,-1.5,-4.1,-0.6,,lawsoty01,2016
225,Ty Lawson,28,IND,PG,13,1,235,13.7,0.46,0.209,0.09,2.8,11.6,7.2,36.1,2.1,0.3,15.7,15.5,0.2,0.3,0.5,0.103,-1.3,0.2,-1.2,0.0,,lawsoty01,2016
226,David West,35,SAS,PF,78,19,1404,17.6,0.573,0.016,0.179,6.0,18.6,12.5,15.4,1.6,3.0,12.3,18.0,2.4,2.9,5.4,0.184,0.3,2.6,2.9,1.7,,westda01,2016
227,Kelly Olynyk,24,BOS,C,69,8,1395,16.3,0.561,0.378,0.23,5.4,16.2,10.7,11.9,1.8,1.8,10.8,20.9,2.1,2.0,4.1,0.141,1.2,0.8,1.9,1.4,,olynyke01,2016
228,Boris Diaw,33,SAS,PF,76,4,1386,14.0,0.582,0.18,0.198,4.9,13.9,9.6,18.4,1.0,1.2,18.9,17.0,1.6,2.2,3.8,0.132,-0.1,0.9,0.8,1.0,6MOY-12,diawbo01,2016
229,Trey Lyles,20,UTA,PF,80,33,1382,11.6,0.517,0.294,0.188,5.0,20.2,12.6,7.1,1.0,1.1,12.1,17.9,0.6,1.7,2.3,0.079,-1.6,-0.2,-1.8,0.1,,lylestr01,2016
230,Mario Chalmers,29,2TM,PG,61,7,1373,17.3,0.561,0.336,0.59,1.9,11.5,6.5,26.6,3.3,0.9,16.4,21.9,2.3,1.5,3.8,0.132,0.0,1.3,1.3,1.2,,chalmma01,2016
231,Mario Chalmers,29,MIA,PG,6,0,120,9.5,0.437,0.344,0.406,1.0,11.9,6.6,22.3,3.4,0.6,19.3,17.8,-0.1,0.2,0.1,0.038,-5.3,3.2,-2.0,0.0,,chalmma01,2016
232,Mario Chalmers,29,MEM,PG,55,7,1253,18.0,0.57,0.335,0.604,2.0,11.4,6.5,27.0,3.3,0.9,16.2,22.3,2.4,1.3,3.7,0.141,0.6,1.1,1.7,1.2,,chalmma01,2016
233,Lance Stephenson,25,2TM,SF,69,13,1372,13.5,0.548,0.165,0.234,3.2,15.1,9.1,16.2,1.6,0.6,15.2,20.2,0.9,1.3,2.2,0.076,-0.9,-0.3,-1.2,0.3,,stephla01,2016
234,Lance Stephenson,25,LAC,SF,43,10,680,9.8,0.569,0.283,0.181,3.1,14.0,8.7,13.1,1.8,0.3,21.1,15.1,0.1,0.8,0.9,0.066,-2.7,0.7,-1.9,0.0,,stephla01,2016
235,Lance Stephenson,25,MEM,SF,26,3,692,17.1,0.537,0.101,0.263,3.3,16.2,9.5,19.2,1.4,0.8,11.8,25.3,0.8,0.5,1.2,0.086,0.8,-1.3,-0.5,0.3,,stephla01,2016
236,Myles Turner,19,IND,C,60,30,1367,15.4,0.531,0.026,0.228,5.5,21.0,13.3,5.0,0.9,5.1,10.3,20.9,0.8,2.3,3.1,0.109,-2.2,0.6,-1.6,0.1,ROY-8,turnemy01,2016
237,Trey Burke,23,UTA,PG,64,0,1366,14.0,0.507,0.404,0.129,1.5,8.0,4.8,19.7,1.4,0.4,10.7,25.3,0.9,1.2,2.1,0.074,0.7,-1.2,-0.5,0.5,,burketr01,2016
238,Brandon Bass,30,LAL,PF,66,0,1342,17.3,0.619,0.006,0.467,8.1,15.0,11.4,9.2,1.2,3.2,9.9,13.9,3.4,0.7,4.1,0.146,0.6,0.0,0.6,0.9,,bassbr01,2016
239,Anthony Tolliver,30,DET,PF,72,5,1341,10.2,0.543,0.819,0.142,3.1,16.1,9.3,5.6,1.0,0.9,7.4,12.4,1.5,1.3,2.8,0.1,-0.1,0.5,0.4,0.8,,tollian01,2016
240,Meyers Leonard,23,POR,PF,61,10,1333,11.3,0.561,0.524,0.106,4.1,21.4,12.8,10.6,0.3,1.1,14.5,17.4,1.2,1.0,2.2,0.078,-1.1,-0.6,-1.7,0.1,,leoname01,2016
241,Timofey Mozgov,29,CLE,C,76,48,1326,14.6,0.593,0.019,0.265,9.5,19.2,14.4,3.9,0.9,3.5,15.0,16.1,1.8,1.9,3.7,0.133,-1.7,0.3,-1.4,0.2,,mozgoti01,2016
242,Richard Jefferson,35,CLE,SF,74,5,1326,9.7,0.585,0.554,0.279,1.3,9.6,5.5,6.4,1.3,0.9,10.9,13.4,1.4,1.3,2.7,0.099,-1.6,0.5,-1.2,0.3,,jefferi01,2016
243,Donald Sloan,28,BRK,PG,61,33,1318,13.9,0.536,0.283,0.297,1.4,13.5,7.4,30.0,1.2,0.2,16.8,16.1,1.7,0.3,2.0,0.071,-0.3,-1.4,-1.7,0.1,,sloando01,2016
244,Iman Shumpert,25,CLE,SG,54,5,1316,8.4,0.475,0.479,0.167,2.8,14.6,8.7,9.8,2.1,1.2,14.8,13.2,-0.1,1.8,1.7,0.063,-3.0,1.4,-1.5,0.1,,shumpim01,2016
245,Lance Thomas,27,NYK,PF,59,5,1313,10.4,0.557,0.285,0.312,2.9,8.0,5.4,6.4,0.9,0.4,11.6,16.9,1.2,0.5,1.7,0.062,-1.7,-1.5,-3.2,-0.4,,thomala01,2016
246,P.J. Hairston,23,2TM,SF,66,52,1313,6.9,0.47,0.591,0.157,2.1,12.8,7.3,4.4,1.2,0.7,8.6,16.4,-0.6,1.1,0.6,0.021,-3.8,-0.7,-4.5,-0.8,,hairspj02,2016
247,P.J. Hairston,23,CHO,SF,48,43,938,7.4,0.486,0.623,0.152,2.1,13.0,7.5,4.7,1.3,0.6,7.5,15.3,-0.1,1.0,0.9,0.044,-3.5,0.0,-3.5,-0.4,,hairspj02,2016
248,P.J. Hairston,23,MEM,SF,18,9,375,5.7,0.438,0.523,0.167,2.0,12.4,7.0,3.8,1.1,1.0,10.7,19.0,-0.5,0.2,-0.3,-0.039,-4.5,-2.5,-7.0,-0.5,,hairspj02,2016
249,Tony Snell,24,CHI,SF,64,33,1301,6.4,0.478,0.457,0.097,1.6,14.3,8.1,6.9,0.6,1.0,12.8,13.7,-0.5,1.0,0.4,0.016,-3.5,-0.5,-4.0,-0.6,,snellto01,2016
250,Devin Harris,32,DAL,PG,64,0,1280,13.1,0.559,0.422,0.374,1.5,10.3,5.9,14.5,2.4,0.8,13.2,17.9,1.2,1.3,2.5,0.095,-1.4,1.5,0.1,0.7,,harride01,2016
251,Rodney Stuckey,29,IND,PG,58,1,1275,12.6,0.504,0.187,0.357,1.6,11.7,6.7,17.2,1.7,0.5,12.9,20.3,0.5,1.5,2.0,0.077,-1.8,0.4,-1.4,0.2,,stuckro01,2016
252,Luc Mbah a Moute,29,LAC,PF,75,61,1274,7.3,0.498,0.193,0.275,5.2,9.4,7.3,3.3,1.7,1.2,12.8,9.4,0.2,1.3,1.6,0.059,-3.2,0.6,-2.6,-0.2,,mbahalu01,2016
253,Larry Nance Jr.,23,LAL,PF,63,22,1266,13.4,0.544,0.033,0.157,8.3,18.6,13.3,5.7,2.1,1.4,11.3,12.6,1.3,0.9,2.2,0.083,-1.7,0.2,-1.5,0.2,,nancela02,2016
254,Jerian Grant,23,NYK,PG,76,6,1265,11.2,0.479,0.256,0.315,2.0,10.2,6.2,21.8,2.0,0.6,16.3,19.0,-0.2,1.0,0.8,0.03,-2.8,-0.3,-3.1,-0.3,,grantje02,2016
255,E'Twaun Moore,26,CHI,SG,59,22,1263,11.4,0.548,0.267,0.09,1.6,9.3,5.5,12.1,1.5,1.0,11.6,15.9,0.9,1.0,1.8,0.07,-1.9,0.0,-1.9,0.0,,mooreet01,2016
256,Toney Douglas,29,NOP,PG,61,18,1262,14.7,0.543,0.456,0.222,2.1,10.7,6.3,19.1,2.8,0.3,11.6,19.4,1.6,0.9,2.5,0.094,-0.4,0.4,0.0,0.6,,douglto01,2016
257,Jason Terry,38,HOU,SG,72,7,1258,10.2,0.54,0.694,0.088,1.2,5.7,3.5,12.4,1.8,0.6,11.1,15.0,1.1,0.4,1.5,0.057,-0.7,-0.9,-1.6,0.1,,terryja01,2016
258,Jon Leuer,26,PHO,PF,67,27,1255,16.2,0.555,0.236,0.217,6.4,26.3,16.1,9.6,1.5,2.0,12.8,19.8,1.4,1.3,2.7,0.103,0.1,0.0,0.0,0.6,,leuerjo01,2016
259,Kyle Anderson,22,SAS,SF,78,11,1245,12.9,0.528,0.125,0.281,2.4,19.4,11.2,13.7,2.5,1.8,15.1,14.4,0.7,2.8,3.5,0.133,-1.7,3.1,1.4,1.1,,anderky01,2016
260,Joe Ingles,28,UTA,SF,81,2,1241,10.3,0.572,0.722,0.062,1.8,12.4,7.1,12.1,2.3,0.3,17.9,13.5,0.7,1.6,2.3,0.089,-1.4,1.6,0.2,0.7,,inglejo01,2016
261,Aron Baynes,29,DET,C,81,1,1233,17.8,0.563,0.005,0.43,11.9,22.5,17.0,6.6,0.9,3.2,12.8,18.5,2.4,1.7,4.1,0.158,-0.5,0.3,-0.2,0.6,,baynear01,2016
262,Paul Pierce,38,LAC,SF,68,38,1231,8.2,0.489,0.61,0.166,1.1,15.2,8.2,8.5,1.3,1.1,12.0,17.8,-0.6,1.4,0.9,0.033,-3.0,-0.3,-3.3,-0.4,,piercpa01,2016
263,Jeremy Lamb,23,CHO,SG,66,0,1227,15.9,0.529,0.355,0.173,3.9,18.7,11.2,10.9,1.7,2.0,8.4,22.0,1.0,1.8,2.7,0.107,0.1,0.7,0.8,0.9,,lambje01,2016
264,Ronnie Price,32,PHO,PG,62,18,1211,9.6,0.517,0.649,0.136,2.2,6.8,4.4,17.9,3.0,0.9,17.9,13.7,0.4,1.0,1.4,0.056,-3.2,1.4,-1.8,0.1,,pricero01,2016
265,Channing Frye,32,2TM,C,70,32,1200,12.9,0.586,0.677,0.101,3.2,18.6,10.9,8.7,1.2,1.9,10.6,15.1,1.6,1.3,3.0,0.119,0.3,0.5,0.8,0.8,,fryech01,2016
266,Channing Frye,32,ORL,PF,44,29,754,11.8,0.586,0.651,0.113,3.3,17.6,10.4,8.4,1.4,2.2,13.3,13.2,0.8,0.8,1.5,0.097,-0.2,0.9,0.7,0.5,,fryech01,2016
267,Channing Frye,32,CLE,C,26,3,446,14.9,0.586,0.708,0.087,3.1,20.4,11.8,9.1,0.9,1.5,7.2,18.3,0.9,0.6,1.5,0.157,1.3,-0.2,1.0,0.3,,fryech01,2016
268,Norris Cole,27,NOP,PG,45,23,1198,10.8,0.465,0.211,0.134,0.9,13.5,7.0,22.0,1.5,0.3,12.8,21.7,-0.6,0.5,-0.1,-0.004,-2.9,-0.9,-3.8,-0.5,,coleno01,2016
269,Jason Smith,29,ORL,C,76,2,1181,14.6,0.513,0.032,0.133,4.9,15.8,10.3,8.6,1.4,4.6,9.7,22.1,0.4,1.4,1.8,0.072,-2.5,0.3,-2.2,-0.1,,smithja02,2016
270,Ömer Aşık,29,NOP,C,68,64,1178,11.0,0.551,0.0,0.574,10.9,28.7,19.5,3.1,0.9,1.6,19.7,11.4,0.7,1.0,1.7,0.07,-2.8,-1.0,-3.8,-0.5,,asikom01,2016
271,D.J. Augustin,28,2TM,PG,62,0,1178,13.9,0.575,0.48,0.366,0.8,8.0,4.4,25.3,1.6,0.3,17.1,18.0,2.0,0.6,2.6,0.106,0.6,-1.1,-0.4,0.4,,augusdj01,2016
272,D.J. Augustin,28,OKC,PG,34,0,519,8.7,0.522,0.504,0.281,1.1,7.6,4.5,16.7,1.2,0.3,18.1,13.6,0.4,0.3,0.7,0.065,-1.9,-0.4,-2.4,-0.1,,augusdj01,2016
273,D.J. Augustin,28,DEN,PG,28,0,659,18.0,0.601,0.467,0.41,0.5,8.4,4.4,32.0,1.9,0.2,16.6,21.5,1.6,0.3,1.9,0.139,2.7,-1.6,1.1,0.5,,augusdj01,2016
274,Jonas Jerebko,28,BOS,PF,78,0,1176,10.3,0.531,0.378,0.273,6.8,19.4,13.0,7.4,0.8,1.6,14.0,13.5,0.9,1.5,2.4,0.097,-2.0,0.0,-2.0,0.0,,jerebjo01,2016
275,Noah Vonleh,20,POR,PF,78,56,1174,8.6,0.471,0.165,0.183,8.4,19.8,14.1,3.7,1.2,1.7,14.3,13.0,0.0,1.1,1.2,0.047,-3.9,-0.3,-4.2,-0.6,,vonleno01,2016
276,Blake Griffin,26,LAC,PF,35,35,1170,22.1,0.544,0.03,0.322,4.8,22.3,13.7,27.2,1.2,1.1,10.8,29.8,2.2,1.6,3.8,0.156,3.4,1.1,4.5,1.9,,griffbl01,2016
277,JaKarr Sampson,22,2TM,SF,73,40,1160,8.3,0.504,0.199,0.385,4.2,14.0,9.0,6.2,1.0,2.2,15.9,16.6,-0.5,0.6,0.1,0.006,-4.5,-1.0,-5.4,-1.0,,sampsja02,2016
278,JaKarr Sampson,22,PHI,SF,47,18,691,7.7,0.49,0.168,0.48,4.6,16.1,10.2,6.9,0.8,1.8,17.2,18.7,-0.6,0.3,-0.3,-0.021,-5.4,-1.3,-6.7,-0.8,,sampsja02,2016
279,JaKarr Sampson,22,DEN,SF,26,22,469,9.3,0.532,0.252,0.217,3.7,10.8,7.2,5.1,1.3,3.0,13.1,13.5,0.1,0.3,0.4,0.045,-3.2,-0.4,-3.6,-0.2,,sampsja02,2016
280,Mike Scott,27,ATL,PF,75,0,1146,14.0,0.575,0.42,0.168,5.2,14.2,9.8,10.5,1.1,1.2,9.4,17.4,1.7,1.5,3.2,0.132,-0.1,0.0,-0.1,0.6,,scottmi01,2016
281,Manu Ginóbili,38,SAS,SG,58,0,1134,17.8,0.573,0.411,0.257,2.7,11.7,7.3,23.6,3.0,0.8,17.0,23.6,1.5,2.3,3.8,0.16,1.4,2.2,3.6,1.6,,ginobma01,2016
282,Archie Goodwin,21,PHO,PG,57,13,1114,11.1,0.498,0.235,0.457,2.6,11.5,6.9,17.2,1.2,1.0,16.5,23.2,-0.4,0.5,0.1,0.004,-2.1,-1.5,-3.7,-0.5,,goodwar01,2016
283,Marcus Thornton,28,2TM,SG,61,8,1109,14.7,0.511,0.498,0.146,3.8,11.3,7.5,12.9,2.1,0.3,8.1,24.4,1.0,0.7,1.7,0.074,0.9,-1.4,-0.5,0.4,,thornma01,2016
284,Marcus Thornton,28,HOU,SG,47,6,885,14.6,0.512,0.497,0.133,3.8,10.5,7.2,12.8,1.9,0.3,8.0,24.3,0.9,0.4,1.3,0.072,1.1,-1.9,-0.8,0.2,,thornma01,2016
285,Marcus Thornton,28,WAS,SG,14,2,224,15.5,0.508,0.505,0.196,3.4,14.3,8.7,13.4,2.8,0.4,8.6,24.8,0.1,0.3,0.4,0.08,0.4,0.4,0.8,0.2,,thornma01,2016
286,Aaron Brooks,31,CHI,PG,69,0,1108,11.8,0.494,0.394,0.136,2.0,7.5,4.8,26.0,1.4,0.7,14.2,22.9,0.2,0.7,0.9,0.04,-1.3,-1.3,-2.6,-0.2,,brookaa01,2016
287,Josh Richardson,22,MIA,SG,52,2,1107,11.4,0.569,0.423,0.232,2.2,8.5,5.5,9.7,1.7,1.7,10.5,13.8,1.3,1.2,2.5,0.109,-1.1,0.7,-0.4,0.5,,richajo01,2016
288,Bobby Portis,20,CHI,PF,62,4,1102,13.8,0.469,0.119,0.151,12.0,20.0,16.1,7.5,1.1,1.5,10.4,20.7,0.3,1.3,1.5,0.066,-1.5,-1.8,-3.3,-0.4,,portibo01,2016
289,Al Jefferson,31,CHO,C,47,18,1096,18.2,0.507,0.0,0.22,5.6,24.6,15.0,11.8,1.4,3.0,5.8,24.2,1.0,1.8,2.8,0.123,-0.9,0.4,-0.5,0.4,,jeffeal01,2016
290,Kevin Martin,32,2TM,SG,55,13,1095,11.5,0.52,0.325,0.411,1.5,10.0,5.8,8.2,1.2,0.2,9.8,22.6,0.7,0.5,1.2,0.054,-1.6,-1.6,-3.2,-0.4,,martike02,2016
291,Kevin Martin,32,MIN,SG,39,12,834,11.9,0.523,0.308,0.425,1.4,9.8,5.6,8.8,1.0,0.1,9.4,23.5,0.7,0.1,0.8,0.045,-1.2,-2.0,-3.2,-0.3,,martike02,2016
292,Kevin Martin,32,SAS,SG,16,1,261,10.1,0.504,0.388,0.353,1.8,10.6,6.3,6.4,1.8,0.6,11.7,19.5,0.0,0.4,0.4,0.082,-3.1,-0.4,-3.4,-0.1,,martike02,2016
293,Nenê,33,WAS,PF,57,11,1094,16.8,0.564,0.008,0.482,5.2,21.6,13.2,14.1,2.4,1.9,14.0,21.6,1.1,1.6,2.7,0.12,-1.3,1.6,0.4,0.6,,hilarne01,2016
294,O.J. Mayo,28,MIL,SG,41,24,1090,7.7,0.474,0.505,0.125,1.4,9.6,5.5,15.8,2.2,0.6,17.5,17.0,-0.7,0.6,-0.1,-0.005,-3.8,-0.2,-4.0,-0.6,,mayooj01,2016
295,Leandro Barbosa,33,GSW,SG,68,0,1079,11.7,0.545,0.297,0.168,3.0,8.4,5.8,10.6,2.0,0.7,11.8,18.1,0.9,1.2,2.1,0.092,-1.9,-0.1,-2.0,0.0,,barbole01,2016
296,Nemanja Bjelica,27,MIN,PF,60,0,1075,11.2,0.594,0.532,0.234,5.4,17.2,11.4,11.4,1.2,1.6,15.3,12.8,1.4,0.6,1.9,0.087,-0.9,0.2,-0.7,0.3,,bjeline01,2016
297,T.J. Warren,22,PHO,SF,47,4,1070,15.7,0.549,0.159,0.145,5.7,9.3,7.5,7.2,1.7,1.2,6.4,19.9,1.7,0.6,2.2,0.101,0.5,-0.9,-0.5,0.4,,warretj01,2016
298,Eric Bledsoe,26,PHO,PG,31,31,1059,20.0,0.557,0.262,0.35,1.8,11.2,6.4,31.8,2.9,1.5,16.2,27.2,1.6,1.0,2.5,0.116,2.5,0.8,3.3,1.4,,bledser01,2016
299,Shelvin Mack,25,2TM,PG,52,27,1058,13.6,0.507,0.301,0.147,1.4,12.5,7.0,30.6,1.7,0.2,17.7,23.3,0.2,1.2,1.3,0.061,-1.2,-0.4,-1.6,0.1,,macksh01,2016
300,Shelvin Mack,25,ATL,PG,24,0,179,15.4,0.464,0.284,0.126,1.2,11.9,6.7,36.9,2.2,0.0,12.3,28.5,-0.1,0.3,0.2,0.045,-1.9,-1.0,-2.9,0.0,,macksh01,2016
301,Shelvin Mack,25,UTA,PG,28,27,879,13.2,0.52,0.306,0.153,1.5,12.6,7.0,29.3,1.6,0.3,19.2,22.2,0.2,0.9,1.2,0.064,-1.0,-0.3,-1.3,0.2,,macksh01,2016
302,Brandon Rush,30,GSW,SG,72,25,1055,10.1,0.56,0.604,0.108,2.3,15.4,9.2,7.0,0.9,1.6,10.8,12.5,0.8,1.2,2.0,0.09,-0.6,-0.2,-0.8,0.3,,rushbr01,2016
303,Terrence Jones,24,HOU,PF,50,11,1044,13.5,0.519,0.215,0.316,6.5,15.9,11.1,6.3,1.1,3.1,10.5,19.3,0.8,0.7,1.5,0.068,-0.9,-1.2,-2.1,0.0,,joneste01,2016
304,Joffrey Lauvergne,24,DEN,C,59,15,1041,15.7,0.567,0.139,0.182,8.1,23.1,15.4,9.1,0.6,1.2,11.6,19.5,1.6,0.7,2.3,0.105,-0.3,-1.3,-1.6,0.1,,lauvejo01,2016
305,Jameer Nelson,33,DEN,PG,39,15,1036,9.5,0.464,0.469,0.114,2.0,10.4,6.2,27.3,1.2,0.4,17.0,16.4,0.1,0.4,0.5,0.024,-2.2,-0.8,-3.0,-0.3,,nelsoja01,2016
306,Spencer Hawes,27,CHO,PF,57,6,1035,12.4,0.508,0.333,0.212,5.3,20.6,12.9,16.3,1.1,2.1,14.8,17.1,0.6,1.4,1.9,0.09,-1.6,1.0,-0.6,0.3,,hawessp01,2016
307,Nick Young,30,LAL,SG,54,2,1033,9.1,0.483,0.637,0.204,1.4,9.0,5.1,5.4,1.1,0.5,6.9,18.5,0.1,0.0,0.1,0.003,-1.6,-2.1,-3.7,-0.5,,youngni01,2016
308,Jarrett Jack,32,BRK,PG,32,32,1027,14.5,0.505,0.285,0.313,1.0,14.1,7.4,35.0,1.7,0.6,18.8,21.7,0.5,0.4,0.9,0.043,0.0,-0.7,-0.7,0.3,,jackja01,2016
309,Vince Carter,39,MEM,SG,60,3,1005,12.7,0.52,0.493,0.245,3.4,13.6,8.3,8.9,1.9,1.5,8.4,18.5,1.0,0.8,1.8,0.084,-0.4,-0.6,-1.0,0.3,,cartevi01,2016
310,Rashad Vaughn,19,MIL,SG,70,6,1001,4.2,0.398,0.553,0.056,1.3,8.7,5.0,5.5,1.5,1.4,9.3,13.5,-1.2,0.4,-0.8,-0.036,-4.4,-1.3,-5.7,-0.9,,vaughra01,2016
311,Dwight Powell,24,DAL,PF,69,2,992,16.8,0.557,0.054,0.48,9.3,20.9,15.1,7.2,1.8,2.0,10.0,18.4,1.8,1.3,3.1,0.151,-0.6,0.7,0.1,0.5,,poweldw01,2016
312,Steve Blake,35,DET,PG,58,2,986,9.8,0.51,0.629,0.083,1.0,9.2,4.9,29.5,1.2,0.4,24.6,14.6,0.3,0.8,1.1,0.053,-1.7,-0.7,-2.4,-0.1,,blakest01,2016
313,Markel Brown,24,BRK,SG,62,6,982,11.3,0.5,0.376,0.292,2.6,11.5,7.0,13.9,2.0,1.2,12.9,18.9,0.2,0.4,0.6,0.031,-2.1,-0.8,-3.0,-0.3,,brownma02,2016
314,Kyle Singler,27,OKC,SF,68,2,977,6.6,0.481,0.439,0.199,5.9,9.6,7.9,3.2,1.5,0.7,11.7,11.9,0.3,0.8,1.1,0.054,-3.1,-0.1,-3.2,-0.3,,singlky01,2016
315,John Henson,25,MIL,C,57,1,960,18.6,0.58,0.003,0.402,10.4,15.8,13.2,9.0,1.0,9.7,15.7,19.1,1.2,1.1,2.3,0.117,-1.2,1.3,0.2,0.5,,hensojo01,2016
316,Chase Budinger,27,2TM,SF,66,2,929,10.7,0.514,0.36,0.234,5.0,12.6,8.8,10.2,1.7,0.9,14.3,14.5,0.4,1.0,1.4,0.073,-1.8,0.5,-1.3,0.2,,budinch01,2016
317,Chase Budinger,27,IND,SF,49,2,729,11.1,0.502,0.356,0.247,4.7,13.4,9.1,9.9,2.0,1.0,12.6,14.9,0.3,1.0,1.3,0.084,-1.7,0.9,-0.7,0.2,,budinch01,2016
318,Chase Budinger,27,PHO,SF,17,0,200,9.2,0.567,0.378,0.178,6.4,9.4,7.9,11.4,0.7,0.4,21.1,13.1,0.1,0.0,0.1,0.034,-2.2,-1.1,-3.4,-0.1,,budinch01,2016
319,Anthony Morrow,30,OKC,SG,68,6,926,10.7,0.543,0.613,0.117,1.2,5.8,3.6,3.7,1.2,0.4,4.6,16.9,1.4,0.5,1.9,0.097,-0.1,-1.0,-1.1,0.2,,morroan01,2016
320,James Johnson,28,TOR,PF,57,32,926,11.4,0.532,0.275,0.283,3.5,11.9,7.8,11.4,1.6,2.9,16.7,15.9,0.3,1.0,1.3,0.068,-1.5,0.5,-1.0,0.2,,johnsja01,2016
321,Thomas Robinson,24,BRK,PF,71,7,917,14.5,0.453,0.003,0.375,16.4,27.8,22.0,7.7,2.1,3.2,16.9,19.8,-0.5,1.1,0.6,0.033,-2.7,-1.1,-3.8,-0.4,,robinth01,2016
322,Sasha Vujačić,31,NYK,SG,61,25,908,11.1,0.503,0.516,0.141,3.2,14.6,9.0,14.3,1.9,0.4,13.0,16.8,0.3,0.8,1.1,0.06,-1.5,0.3,-1.2,0.2,,vujacsa01,2016
323,David Lee,32,2TM,PF,55,5,903,19.6,0.568,0.003,0.278,12.0,24.6,18.3,15.5,1.2,2.5,14.9,21.5,1.7,1.4,3.0,0.161,0.7,0.6,1.3,0.7,,leeda02,2016
324,David Lee,32,BOS,PF,30,4,470,15.5,0.499,0.005,0.266,9.1,20.4,14.7,18.3,1.2,2.2,15.1,22.9,0.2,0.7,0.9,0.092,-0.7,0.7,0.0,0.2,,leeda02,2016
325,David Lee,32,DAL,PF,25,1,433,24.0,0.66,0.0,0.294,15.2,29.1,22.2,12.5,1.2,2.9,14.8,20.0,1.5,0.7,2.1,0.237,2.3,0.6,2.8,0.5,,leeda02,2016
326,Josh Smith,30,2TM,PF,55,7,880,10.6,0.439,0.41,0.192,6.4,17.4,11.9,15.9,1.9,4.3,16.9,22.9,-1.2,1.2,0.0,0.0,-3.5,0.4,-3.1,-0.2,,smithjo03,2016
327,Josh Smith,30,LAC,PF,32,1,459,13.2,0.456,0.322,0.233,8.0,21.5,14.8,14.3,2.0,5.8,17.1,23.6,-0.6,0.9,0.3,0.036,-2.8,2.3,-0.5,0.2,,smithjo03,2016
328,Josh Smith,30,HOU,PF,23,6,421,7.7,0.419,0.503,0.148,4.7,12.9,8.8,17.7,1.9,2.6,16.7,22.1,-0.7,0.3,-0.4,-0.04,-4.3,-1.6,-5.9,-0.4,,smithjo03,2016
329,Quincy Acy,25,SAC,PF,59,29,876,14.7,0.629,0.229,0.318,8.1,15.1,11.6,4.4,1.6,2.2,10.0,13.1,1.8,0.7,2.5,0.137,-0.2,0.2,-0.1,0.4,,acyqu01,2016
330,Miles Plumlee,27,MIL,C,61,14,870,17.4,0.606,0.0,0.253,12.5,18.0,15.2,2.9,1.2,4.9,13.4,15.5,1.4,0.8,2.2,0.124,-0.2,-1.3,-1.5,0.1,,plumlmi01,2016
331,Marcelo Huertas,32,LAL,PG,53,0,869,10.4,0.488,0.265,0.126,2.2,9.2,5.6,33.9,1.5,0.6,24.8,16.3,-0.2,0.1,-0.1,-0.006,-2.7,-2.2,-5.0,-0.7,,huertma01,2016
332,Brandon Jennings,26,2TM,PG,48,7,868,13.7,0.491,0.51,0.257,2.0,10.4,6.1,29.2,1.7,0.7,14.4,20.0,0.8,0.7,1.5,0.082,0.2,-0.7,-0.4,0.3,,jennibr01,2016
333,Brandon Jennings,26,DET,PG,23,1,416,13.1,0.491,0.538,0.266,1.3,11.2,6.0,25.7,1.3,0.4,12.1,19.0,0.4,0.4,0.8,0.094,0.1,-0.2,0.0,0.2,,jennibr01,2016
334,Brandon Jennings,26,ORL,PG,25,6,452,14.3,0.49,0.484,0.248,2.7,9.7,6.1,32.4,2.0,0.9,16.4,20.9,0.3,0.4,0.7,0.071,0.3,-1.2,-0.8,0.1,,jennibr01,2016
335,Solomon Hill,24,IND,SF,59,3,866,12.2,0.543,0.356,0.202,4.9,15.9,10.5,9.6,2.1,1.0,12.7,13.2,0.8,1.3,2.1,0.117,-1.1,1.2,0.1,0.5,,hillso01,2016
336,Tim Hardaway Jr.,23,ATL,SG,51,1,864,11.7,0.563,0.536,0.211,0.9,9.8,5.4,8.9,1.2,0.6,7.4,16.2,0.9,1.0,1.9,0.105,-1.1,0.2,-0.9,0.2,,hardati02,2016
337,Tyler Johnson,23,MIA,SG,36,5,863,13.8,0.579,0.292,0.263,3.8,10.3,7.2,13.9,1.4,1.2,14.8,16.8,1.2,0.9,2.0,0.113,-0.1,0.7,0.7,0.6,,johnsty01,2016
338,Alexis Ajinça,27,NOP,C,59,17,861,13.8,0.514,0.003,0.197,9.3,25.9,17.3,5.8,1.1,3.4,13.6,20.4,0.2,0.9,1.0,0.058,-3.4,-0.6,-4.0,-0.4,,ajincal01,2016
339,Chris Johnson,25,UTA,SF,70,2,857,8.2,0.482,0.51,0.216,3.7,14.3,9.0,8.0,2.0,2.0,15.8,13.6,-0.1,1.2,1.1,0.059,-3.3,1.3,-2.0,0.0,,johnsch04,2016
340,Johnny O'Bryant,22,MIL,PF,66,4,857,7.4,0.441,0.005,0.191,8.7,14.7,11.7,5.4,1.1,0.8,12.0,13.5,-0.2,0.4,0.3,0.014,-4.2,-1.7,-5.9,-0.8,,obryajo01,2016
341,Luke Babbitt,26,NOP,SF,47,13,845,11.6,0.526,0.377,0.173,3.2,16.7,9.7,9.6,0.6,0.7,6.9,17.5,0.8,0.3,1.1,0.064,-1.0,-1.5,-2.5,-0.1,,babbilu01,2016
342,Kris Humphries,30,3TM,PF,53,17,835,13.1,0.517,0.366,0.285,7.5,21.5,14.4,6.6,0.9,2.2,10.3,19.5,0.5,1.1,1.6,0.093,-1.6,-0.4,-2.0,0.0,,humphkr01,2016
343,Kris Humphries,30,WAS,PF,28,14,466,11.8,0.524,0.424,0.196,6.1,21.8,13.8,5.0,0.3,2.4,10.4,18.0,0.3,0.5,0.7,0.073,-1.4,-0.9,-2.3,0.0,,humphkr01,2016
344,Kris Humphries,30,PHO,PF,4,3,74,13.5,0.367,0.278,0.222,15.8,31.5,23.5,14.8,2.0,2.2,9.2,25.0,-0.1,0.1,0.0,0.012,-1.1,-1.6,-2.7,0.0,,humphkr01,2016
345,Kris Humphries,30,ATL,PF,21,0,295,14.9,0.555,0.307,0.446,7.6,18.5,13.1,6.9,1.7,1.9,10.4,20.4,0.4,0.5,0.9,0.143,-2.2,0.8,-1.4,0.0,,humphkr01,2016
346,Marreese Speights,28,GSW,C,72,0,832,17.1,0.506,0.136,0.25,10.6,19.8,15.5,11.4,1.1,3.0,11.5,29.7,0.5,1.2,1.8,0.102,-2.3,-1.5,-3.7,-0.4,,speigma01,2016
347,Pablo Prigioni,38,LAC,PG,59,3,823,10.2,0.482,0.646,0.054,5.1,9.9,7.5,21.8,3.2,0.1,24.6,11.0,0.3,1.1,1.5,0.087,-2.5,2.1,-0.4,0.3,,prigipa01,2016
348,Andrew Nicholson,26,ORL,PF,56,0,823,14.8,0.567,0.368,0.21,4.5,22.8,13.5,4.8,0.6,2.2,10.8,20.4,0.8,0.8,1.6,0.092,0.0,-1.1,-1.1,0.2,,nichoan01,2016
349,Jonathon Simmons,26,SAS,SG,55,2,813,11.9,0.586,0.194,0.38,2.3,10.8,6.7,10.4,1.5,0.5,15.8,18.9,0.7,1.3,2.0,0.119,-3.1,0.4,-2.7,-0.2,,simmojo02,2016
350,Gary Neal,31,WAS,SG,40,2,807,13.5,0.558,0.308,0.169,1.5,10.2,5.8,9.2,1.2,0.1,7.7,20.5,0.9,0.5,1.4,0.085,-0.1,-1.3,-1.5,0.1,,nealga01,2016
351,Cole Aldrich,27,LAC,C,60,5,800,21.3,0.626,0.0,0.373,11.9,27.1,19.6,10.0,2.9,6.7,19.6,18.4,1.4,2.0,3.5,0.209,-0.9,3.4,2.4,0.9,,aldrico01,2016
352,Alec Burks,24,UTA,SG,31,3,797,14.3,0.52,0.237,0.422,2.4,13.6,8.0,13.9,1.2,0.4,11.4,25.9,0.7,0.8,1.5,0.09,0.2,-0.6,-0.4,0.3,,burksal01,2016
353,DeMarre Carroll,29,TOR,SF,26,22,786,11.9,0.49,0.437,0.185,4.6,13.1,8.9,5.5,2.9,0.6,8.8,18.5,0.2,1.0,1.2,0.074,-0.8,1.1,0.3,0.5,,carrode01,2016
354,Justin Holiday,26,2TM,SG,53,5,773,9.4,0.489,0.461,0.162,1.7,10.5,6.2,10.7,2.1,1.8,13.8,16.2,-0.3,0.9,0.6,0.04,-3.3,0.1,-3.1,-0.2,,holidju01,2016
355,Justin Holiday,26,ATL,SG,26,1,263,4.7,0.407,0.616,0.137,1.7,9.3,5.6,5.9,2.4,1.2,14.4,15.4,-0.5,0.4,-0.1,-0.021,-6.1,0.4,-5.6,-0.2,,holidju01,2016
356,Justin Holiday,26,CHI,SG,27,4,510,11.8,0.527,0.387,0.174,1.7,11.1,6.5,13.2,1.9,2.1,13.5,16.6,0.2,0.5,0.8,0.072,-1.9,0.0,-1.9,0.0,,holidju01,2016
357,Festus Ezeli,26,GSW,C,46,13,770,17.7,0.559,0.0,0.579,13.5,21.9,18.0,5.8,1.1,4.8,11.7,18.2,1.4,1.3,2.7,0.171,-0.6,0.4,-0.1,0.4,,ezelife01,2016
358,Tyreke Evans,26,NOP,SG,25,25,765,17.9,0.534,0.271,0.296,2.8,16.4,9.3,34.6,2.1,0.9,17.1,24.7,0.8,0.6,1.4,0.087,1.8,-0.1,1.7,0.7,,evansty01,2016
359,Kyle O'Quinn,25,NYK,PF,65,1,764,17.5,0.52,0.081,0.221,11.0,24.5,17.9,15.9,1.3,4.9,17.0,21.2,0.5,1.2,1.6,0.103,-1.0,1.4,0.4,0.5,,oquinky01,2016
360,Amar'e Stoudemire,33,MIA,C,52,36,762,17.3,0.599,0.0,0.303,10.0,22.6,16.5,5.6,1.2,4.1,15.8,17.8,1.1,1.3,2.4,0.15,-1.3,0.6,-0.6,0.3,,stoudam01,2016
361,Mo Williams,33,CLE,PG,41,14,748,12.4,0.527,0.338,0.139,0.9,9.9,5.4,21.1,1.0,0.5,15.1,22.8,0.4,0.7,1.1,0.067,-0.9,-0.6,-1.5,0.1,,willima01,2016
362,Tim Frazier,25,2TM,PG,51,2,741,13.9,0.499,0.21,0.323,3.8,12.8,8.2,33.3,2.2,0.2,19.9,19.4,0.4,0.5,1.0,0.062,-1.5,-0.5,-2.0,0.0,,fraziti01,2016
363,Tim Frazier,25,POR,PG,35,1,272,4.7,0.383,0.283,0.25,4.4,11.2,7.8,21.3,1.8,0.3,28.8,15.0,-0.5,0.2,-0.3,-0.051,-6.3,-0.4,-6.8,-0.3,,fraziti01,2016
364,Tim Frazier,25,NOP,PG,16,1,469,19.1,0.539,0.183,0.349,3.4,13.7,8.4,40.3,2.4,0.2,16.3,22.0,0.9,0.3,1.2,0.128,1.3,-0.6,0.8,0.3,,fraziti01,2016
365,Norman Powell,22,TOR,SG,49,24,725,13.3,0.541,0.389,0.231,2.6,14.8,8.8,10.4,2.1,1.1,11.3,17.8,0.7,0.9,1.6,0.105,-0.5,0.3,-0.3,0.3,,powelno01,2016
366,James Anderson,26,SAC,SG,51,15,721,6.0,0.469,0.483,0.163,2.0,10.9,6.5,7.7,1.4,1.6,18.0,13.7,-0.6,0.4,-0.3,-0.017,-3.9,-0.6,-4.5,-0.5,,anderja01,2016
367,Tyler Zeller,26,BOS,C,60,3,710,15.4,0.539,0.0,0.372,9.1,17.6,13.3,6.6,0.7,2.4,12.0,23.0,0.8,0.9,1.7,0.114,-2.1,-1.2,-3.3,-0.2,,zellety01,2016
368,Beno Udrih,33,2TM,PG,44,5,707,9.5,0.496,0.222,0.101,1.3,10.0,5.8,24.9,1.0,0.1,20.4,16.7,-0.1,0.5,0.4,0.029,-2.7,-1.0,-3.6,-0.3,,udrihbe01,2016
369,Beno Udrih,33,MEM,PG,8,0,120,12.6,0.497,0.239,0.065,1.8,7.0,4.3,36.4,1.3,0.8,18.9,21.8,0.0,0.0,0.1,0.024,-0.2,-1.7,-1.9,0.0,,udrihbe01,2016
370,Beno Udrih,33,MIA,PG,36,5,587,8.9,0.495,0.217,0.112,1.2,10.7,6.1,22.5,1.0,0.0,20.8,15.7,-0.1,0.5,0.4,0.03,-3.2,-0.8,-4.0,-0.3,,udrihbe01,2016
371,Dewayne Dedmon,26,ORL,C,58,20,705,17.0,0.606,0.0,0.429,10.4,25.7,17.9,2.7,1.6,5.4,13.2,15.2,1.2,1.1,2.4,0.162,-1.6,0.7,-0.9,0.2,,dedmode01,2016
372,Mike Dunleavy,35,CHI,SF,31,30,703,9.1,0.543,0.527,0.197,1.2,11.0,6.2,8.1,1.0,1.0,11.3,14.4,0.4,0.5,0.9,0.063,-2.6,-0.9,-3.5,-0.3,,dunlemi02,2016
373,Richaun Holmes,22,PHI,PF,51,1,702,15.9,0.564,0.198,0.333,9.3,11.7,10.5,8.0,1.3,4.3,11.2,17.9,1.0,0.5,1.5,0.103,-1.1,-0.4,-1.5,0.1,,holmeri01,2016
374,Nick Collison,35,OKC,PF,59,4,699,7.7,0.498,0.018,0.303,11.2,15.2,13.3,9.6,1.1,1.7,28.8,10.6,0.1,0.7,0.8,0.053,-3.6,0.5,-3.1,-0.2,,collini01,2016
375,Cameron Payne,21,OKC,PG,57,1,698,12.9,0.49,0.399,0.086,1.5,11.2,6.6,22.5,2.6,0.7,13.2,20.3,0.6,0.8,1.4,0.093,-1.3,0.6,-0.7,0.2,,payneca01,2016
376,Seth Curry,25,SAC,PG,44,9,692,13.8,0.603,0.496,0.241,1.4,7.9,4.7,14.2,1.5,0.4,12.7,17.4,1.2,0.2,1.4,0.097,0.7,-0.9,-0.2,0.3,,curryse01,2016
377,Kelly Oubre Jr.,20,WAS,SF,63,9,671,8.2,0.507,0.374,0.232,4.1,18.4,11.1,2.8,1.6,0.8,12.8,17.4,-0.3,0.7,0.4,0.031,-4.6,-0.5,-5.1,-0.5,,oubreke01,2016
378,Charlie Villanueva,31,DAL,PF,62,4,665,11.9,0.473,0.526,0.073,4.0,21.1,12.5,6.2,1.4,1.9,8.4,25.3,-0.6,0.8,0.2,0.016,-1.9,-0.8,-2.7,-0.1,,villach01,2016
379,Jeff Withey,25,UTA,C,51,10,658,17.7,0.577,0.012,0.364,10.0,20.7,15.4,5.0,1.7,6.8,13.0,15.1,1.1,1.3,2.3,0.171,-1.0,2.0,1.0,0.5,,witheje01,2016
380,C.J. Watson,31,ORL,PG,33,2,656,8.6,0.461,0.35,0.285,1.7,9.6,5.6,18.1,1.4,0.6,14.0,12.1,0.2,0.4,0.6,0.047,-3.0,-0.1,-3.0,-0.2,,watsocj01,2016
381,Tyler Ennis,21,MIL,PG,46,7,654,10.7,0.51,0.209,0.182,2.3,10.7,6.6,21.9,1.9,0.1,18.6,17.1,0.1,0.3,0.4,0.03,-3.1,-1.1,-4.3,-0.4,,ennisty01,2016
382,Justin Anderson,22,DAL,SF,55,9,647,12.3,0.522,0.474,0.314,3.1,19.3,11.2,6.8,1.5,3.2,10.8,15.8,0.3,0.8,1.1,0.083,-1.1,1.4,0.3,0.4,,anderju01,2016
383,Joakim Noah,30,CHI,C,29,2,635,14.1,0.406,0.008,0.338,14.7,27.3,21.1,24.2,1.4,3.3,25.4,14.2,0.0,1.1,1.1,0.079,-1.5,3.1,1.6,0.6,,noahjo01,2016
384,Andrea Bargnani,30,BRK,C,46,0,634,11.8,0.5,0.057,0.204,4.9,12.4,8.6,4.8,0.3,1.1,7.9,23.2,0.1,0.0,0.2,0.013,-2.6,-2.6,-5.1,-0.5,,bargnan01,2016
385,Kirk Hinrich,35,2TM,PG,46,7,631,7.2,0.504,0.481,0.124,1.4,10.2,5.9,16.0,1.2,0.2,18.1,11.6,0.1,0.5,0.6,0.044,-3.9,0.5,-3.5,-0.2,,hinriki01,2016
386,Kirk Hinrich,35,CHI,PG,35,7,555,7.3,0.528,0.475,0.136,1.4,9.5,5.5,15.0,1.2,0.1,17.8,12.0,0.2,0.4,0.6,0.048,-3.9,0.3,-3.6,-0.2,,hinriki01,2016
387,Kirk Hinrich,35,ATL,PG,11,0,76,6.2,0.227,0.545,0.0,1.5,15.4,8.6,23.8,1.3,1.0,21.4,8.2,-0.1,0.1,0.0,0.019,-4.3,1.8,-2.5,0.0,,hinriki01,2016
388,Sean Kilpatrick,26,2TM,SG,31,0,616,15.6,0.576,0.422,0.248,2.1,8.2,5.1,8.0,1.0,0.3,9.4,23.8,1.0,0.0,1.0,0.076,1.0,-3.1,-2.2,0.0,,kilpase01,2016
389,Sean Kilpatrick,26,DEN,SG,8,0,82,8.0,0.551,0.81,0.381,2.7,5.5,4.1,5.4,1.2,0.0,14.0,15.2,0.0,0.0,0.1,0.037,-2.3,-1.4,-3.8,0.0,,kilpase01,2016
390,Sean Kilpatrick,26,BRK,SG,23,0,534,16.7,0.578,0.39,0.237,2.1,8.6,5.3,8.4,0.9,0.3,8.9,25.2,0.9,0.0,0.9,0.082,1.5,-3.4,-1.9,0.0,,kilpase01,2016
391,Rondae Hollis-Jefferson,21,BRK,SF,29,17,615,14.2,0.519,0.101,0.377,7.0,21.4,14.1,10.1,3.2,2.1,13.9,13.5,0.5,0.7,1.2,0.094,-1.4,2.2,0.8,0.4,,holliro01,2016
392,Shabazz Napier,24,ORL,PG,55,0,600,9.6,0.46,0.517,0.224,1.6,8.6,5.1,23.1,1.9,0.1,17.2,19.7,-0.3,0.4,0.1,0.004,-2.0,-1.0,-3.0,-0.2,,napiesh01,2016
393,Anthony Brown,23,LAL,SF,29,11,599,4.9,0.427,0.556,0.159,1.6,11.3,6.3,4.8,1.2,0.7,10.0,11.0,-0.4,0.1,-0.3,-0.024,-4.5,-1.0,-5.5,-0.5,,brownan02,2016
394,Josh McRoberts,28,MIA,PF,42,1,595,9.9,0.453,0.331,0.27,4.3,15.3,10.0,19.4,1.6,0.9,15.3,15.0,0.1,0.7,0.8,0.064,-2.6,1.0,-1.6,0.1,,mcrobjo01,2016
395,Metta World Peace,36,LAL,SF,35,5,590,8.3,0.435,0.475,0.322,3.4,13.2,8.1,7.2,1.9,1.5,6.9,16.2,-0.2,0.3,0.1,0.008,-3.2,-0.3,-3.5,-0.2,,artesro01,2016
396,Tiago Splitter,31,ATL,C,36,2,579,13.7,0.571,0.013,0.31,8.7,13.8,11.3,7.9,1.7,1.6,12.0,15.5,0.9,0.9,1.7,0.144,-2.2,0.5,-1.7,0.0,,splitti01,2016
397,Ian Clark,24,GSW,SG,66,1,578,11.5,0.544,0.416,0.168,2.6,9.7,6.3,15.3,1.4,1.7,16.5,19.5,0.3,0.6,0.9,0.075,-1.5,-0.4,-1.9,0.0,,clarkia01,2016
398,Tyus Jones,19,MIN,PG,37,0,573,11.2,0.45,0.34,0.25,1.4,8.0,4.8,27.7,2.7,0.4,16.0,16.1,0.0,0.3,0.3,0.027,-1.9,-0.5,-2.4,-0.1,,jonesty01,2016
399,Carl Landry,32,PHI,PF,36,12,569,22.4,0.605,0.052,0.364,9.1,19.2,14.0,11.1,1.0,1.2,7.1,24.0,1.8,0.3,2.1,0.176,2.6,-1.4,1.2,0.5,,landrca01,2016
400,Mike Muscala,24,ATL,C,60,0,565,13.6,0.576,0.257,0.257,7.5,14.9,11.3,9.1,1.1,3.8,13.8,15.5,0.7,0.9,1.6,0.136,-2.1,1.2,-0.9,0.2,,muscami01,2016
401,Kevin Garnett,39,MIN,PF,38,38,556,12.3,0.491,0.009,0.183,3.2,27.9,15.7,16.4,2.5,1.5,11.4,11.3,0.4,0.7,1.1,0.092,-1.6,3.1,1.5,0.5,,garneke01,2016
402,Donatas Motiejūnas,25,HOU,PF,37,22,547,11.3,0.504,0.278,0.259,7.4,14.6,11.0,12.2,1.5,0.8,16.2,21.4,0.0,0.3,0.3,0.026,-2.8,-1.7,-4.5,-0.3,,motiedo01,2016
403,Jusuf Nurkić,21,DEN,C,32,3,547,15.9,0.46,0.012,0.409,12.9,22.7,17.7,12.3,2.2,6.5,16.1,27.2,-0.5,0.9,0.4,0.031,-3.6,0.7,-2.9,-0.1,,nurkiju01,2016
404,Kendrick Perkins,31,NOP,C,37,5,542,6.0,0.529,0.0,0.333,4.9,21.8,13.1,7.9,1.0,1.7,32.3,10.4,-0.4,0.4,-0.1,-0.007,-5.2,0.2,-5.0,-0.4,,perkike01,2016
405,Kevin Séraphin,26,NYK,C,48,0,526,10.8,0.435,0.01,0.112,6.5,19.5,13.1,14.8,0.8,5.2,16.7,22.2,-0.8,0.7,-0.2,-0.015,-4.4,0.6,-3.8,-0.2,,serapke01,2016
406,Boban Marjanović,27,SAS,C,54,4,508,27.7,0.662,0.0,0.655,16.9,26.2,21.7,6.6,1.2,3.5,11.5,22.8,2.3,1.2,3.4,0.325,3.9,0.4,4.3,0.8,,marjabo01,2016
407,Glenn Robinson III,22,IND,SF,45,4,508,11.4,0.508,0.245,0.258,2.6,12.0,7.3,7.7,1.7,1.4,9.7,16.1,0.2,0.6,0.8,0.078,-1.6,0.5,-1.1,0.1,,robingl02,2016
408,Sonny Weems,29,2TM,SF,43,0,499,3.7,0.459,0.373,0.136,1.5,10.3,5.8,14.2,1.0,0.2,26.0,13.5,-0.7,0.1,-0.5,-0.053,-5.6,-1.7,-7.3,-0.7,,weemsso01,2016
409,Sonny Weems,29,PHO,SG,36,0,421,4.3,0.475,0.36,0.146,1.5,9.2,5.3,16.2,1.2,0.2,28.1,13.3,-0.5,0.1,-0.4,-0.043,-5.2,-1.5,-6.7,-0.5,,weemsso01,2016
410,Sonny Weems,29,PHI,SF,7,0,78,0.8,0.388,0.429,0.095,1.3,15.9,8.4,3.9,0.0,0.0,15.5,14.5,-0.2,0.0,-0.2,-0.104,-7.5,-2.7,-10.2,-0.2,,weemsso01,2016
411,Tarik Black,24,LAL,C,39,0,496,12.3,0.537,0.0,0.433,9.2,25.4,17.0,5.2,1.4,2.9,15.1,12.9,0.3,0.4,0.7,0.072,-3.1,-0.2,-3.3,-0.2,,blackta01,2016
412,Anderson Varejão,33,2TM,C,53,0,496,11.1,0.473,0.008,0.403,8.5,22.8,15.8,9.8,1.6,1.6,13.1,15.0,0.3,0.8,1.0,0.101,-3.5,0.6,-2.9,-0.1,,varejan01,2016
413,Anderson Varejão,33,CLE,C,31,0,310,11.2,0.469,0.013,0.276,8.8,24.3,16.6,9.3,1.8,1.3,15.8,14.8,0.1,0.5,0.6,0.089,-3.4,1.0,-2.4,0.0,,varejan01,2016
414,Anderson Varejão,33,GSW,C,22,0,186,11.0,0.477,0.0,0.604,8.0,20.2,14.5,10.5,1.3,2.0,9.0,15.5,0.2,0.3,0.5,0.12,-3.7,0.1,-3.6,-0.1,,varejan01,2016
415,Adreian Payne,24,MIN,PF,52,2,486,5.6,0.422,0.221,0.179,4.8,21.5,13.3,8.9,1.7,1.8,18.7,17.7,-0.9,0.4,-0.5,-0.047,-6.1,-0.2,-6.2,-0.5,,paynead01,2016
416,John Jenkins,24,2TM,SG,43,3,480,10.0,0.522,0.319,0.15,1.8,11.3,6.5,11.7,0.8,0.2,13.7,18.1,0.0,0.2,0.2,0.022,-1.9,-1.0,-2.9,-0.1,,jenkijo01,2016
417,John Jenkins,24,DAL,SG,21,1,193,7.2,0.466,0.271,0.129,2.3,10.2,6.3,7.6,0.8,0.0,12.9,20.1,-0.2,0.1,-0.1,-0.033,-4.3,-1.3,-5.7,-0.2,,jenkijo01,2016
418,John Jenkins,24,PHO,SG,22,2,287,11.9,0.564,0.356,0.167,1.5,12.0,6.6,14.4,0.8,0.3,14.2,16.7,0.3,0.1,0.4,0.059,-0.3,-0.7,-1.1,0.1,,jenkijo01,2016
419,Troy Daniels,24,CHO,SG,43,0,476,14.9,0.634,0.652,0.048,1.6,11.6,6.5,7.6,1.2,0.5,11.2,20.4,0.6,0.4,1.1,0.11,1.8,-1.0,0.7,0.3,,danietr01,2016
420,Ray McCallum,24,2TM,PG,41,6,475,9.1,0.449,0.288,0.103,1.9,9.3,5.6,18.5,1.3,1.2,13.6,16.8,-0.2,0.5,0.3,0.034,-2.6,-0.5,-3.1,-0.1,,mccalra01,2016
421,Ray McCallum,24,SAS,PG,31,3,256,10.3,0.476,0.239,0.149,2.8,10.8,6.9,17.7,1.0,1.2,13.3,14.7,0.1,0.4,0.5,0.092,-2.3,0.5,-1.7,0.0,,mccalra01,2016
422,Ray McCallum,24,MEM,PG,10,3,219,7.7,0.425,0.329,0.063,1.0,7.6,4.2,19.5,1.6,1.3,13.8,19.3,-0.3,0.1,-0.2,-0.033,-3.0,-1.6,-4.7,-0.1,,mccalra01,2016
423,Jason Thompson,29,2TM,C,47,7,471,14.2,0.558,0.139,0.5,7.9,23.4,15.9,8.5,1.3,3.3,10.2,13.9,0.9,0.7,1.6,0.165,-2.1,1.2,-0.8,0.1,,thompja02,2016
424,Jason Thompson,29,GSW,C,28,1,179,13.3,0.535,0.0,0.762,6.4,25.0,16.2,13.9,1.1,3.3,11.1,15.2,0.3,0.3,0.6,0.169,-3.4,2.2,-1.3,0.0,,thompja02,2016
425,Jason Thompson,29,TOR,C,19,6,292,14.7,0.575,0.227,0.333,8.8,22.4,15.7,5.3,1.4,3.4,9.6,13.0,0.6,0.4,1.0,0.163,-1.2,0.6,-0.6,0.1,,thompja02,2016
426,Ryan Kelly,24,LAL,PF,36,0,470,10.3,0.44,0.248,0.362,4.6,23.7,13.8,6.9,1.4,1.7,9.4,17.9,-0.3,0.3,0.1,0.005,-2.9,-0.6,-3.5,-0.2,,kellyry01,2016
427,Brian Roberts,30,2TM,PG,51,0,470,13.8,0.552,0.255,0.285,1.4,8.2,4.8,18.6,1.1,0.3,11.0,19.8,0.7,0.3,1.0,0.105,-0.9,-0.7,-1.6,0.0,,roberbr01,2016
428,Brian Roberts,30,CHO,PG,30,0,333,13.9,0.552,0.235,0.322,1.3,8.3,4.8,18.7,1.1,0.2,10.9,19.9,0.5,0.3,0.8,0.108,-0.9,-0.5,-1.4,0.0,,roberbr01,2016
429,Brian Roberts,30,POR,PG,21,0,137,13.7,0.551,0.3,0.2,1.6,7.9,4.7,18.5,1.1,0.6,11.4,19.6,0.2,0.1,0.3,0.096,-0.8,-1.3,-2.2,0.0,,roberbr01,2016
430,James Jones,35,CLE,SF,48,0,463,11.6,0.58,0.732,0.183,2.0,10.2,6.1,4.5,1.2,1.8,7.8,16.2,0.7,0.5,1.2,0.12,-0.2,-0.1,-0.3,0.2,,jonesja02,2016
431,Andre Miller,39,2TM,PG,39,4,461,13.4,0.6,0.075,0.302,3.1,9.5,6.4,28.3,1.8,0.0,23.6,15.4,0.6,0.4,1.0,0.1,-1.4,-0.5,-1.9,0.0,,millean02,2016
432,Andre Miller,39,MIN,PG,26,0,280,13.7,0.663,0.069,0.328,2.5,7.4,5.0,31.9,1.6,0.0,27.4,14.6,0.5,0.1,0.5,0.088,-0.8,-1.3,-2.2,0.0,,millean02,2016
433,Andre Miller,39,SAS,PG,13,4,181,12.9,0.521,0.083,0.271,3.9,12.8,8.5,22.6,2.0,0.0,18.3,16.6,0.1,0.3,0.4,0.118,-2.2,0.9,-1.3,0.0,,millean02,2016
434,Greivis Vásquez,29,MIL,PG,23,0,460,7.4,0.435,0.529,0.188,1.3,10.3,5.8,28.5,1.1,0.0,21.1,18.5,-0.4,0.1,-0.3,-0.033,-3.4,-2.9,-6.2,-0.5,,vasqugr01,2016
435,Ryan Hollins,31,2TM,C,37,12,460,12.3,0.636,0.0,0.532,11.2,13.2,12.1,3.3,0.7,4.2,19.8,11.8,0.6,0.3,1.0,0.1,-2.8,-1.0,-3.7,-0.2,,holliry01,2016
436,Ryan Hollins,31,WAS,C,5,3,48,7.2,0.571,0.0,0.0,16.0,9.5,12.8,0.0,0.0,1.7,30.0,9.1,0.0,0.0,0.0,0.04,-3.0,-3.2,-6.1,-0.1,,holliry01,2016
437,Ryan Hollins,31,MEM,C,32,9,412,12.9,0.641,0.0,0.583,10.6,13.6,12.0,3.7,0.7,4.5,18.8,12.1,0.6,0.3,0.9,0.107,-2.8,-0.7,-3.5,-0.2,,holliry01,2016
438,J.J. Hickson,27,2TM,C,35,9,436,16.8,0.514,0.006,0.665,9.8,24.1,16.8,8.7,1.7,2.6,11.1,22.6,0.3,0.5,0.8,0.088,-1.1,0.0,-1.1,0.1,,hicksjj01,2016
439,J.J. Hickson,27,DEN,C,20,9,305,15.8,0.508,0.0,0.541,7.9,24.0,15.8,8.7,1.6,3.2,10.6,21.6,0.1,0.4,0.5,0.077,-1.6,0.4,-1.1,0.1,,hicksjj01,2016
440,J.J. Hickson,27,WAS,C,15,0,131,18.9,0.528,0.022,0.957,14.2,24.4,19.2,8.5,1.9,1.2,12.1,24.8,0.1,0.2,0.3,0.114,0.0,-1.1,-1.0,0.0,,hicksjj01,2016
441,Rasual Butler,36,SAS,SF,46,0,432,13.4,0.558,0.471,0.154,0.8,13.5,7.4,7.7,1.5,4.1,6.7,12.6,0.4,0.9,1.3,0.146,0.4,2.5,2.9,0.5,,butlera01,2016
442,Reggie Bullock,24,DET,SF,37,0,429,12.0,0.583,0.541,0.153,3.4,14.3,8.6,9.2,1.2,0.4,7.1,11.4,0.8,0.4,1.2,0.134,0.1,0.7,0.8,0.3,,bullore01,2016
443,Willie Reed,25,BRK,C,39,2,426,19.2,0.579,0.0,0.414,12.7,19.6,16.1,3.8,0.7,5.7,9.2,18.1,0.9,0.3,1.2,0.134,0.4,-0.9,-0.5,0.2,,reedwi02,2016
444,Jared Cunningham,24,2TM,SG,44,3,410,5.9,0.464,0.371,0.524,0.8,9.6,5.3,6.9,1.8,0.4,14.0,16.5,-0.3,0.4,0.1,0.014,-5.5,-0.2,-5.7,-0.4,,cunnija01,2016
445,Jared Cunningham,24,CLE,SG,40,3,355,5.9,0.464,0.352,0.527,1.0,8.2,4.6,7.6,1.7,0.5,13.8,16.6,-0.2,0.4,0.1,0.018,-5.5,0.0,-5.6,-0.3,,cunnija01,2016
446,Jared Cunningham,24,MIL,SG,4,0,55,5.8,0.468,0.5,0.5,0.0,18.5,9.3,2.5,1.9,0.0,14.9,16.4,-0.1,0.0,0.0,-0.012,-5.3,-1.5,-6.8,-0.1,,cunnija01,2016
447,Chris Andersen,37,2TM,C,27,15,402,15.3,0.598,0.194,0.5,9.9,18.2,13.9,4.4,1.9,2.9,9.3,10.8,0.8,0.4,1.3,0.149,0.7,0.0,0.7,0.3,,anderch01,2016
448,Chris Andersen,37,MIA,C,7,1,36,17.6,0.553,0.5,0.4,9.8,18.3,14.2,12.2,1.4,6.4,14.5,17.5,0.1,0.1,0.1,0.165,1.2,3.3,4.5,0.1,,anderch01,2016
449,Chris Andersen,37,MEM,C,20,14,366,15.1,0.605,0.145,0.516,9.9,18.2,13.9,3.7,2.0,2.5,8.4,10.2,0.7,0.4,1.1,0.148,0.6,-0.3,0.4,0.2,,anderch01,2016
450,Kendall Marshall,24,PHI,PG,30,6,400,6.7,0.449,0.415,0.11,0.5,7.3,3.8,28.4,2.0,0.4,25.8,18.3,-0.7,0.1,-0.5,-0.064,-4.7,-2.6,-7.3,-0.5,,marshke01,2016
451,Sergey Karasev,22,BRK,SF,40,5,399,8.5,0.562,0.5,0.378,2.2,14.3,8.2,12.2,0.8,0.4,20.3,12.1,0.2,0.1,0.3,0.031,-2.3,-1.4,-3.8,-0.2,,karasse01,2016
452,Salah Mejri,29,DAL,C,34,6,397,16.8,0.636,0.013,0.59,11.4,22.6,17.0,3.9,1.0,7.6,19.0,14.0,0.6,0.7,1.3,0.156,-1.6,1.8,0.2,0.2,,mejrisa01,2016
453,Lamar Patterson,24,ATL,SG,35,0,395,5.1,0.468,0.613,0.275,1.1,12.4,6.9,13.6,1.1,0.4,20.4,12.8,-0.3,0.5,0.2,0.025,-5.4,0.3,-5.1,-0.3,,pattela01,2016
454,Joe Young,23,IND,PG,41,0,384,9.9,0.428,0.272,0.148,1.7,12.5,7.1,26.9,1.9,0.0,15.5,24.4,-0.5,0.5,-0.1,-0.009,-3.9,-0.8,-4.7,-0.3,,youngjo01,2016
455,Darrun Hilliard,22,DET,SG,38,2,383,10.7,0.511,0.382,0.305,1.4,11.9,6.4,10.9,1.2,0.2,11.3,19.1,0.2,0.3,0.5,0.066,-1.9,-0.5,-2.5,0.0,,hillida01,2016
456,Jarell Martin,21,MEM,PF,27,0,380,14.0,0.534,0.017,0.534,11.2,14.7,12.9,6.4,1.1,1.7,11.7,19.2,0.5,0.2,0.8,0.1,-2.0,-1.8,-3.7,-0.2,,martija01,2016
457,Montrezl Harrell,22,HOU,PF,39,1,379,14.6,0.635,0.011,0.511,7.2,11.7,9.5,7.2,1.4,2.4,13.4,14.5,0.7,0.2,0.9,0.118,-0.5,-0.1,-0.6,0.1,,harremo01,2016
458,Mike Miller,35,DEN,SF,47,2,373,6.5,0.508,0.839,0.0,1.8,14.2,7.9,14.9,1.7,0.9,21.5,9.3,0.1,0.3,0.3,0.04,-3.8,1.2,-2.6,0.0,,millemi01,2016
459,JaVale McGee,28,DAL,C,34,2,370,19.9,0.574,0.007,0.269,15.8,23.7,19.7,1.5,0.7,5.9,12.3,21.1,0.6,0.5,1.1,0.146,-0.2,-0.2,-0.3,0.1,,mcgeeja01,2016
460,Michael Beasley,27,HOU,PF,20,0,363,22.5,0.563,0.044,0.239,8.8,21.1,14.9,9.1,1.5,2.1,9.6,29.7,0.6,0.3,1.0,0.128,2.2,-1.2,0.9,0.3,,beaslmi01,2016
461,Chris McCullough,20,BRK,PF,24,4,362,12.2,0.47,0.312,0.211,7.6,13.6,10.5,3.7,3.9,2.7,11.2,16.5,-0.1,0.4,0.3,0.043,-2.7,0.4,-2.4,0.0,,mcculch01,2016
462,Tyler Hansbrough,30,CHO,PF,44,0,343,12.5,0.522,0.042,0.915,12.6,15.8,14.2,3.5,1.8,1.7,10.8,14.7,0.5,0.5,1.0,0.134,-3.5,-0.3,-3.8,-0.1,,hansbty01,2016
463,James Ennis III,25,3TM,SF,22,5,329,17.8,0.621,0.513,0.301,6.9,7.4,7.1,10.1,2.4,1.3,12.9,19.8,0.7,0.2,0.9,0.133,2.5,-1.0,1.5,0.3,,ennisja01,2016
464,James Ennis III,25,MIA,SF,3,0,7,2.4,,,,0.0,0.0,0.0,18.0,0.0,0.0,,0.0,0.0,0.0,0.0,0.07,-4.0,2.2,-1.8,0.0,,ennisja01,2016
465,James Ennis III,25,MEM,SF,10,0,40,18.3,0.46,0.615,0.769,10.9,8.9,10.0,7.6,5.1,4.6,10.3,21.8,0.0,0.1,0.1,0.1,2.4,2.0,4.4,0.1,,ennisja01,2016
466,James Ennis III,25,NOP,SF,9,5,282,18.1,0.647,0.5,0.24,6.5,7.3,6.9,10.3,2.1,0.9,13.3,20.0,0.7,0.1,0.8,0.139,2.7,-1.5,1.2,0.2,,ennisja01,2016
467,Cristiano Felício,23,CHI,C,31,4,321,17.6,0.601,0.056,0.486,10.0,23.1,16.7,12.1,0.9,3.0,12.9,13.7,0.7,0.4,1.2,0.175,0.1,0.2,0.3,0.2,,feliccr01,2016
468,Robert Sacre,26,LAL,C,25,1,320,10.4,0.474,0.0,0.507,10.4,13.9,12.1,6.9,0.6,2.5,11.6,14.3,0.2,0.1,0.3,0.04,-3.3,-1.3,-4.6,-0.2,,sacrero01,2016
469,R.J. Hunter,22,BOS,SG,36,0,315,7.7,0.48,0.643,0.071,0.7,12.0,6.2,5.9,2.2,1.0,9.8,15.1,-0.1,0.4,0.3,0.045,-3.1,1.0,-2.1,0.0,,hunterj01,2016
470,Terry Rozier,21,BOS,PG,39,0,311,5.0,0.326,0.255,0.094,8.1,13.5,10.8,16.5,0.9,0.3,14.7,17.7,-0.6,0.3,-0.3,-0.047,-4.7,-1.4,-6.1,-0.3,,roziete01,2016
471,Drew Gooden,34,WAS,PF,30,0,305,7.5,0.376,0.398,0.136,10.1,21.3,15.6,6.0,1.3,2.9,10.6,17.5,-0.4,0.4,0.0,-0.005,-5.0,-1.3,-6.3,-0.3,,goodedr01,2016
472,Axel Toupane,23,DEN,SF,21,0,305,7.1,0.49,0.571,0.243,2.9,8.5,5.6,7.0,1.2,1.6,7.2,12.0,0.2,0.1,0.3,0.049,-3.6,-1.0,-4.7,-0.2,,toupaax01,2016
473,Jordan Hamilton,25,NOP,SF,11,4,304,12.4,0.499,0.388,0.181,4.2,18.9,11.3,12.9,1.3,0.8,12.0,20.7,0.0,0.2,0.2,0.03,-1.6,-1.7,-3.3,-0.1,,hamiljo02,2016
474,Kostas Papanikolaou,25,DEN,SF,26,6,294,6.0,0.464,0.485,0.212,3.0,12.3,7.5,7.8,2.2,1.4,22.5,13.9,-0.4,0.2,-0.1,-0.022,-4.7,0.2,-4.5,-0.2,,papanko01,2016
475,Jordan Farmar,29,MEM,PG,12,10,291,13.2,0.527,0.45,0.1,1.5,8.6,4.9,20.6,2.7,0.6,14.7,18.9,0.2,0.2,0.4,0.064,-0.5,-0.2,-0.7,0.1,,farmajo01,2016
476,Phil Pressey,24,2TM,PG,23,0,283,10.6,0.433,0.231,0.321,1.1,11.1,6.0,40.7,3.1,1.1,27.0,18.7,-0.4,0.3,-0.1,-0.017,-3.3,0.1,-3.2,-0.1,,pressph01,2016
477,Phil Pressey,24,PHI,PG,14,0,170,11.8,0.437,0.236,0.327,0.0,15.2,7.4,43.2,3.2,0.4,23.2,21.1,-0.2,0.2,0.0,-0.014,-3.0,0.3,-2.6,0.0,,pressph01,2016
478,Phil Pressey,24,PHO,PG,9,0,113,8.6,0.422,0.217,0.304,2.8,4.9,3.8,37.0,3.0,2.2,34.9,15.1,-0.2,0.1,-0.1,-0.022,-3.7,-0.2,-3.9,-0.1,,pressph01,2016
479,Bryce Dejean-Jones,23,NOP,SG,14,11,279,9.6,0.505,0.464,0.304,3.1,16.5,9.5,7.7,1.8,0.6,12.3,14.1,0.0,0.2,0.2,0.033,-2.5,0.0,-2.5,0.0,,dejeabr01,2016
480,Damjan Rudež,29,MIN,SF,33,0,277,5.5,0.572,0.806,0.129,2.1,6.2,4.2,5.8,0.5,0.3,16.6,12.7,0.1,0.0,0.1,0.009,-2.7,-2.1,-4.8,-0.2,,rudezda01,2016
481,Henry Sims,25,BRK,C,14,4,263,13.9,0.504,0.0,0.39,8.8,22.2,15.4,5.1,1.7,4.3,11.7,17.3,0.2,0.3,0.4,0.079,-3.5,-0.8,-4.3,-0.2,,simshe01,2016
482,James Michael McAdoo,23,GSW,PF,41,1,262,15.9,0.554,0.024,0.583,13.1,10.9,11.9,9.2,1.8,2.2,13.2,20.1,0.5,0.3,0.8,0.146,-1.5,-0.3,-1.8,0.0,,mcadoja01,2016
483,Udonis Haslem,35,MIA,PF,37,0,260,9.1,0.434,0.148,0.262,4.5,27.4,16.3,7.6,1.0,0.6,6.8,12.8,0.0,0.4,0.4,0.072,-3.2,0.6,-2.6,0.0,,hasleud01,2016
484,Jeremy Evans,28,DAL,SF,30,2,251,12.6,0.62,0.333,0.438,4.8,18.8,11.8,1.2,1.2,3.0,10.9,11.7,0.3,0.3,0.6,0.119,-1.5,1.0,-0.4,0.1,,evansje01,2016
485,Devyn Marble,23,ORL,SG,28,0,249,5.2,0.368,0.451,0.338,2.6,14.4,8.5,6.6,2.6,0.3,7.9,15.7,-0.4,0.3,-0.1,-0.026,-6.0,-0.1,-6.2,-0.3,,marblde01,2016
486,Xavier Munford,23,MEM,SG,14,0,244,9.9,0.481,0.299,0.182,1.3,13.7,7.2,14.3,2.7,1.1,15.3,18.0,-0.2,0.2,0.1,0.017,-3.1,0.6,-2.5,0.0,,munfoxa02,2016
487,K.J. McDaniels,22,HOU,SF,37,1,235,10.6,0.522,0.347,0.417,7.5,12.3,9.9,6.5,1.5,2.1,16.6,18.7,0.1,0.1,0.2,0.043,-2.8,-1.1,-3.9,-0.1,,mcdankj01,2016
488,Delon Wright,23,TOR,PG,27,1,229,17.8,0.54,0.163,0.438,4.1,14.3,9.3,22.5,1.8,1.1,14.4,22.1,0.3,0.2,0.6,0.124,1.1,-0.3,0.9,0.2,,wrighde01,2016
489,Lucas Nogueira,23,TOR,C,29,1,225,15.6,0.642,0.068,0.341,9.3,14.0,11.7,4.9,2.8,4.4,17.9,12.4,0.3,0.4,0.7,0.154,-1.7,1.7,0.0,0.1,,noguelu01,2016
490,Elton Brand,36,PHI,C,17,1,225,11.4,0.461,0.014,0.125,4.2,27.0,15.2,13.1,2.0,2.7,12.6,16.9,-0.1,0.3,0.2,0.036,-4.7,1.3,-3.4,-0.1,,brandel01,2016
491,DeJuan Blair,26,WAS,C,29,0,218,5.4,0.414,0.015,0.191,10.1,19.4,14.6,7.3,1.8,0.7,16.9,17.8,-0.3,0.3,-0.1,-0.015,-8.1,-0.7,-8.9,-0.4,,blairde01,2016
492,Brandan Wright,28,MEM,PF,12,2,212,18.3,0.663,0.0,0.462,7.2,16.3,11.6,4.7,1.2,6.6,13.8,15.4,0.4,0.2,0.7,0.147,0.0,0.7,0.7,0.1,,wrighbr03,2016
493,Matt Bonner,35,SAS,C,30,2,206,14.1,0.647,0.596,0.07,1.7,12.8,7.5,6.3,1.5,0.4,4.9,13.7,0.4,0.3,0.8,0.181,1.2,1.0,2.2,0.2,,bonnema01,2016
494,Michael Kidd-Gilchrist,22,CHO,SF,7,7,205,16.9,0.603,0.115,0.475,6.3,17.8,12.0,7.3,0.7,1.2,9.8,18.0,0.4,0.2,0.6,0.152,0.2,-0.2,0.0,0.1,,kiddgmi01,2016
495,Lou Amundson,33,NYK,PF,29,0,204,6.7,0.401,0.0,0.509,12.5,13.7,13.1,8.8,1.5,2.6,18.8,17.7,-0.3,0.2,-0.1,-0.014,-6.7,-0.2,-6.9,-0.3,,amundlo01,2016
496,James Young,20,BOS,SG,29,0,199,3.6,0.384,0.722,0.111,2.1,11.9,6.9,6.0,1.5,0.4,11.7,9.1,-0.2,0.2,0.1,0.013,-5.3,0.8,-4.5,-0.1,,youngja01,2016
497,Jordan McRae,24,2TM,PG,22,1,195,14.2,0.548,0.282,0.359,2.3,9.2,5.7,20.9,0.7,0.4,14.2,23.9,0.2,0.1,0.4,0.087,0.0,-1.9,-1.8,0.0,,mcraejo01,2016
498,Jordan McRae,24,PHO,PG,7,0,82,14.2,0.567,0.423,0.577,2.6,8.1,5.3,19.1,1.8,0.0,15.5,20.0,0.1,0.0,0.2,0.096,-0.9,-0.2,-1.1,0.0,,mcraejo01,2016
499,Jordan McRae,24,CLE,PG,15,1,113,14.2,0.537,0.212,0.25,2.0,9.9,6.0,22.3,0.0,0.7,13.5,26.7,0.1,0.1,0.2,0.081,0.7,-3.0,-2.4,0.0,,mcraejo01,2016
500,Greg Smith,25,MIN,PF,18,0,192,7.9,0.545,0.0,0.531,7.4,17.9,12.7,4.6,1.1,0.4,15.1,10.8,0.1,0.1,0.2,0.045,-4.1,-1.4,-5.5,-0.2,,smithgr02,2016
501,Alan Anderson,33,WAS,SG,13,0,192,9.2,0.495,0.627,0.254,0.6,15.5,7.9,10.3,1.0,0.4,3.0,15.4,0.2,0.2,0.3,0.078,-2.4,0.1,-2.3,0.0,,anderal01,2016
502,Caron Butler,35,SAC,SF,17,1,176,11.3,0.49,0.305,0.203,3.1,10.4,6.8,8.3,2.5,0.5,4.5,16.2,0.1,0.1,0.3,0.071,-2.5,0.6,-1.8,0.0,,butleca01,2016
503,Elijah Millsap,28,UTA,SG,20,0,173,6.5,0.384,0.308,0.462,4.1,19.5,11.8,16.2,2.1,1.5,16.1,14.9,-0.2,0.3,0.1,0.033,-5.9,2.1,-3.8,-0.1,,millsel01,2016
504,Briante Weber,23,2TM,PG,7,4,169,8.9,0.38,0.128,0.103,5.2,11.9,8.4,18.6,2.7,1.6,18.1,13.2,-0.2,0.2,0.0,0.004,-4.7,1.0,-3.7,-0.1,,weberbr01,2016
505,Briante Weber,23,MEM,PG,6,4,166,8.3,0.365,0.132,0.105,5.3,11.5,8.2,17.6,2.8,1.7,18.5,13.2,-0.2,0.2,0.0,-0.007,-4.9,0.9,-4.0,-0.1,,weberbr01,2016
506,Briante Weber,23,MIA,PG,1,0,3,39.3,1.0,0.0,0.0,0.0,36.6,18.9,72.3,0.0,0.0,0.0,15.2,0.0,0.0,0.0,0.634,5.0,7.9,12.9,0.0,,weberbr01,2016
507,C.J. Wilcox,25,LAC,SG,23,0,167,12.9,0.491,0.348,0.182,0.7,7.1,3.9,9.4,3.0,0.9,2.7,19.8,0.1,0.2,0.3,0.089,-2.6,1.1,-1.5,0.0,,wilcocj01,2016
508,Spencer Dinwiddie,22,DET,PG,12,0,159,8.9,0.423,0.185,0.611,2.6,9.3,5.8,20.9,1.0,0.0,9.3,20.7,0.0,0.1,0.1,0.028,-4.6,-0.6,-5.2,-0.1,,dinwisp01,2016
509,Chris Copeland,31,MIL,PF,24,1,156,5.4,0.462,0.706,0.137,0.7,6.5,3.7,10.3,0.7,0.0,10.0,17.3,-0.1,0.0,-0.1,-0.017,-3.3,-3.1,-6.4,-0.2,,copelch01,2016
510,Damien Inglis,20,MIL,SF,20,1,156,6.7,0.444,0.351,0.216,1.5,21.1,11.4,9.0,2.0,1.6,21.4,14.9,-0.2,0.2,-0.1,-0.024,-4.9,-0.6,-5.6,-0.1,,inglida01,2016
511,Nikola Peković,30,MIN,C,12,3,156,6.5,0.459,0.0,0.4,5.3,10.3,7.8,10.7,0.3,0.0,13.3,19.5,-0.1,0.0,-0.1,-0.022,-5.1,-2.8,-7.9,-0.2,,pekovni01,2016
512,Cleanthony Early,24,NYK,SF,17,2,154,2.2,0.371,0.375,0.1,2.9,15.4,9.2,5.7,0.7,1.5,17.7,14.9,-0.3,0.1,-0.2,-0.075,-7.2,-1.5,-8.6,-0.3,,earlycl01,2016
513,Jarell Eddie,24,WAS,SF,26,0,147,11.0,0.46,0.723,0.123,1.5,16.3,8.8,5.0,1.7,0.6,1.4,20.7,0.0,0.1,0.1,0.046,-0.3,-1.1,-1.5,0.0,,eddieja01,2016
514,Christian Wood,20,PHI,PF,17,0,145,16.4,0.49,0.208,0.396,9.4,19.4,14.3,3.5,1.7,3.7,3.1,19.4,0.2,0.1,0.3,0.097,0.4,-0.6,-0.2,0.1,,woodch01,2016
515,Tony Wroten,22,PHI,PG,8,3,144,1.8,0.412,0.262,0.569,1.5,14.9,7.9,23.3,1.0,0.0,26.3,33.5,-0.8,0.0,-0.8,-0.263,-8.4,-5.0,-13.4,-0.4,,wroteto01,2016
516,Pat Connaughton,23,POR,SG,34,0,143,4.6,0.352,0.429,0.102,8.3,15.9,12.1,9.9,0.7,0.0,16.3,18.7,-0.3,0.1,-0.2,-0.076,-4.8,-3.2,-8.0,-0.2,,connapa01,2016
517,Chris Kaman,33,POR,C,16,2,112,11.1,0.496,0.093,0.07,6.8,16.5,11.6,15.8,0.4,0.7,15.3,20.4,0.0,0.1,0.1,0.037,-2.6,-1.0,-3.6,0.0,,kamanch01,2016
518,Jeff Ayres,28,LAC,C,17,0,107,8.3,0.585,0.043,0.261,4.1,18.1,11.2,6.9,0.0,2.2,19.0,13.4,0.1,0.1,0.2,0.077,-5.6,-0.5,-6.1,-0.1,,pendeje02,2016
519,Cameron Bairstow,25,CHI,C,18,2,103,6.8,0.391,0.125,0.2,4.2,24.0,14.3,8.7,1.0,2.1,8.4,20.3,-0.1,0.1,0.0,-0.004,-6.7,-0.9,-7.5,-0.1,,bairsca01,2016
520,Orlando Johnson,26,2TM,SG,7,1,101,3.6,0.346,0.294,0.235,4.2,12.3,8.1,2.7,1.5,2.4,9.6,17.8,-0.2,0.1,-0.2,-0.087,-6.5,-1.8,-8.3,-0.2,,johnsor01,2016
521,Orlando Johnson,26,PHO,SG,2,0,47,10.1,0.407,0.294,0.353,6.8,14.2,10.4,0.0,2.1,5.2,4.8,18.7,0.0,0.1,0.0,0.026,-3.2,0.8,-2.4,0.0,,johnsor01,2016
522,Orlando Johnson,26,NOP,SG,5,1,54,-2.1,0.28,0.294,0.118,2.0,10.6,6.2,5.1,0.9,0.0,14.4,17.1,-0.2,0.0,-0.2,-0.185,-9.3,-4.1,-13.4,-0.2,,johnsor01,2016
523,Joel Anthony,33,DET,C,19,0,96,14.1,0.666,0.0,0.8,8.8,15.4,11.9,1.4,1.1,9.5,12.9,7.0,0.2,0.2,0.4,0.177,-2.9,3.3,0.4,0.1,,anthojo01,2016
524,Sasha Kaun,30,CLE,C,25,0,95,12.5,0.527,0.0,0.647,14.4,16.5,15.5,4.5,2.2,4.3,24.3,13.7,0.0,0.2,0.2,0.096,-3.3,0.5,-2.8,0.0,,kaunsa01,2016
525,Aaron Harrison,21,CHO,SG,21,0,93,4.3,0.371,0.526,0.632,4.7,13.1,8.8,3.0,3.2,0.0,14.1,13.7,-0.2,0.1,0.0,-0.014,-7.2,0.9,-6.3,-0.1,,harriaa01,2016
526,Anthony Bennett,22,TOR,PF,19,0,84,10.4,0.446,0.519,0.37,8.3,22.8,15.7,0.0,3.1,0.0,11.3,19.2,0.0,0.1,0.1,0.054,-2.9,-1.1,-3.9,0.0,,bennean01,2016
527,Tibor Pleiß,26,UTA,C,12,0,82,3.5,0.464,0.08,0.08,8.6,12.8,10.7,4.0,0.6,2.1,23.6,19.1,-0.2,0.1,-0.1,-0.041,-10.0,-1.6,-11.6,-0.2,,pleisti01,2016
528,Edy Tavares,23,ATL,C,11,0,73,14.4,0.555,0.0,0.421,10.7,20.5,15.7,6.3,0.7,6.5,18.2,16.9,0.0,0.1,0.2,0.106,-2.9,1.1,-1.8,0.0,,tavarwa01,2016
529,Alex Stepheson,28,2TM,PF,8,0,73,14.8,0.341,0.0,0.444,28.5,14.5,21.8,4.3,0.7,6.0,0.0,19.8,0.0,0.1,0.1,0.068,-0.5,-2.0,-2.4,0.0,,stephal01,2016
530,Alex Stepheson,28,LAC,PF,4,0,12,8.9,0.532,0.0,2.0,9.2,8.9,9.1,0.0,0.0,13.1,0.0,7.1,0.0,0.0,0.0,0.113,-6.2,3.6,-2.6,0.0,,stephal01,2016
531,Alex Stepheson,28,MEM,PF,4,0,61,15.9,0.329,0.0,0.385,32.3,15.6,24.3,5.2,0.8,4.6,0.0,22.4,0.0,0.1,0.1,0.059,0.7,-3.1,-2.4,0.0,,stephal01,2016
532,Mitch McGary,23,OKC,PF,20,0,72,7.4,0.474,0.174,0.435,6.4,20.1,13.6,6.0,0.7,2.1,20.3,20.4,-0.1,0.1,0.0,-0.018,-6.0,-1.3,-7.3,-0.1,,mcgarmi01,2016
533,Alan Williams,23,PHO,PF,10,0,68,21.1,0.481,0.0,0.583,21.9,39.2,30.3,11.7,2.9,6.0,16.6,22.6,0.1,0.2,0.2,0.146,-2.0,1.8,-0.2,0.0,,willial03,2016
534,Russ Smith,24,MEM,PG,15,0,66,10.5,0.415,0.227,0.591,1.7,14.4,7.8,25.4,3.9,1.4,20.2,23.6,-0.1,0.1,-0.1,-0.041,-2.9,1.4,-1.4,0.0,,smithru01,2016
535,Jorge Gutiérrez,27,CHO,PG,12,0,63,19.1,0.694,0.182,1.0,0.0,12.3,6.1,40.3,2.4,0.0,27.5,15.6,0.2,0.1,0.3,0.201,-0.3,0.8,0.6,0.0,,gutiejo01,2016
536,Lorenzo Brown,25,PHO,PG,8,0,61,4.4,0.374,0.32,0.16,0.0,12.8,6.2,28.0,2.4,1.3,25.2,24.9,-0.3,0.1,-0.2,-0.157,-6.5,-1.9,-8.4,-0.1,,brownlo01,2016
537,Jordan Mickey,21,BOS,PF,16,0,57,15.3,0.398,0.0,0.455,11.0,13.3,12.1,2.6,0.0,15.1,3.6,20.5,0.0,0.1,0.1,0.068,-2.6,1.1,-1.5,0.0,,mickejo01,2016
538,Josh Huestis,24,OKC,PF,5,0,55,6.7,0.509,0.5,0.333,4.2,15.0,9.9,0.0,0.9,2.8,17.9,13.0,0.0,0.1,0.0,0.01,-2.2,-0.6,-2.8,0.0,,huestjo01,2016
539,Andrew Goudelock,27,HOU,PG,8,0,50,12.4,0.506,0.45,0.2,2.2,2.2,2.2,13.3,5.9,3.3,24.3,24.8,-0.1,0.1,0.0,-0.033,-5.4,1.8,-3.6,0.0,,goudean01,2016
540,Cory Jefferson,25,PHO,PF,8,0,50,12.7,0.446,0.045,0.273,12.7,22.2,17.4,0.0,0.0,1.6,0.0,21.0,0.0,0.0,0.1,0.07,-2.7,-3.7,-6.4,-0.1,,jeffeco01,2016
541,Eric Moreland,24,SAC,PF,8,0,48,7.4,0.515,0.0,0.667,6.8,17.9,12.4,2.7,0.0,6.7,27.9,9.5,0.0,0.0,0.0,0.012,-4.4,-0.1,-4.5,0.0,,moreler01,2016
542,Elliot Williams,26,MEM,PG,5,0,45,3.3,0.34,0.4,0.4,2.4,7.9,5.1,12.4,0.0,0.0,7.8,12.7,0.0,0.0,0.0,-0.046,-5.3,-2.6,-7.9,-0.1,,williel01,2016
543,Steve Novak,32,2TM,PF,10,0,44,14.4,0.651,0.833,0.056,0.0,12.0,6.2,0.0,0.0,0.0,5.1,19.2,0.1,0.0,0.1,0.121,3.5,-2.4,1.2,0.0,,novakst01,2016
544,Steve Novak,32,OKC,PF,7,0,24,20.8,0.708,0.75,0.0,0.0,17.2,9.1,0.0,0.0,0.0,7.7,23.1,0.1,0.0,0.1,0.181,6.6,-1.4,5.2,0.0,,novakst01,2016
545,Steve Novak,32,MIL,PF,3,0,20,6.7,0.543,1.0,0.167,0.0,5.7,2.9,0.0,0.0,0.0,0.0,14.5,0.0,0.0,0.0,0.05,-0.2,-3.5,-3.6,0.0,,novakst01,2016
546,Bruno Caboclo,20,TOR,SF,6,1,43,-7.7,0.125,0.583,0.0,2.7,2.6,2.7,3.2,2.4,1.9,25.0,16.9,-0.3,0.0,-0.3,-0.283,-14.0,-3.6,-17.6,-0.2,,cabocbr01,2016
547,Jodie Meeks,28,DET,SG,3,0,43,13.5,0.506,0.45,0.2,2.4,10.6,6.3,11.3,0.0,0.0,4.4,23.1,0.1,0.0,0.1,0.107,-0.2,-2.8,-2.9,0.0,,meeksjo01,2016
548,Luis Montero,22,POR,SG,12,0,42,-2.7,0.337,0.474,0.211,0.0,10.3,5.2,3.5,0.0,0.0,16.2,25.7,-0.2,0.0,-0.2,-0.238,-9.8,-5.6,-15.5,-0.1,,montelu01,2016
549,Dahntay Jones,35,CLE,SF,1,0,42,10.3,0.464,0.143,0.0,2.7,10.7,6.7,7.3,1.2,3.9,0.0,15.1,0.0,0.1,0.1,0.096,-2.7,-0.3,-3.0,0.0,,jonesda02,2016
550,Erick Green,24,2TM,PG,9,0,42,12.4,0.468,0.385,0.154,8.4,8.2,8.3,11.0,1.3,0.0,0.0,15.2,0.1,0.0,0.1,0.121,-1.6,-0.4,-1.9,0.0,,greener01,2016
551,Erick Green,24,DEN,PG,3,0,7,0.9,0.0,1.0,0.0,0.0,16.1,7.9,18.3,0.0,0.0,0.0,6.2,0.0,0.0,0.0,-0.082,-7.4,-1.1,-8.5,0.0,,greener01,2016
552,Erick Green,24,UTA,PG,6,0,35,14.7,0.505,0.333,0.167,10.1,6.7,8.3,9.6,1.5,0.0,0.0,17.0,0.1,0.0,0.1,0.162,-0.4,-0.2,-0.6,0.0,,greener01,2016
553,Shayne Whittington,24,IND,PF,7,0,41,7.4,0.463,0.182,0.182,13.4,18.6,16.0,10.9,1.2,2.0,29.6,18.1,-0.1,0.1,0.0,-0.009,-7.5,0.0,-7.5,-0.1,,whittsh01,2016
554,Bryce Cotton,23,2TM,PG,8,0,39,1.7,0.4,0.3,0.0,0.0,0.0,0.0,10.8,3.7,0.0,33.3,16.5,-0.2,0.0,-0.1,-0.168,-7.7,-1.0,-8.8,-0.1,,cottobr01,2016
555,Bryce Cotton,23,PHO,PG,3,0,33,-3.3,0.25,0.375,0.0,0.0,0.0,0.0,12.7,4.4,0.0,38.5,16.8,-0.2,0.0,-0.2,-0.238,-10.2,-1.2,-11.4,-0.1,,cottobr01,2016
556,Bryce Cotton,23,MEM,PG,5,0,6,29.1,1.0,0.0,0.0,0.0,0.0,0.0,0.0,0.0,0.0,0.0,15.0,0.0,0.0,0.0,0.221,5.7,0.2,5.8,0.0,,cottobr01,2016
557,Cliff Alexander,20,POR,PF,8,0,36,11.6,0.5,0.0,0.0,6.0,12.1,9.0,0.0,1.4,4.4,9.1,13.3,0.0,0.0,0.0,0.052,-0.5,0.5,0.0,0.0,,alexacl01,2016
558,Justin Harper,26,DET,PF,5,0,35,6.9,0.597,0.9,0.2,0.0,3.2,1.6,0.0,1.4,0.0,15.5,16.0,0.0,0.0,0.0,0.039,-2.3,-1.9,-4.2,0.0,,harpeju01,2016
559,Branden Dawson,22,LAC,PF,6,0,29,7.1,0.46,0.0,0.2,7.6,7.4,7.5,0.0,0.0,2.7,0.0,8.5,0.0,0.0,0.0,0.069,-3.6,-2.0,-5.7,0.0,,dawsobr01,2016
560,Keith Appling,23,ORL,PG,5,0,27,-4.8,0.338,0.375,0.25,0.0,4.2,2.1,5.0,1.9,0.0,25.3,19.5,-0.1,0.0,-0.1,-0.199,-13.2,-2.0,-15.1,-0.1,,applike01,2016
561,Chuck Hayes,32,HOU,C,2,0,24,1.6,0.694,0.0,1.0,0.0,37.0,18.4,11.3,0.0,0.0,51.0,10.5,0.0,0.0,0.0,-0.016,-8.6,0.4,-8.1,0.0,,hayesch01,2016
562,Duje Dukan,24,SAC,SF,1,0,24,4.2,0.3,0.5,0.0,9.1,9.0,9.0,5.6,2.0,0.0,0.0,17.7,0.0,0.0,0.0,-0.057,-4.3,-2.6,-7.0,0.0,,dukandu01,2016
563,Nate Robinson,31,NOP,PG,2,1,23,2.6,0.0,1.0,0.0,0.0,0.0,0.0,21.8,2.2,0.0,0.0,1.9,0.0,0.0,0.0,0.038,-6.6,2.0,-4.6,0.0,,robinna01,2016
564,Kevon Looney,19,GSW,PF,5,0,21,18.6,0.643,0.286,0.0,21.8,29.1,25.6,0.0,0.0,0.0,12.5,16.5,0.1,0.0,0.1,0.192,1.6,-4.1,-2.5,0.0,,looneke01,2016
565,Nazr Mohammed,38,OKC,C,5,0,19,6.0,0.68,0.0,0.4,6.1,16.3,11.5,0.0,0.0,0.0,33.8,19.9,0.0,0.0,0.0,-0.009,-8.7,-3.0,-11.7,0.0,,mohamna01,2016
566,Jarnell Stokes,22,2TM,C,7,0,18,20.0,0.595,0.0,0.4,6.1,18.8,12.6,9.6,2.8,0.0,0.0,14.9,0.1,0.0,0.1,0.209,1.9,0.1,2.0,0.0,,stokeja01,2016
567,Jarnell Stokes,22,MEM,C,2,0,4,13.6,,,,27.3,29.8,28.5,0.0,0.0,0.0,,0.0,0.0,0.0,0.0,0.163,1.4,-5.4,-3.9,0.0,,stokeja01,2016
568,Jarnell Stokes,22,MIA,C,5,0,14,21.8,0.595,0.0,0.4,0.0,15.7,8.1,12.3,3.7,0.0,0.0,19.2,0.0,0.0,0.1,0.222,2.0,1.7,3.7,0.0,,stokeja01,2016
569,Jimmer Fredette,26,2TM,SG,6,0,18,12.0,0.625,0.4,1.0,0.0,0.0,0.0,7.7,2.8,0.0,21.7,22.8,0.0,0.0,0.0,0.0,-2.3,-0.3,-2.6,0.0,,fredeji01,2016
570,Jimmer Fredette,26,NOP,SG,4,0,13,-1.6,0.25,0.25,0.0,0.0,0.0,0.0,10.7,3.8,0.0,20.0,17.0,-0.1,0.0,-0.1,-0.198,-10.5,-1.7,-12.3,0.0,,fredeji01,2016
571,Jimmer Fredette,26,NYK,SG,2,0,5,47.4,1.094,1.0,5.0,0.0,0.0,0.0,0.0,0.0,0.0,23.8,38.0,0.1,0.0,0.1,0.514,19.1,3.5,22.6,0.0,,fredeji01,2016
572,Joe Harris,24,CLE,SG,5,0,15,3.4,0.375,1.0,0.0,0.0,22.5,11.3,18.2,0.0,0.0,20.0,15.1,0.0,0.0,0.0,-0.032,-5.0,-0.9,-5.9,0.0,,harrijo01,2016
573,Jordan Adams,21,MEM,SG,2,0,15,17.3,0.427,0.167,0.833,0.0,15.9,7.6,31.9,10.3,0.0,19.6,30.5,0.0,0.0,0.0,0.015,-2.5,9.4,6.9,0.0,,adamsjo01,2016
574,Coty Clarke,23,BOS,SF,3,0,6,23.9,0.75,0.5,0.0,0.0,18.0,8.8,0.0,0.0,0.0,20.0,35.5,0.0,0.0,0.0,0.025,15.5,1.0,16.5,0.0,,clarkco01,2016
575,Sam Dekker,21,HOU,PF,3,0,6,10.8,,,,0.0,18.5,9.2,0.0,8.2,0.0,,0.0,0.0,0.0,0.0,0.116,-2.8,5.1,2.2,0.0,,dekkesa01,2016
576,Thanasis Antetokounmpo,23,NYK,SF,2,0,6,32.9,0.75,0.25,0.0,0.0,17.9,9.1,0.0,0.0,0.0,0.0,30.2,0.0,0.0,0.0,0.291,3.7,2.2,5.9,0.0,,antetth01,2016
577,J.J. O'Brien,23,UTA,SF,2,0,6,1.3,0.0,0.0,0.0,0.0,19.4,9.7,0.0,8.8,0.0,0.0,7.7,0.0,0.0,0.0,-0.028,-11.5,5.3,-6.2,0.0,,obriejj01,2016
578,Rakeem Christmas,24,IND,PF,1,0,6,32.0,1.0,0.0,0.0,18.3,0.0,9.1,0.0,0.0,0.0,0.0,14.7,0.0,0.0,0.0,0.343,5.6,0.9,6.5,0.0,,chrisra01,2016
