Rk,Player,Age,Team,Pos,G,GS,MP,PER,TS%,3PAr,FTr,ORB%,DRB%,TRB%,AST%,STL%,BLK%,TOV%,USG%,OWS,DWS,WS,WS/48,OBPM,DBPM,BPM,VORP,Awards,Player-additional,Year
1,Allen Iverson,32,DEN,SG,82,82,3424,20.9,0.567,0.177,0.512,1.5,6.1,3.8,27.4,2.2,0.2,11.4,26.7,8.9,2.8,11.6,0.163,3.4,-0.7,2.7,4.0,AS,iversal01,2008
2,Joe Johnson,26,ATL,SG,82,82,3343,17.3,0.535,0.297,0.253,2.9,9.9,6.4,25.5,1.3,0.4,11.8,25.6,5.3,1.7,7.0,0.1,2.7,-1.5,1.2,2.7,AS,johnsjo02,2008
3,Andre Iguodala,24,PHI,SF,82,82,3242,19.0,0.543,0.24,0.396,3.1,13.4,8.2,20.3,2.8,1.2,12.5,23.8,5.3,4.4,9.6,0.143,2.5,1.5,4.0,4.9,,iguodan01,2008
4,Richard Jefferson,27,NJN,SF,82,82,3200,17.4,0.571,0.16,0.511,3.4,9.0,6.2,15.0,1.2,0.5,10.9,26.1,6.1,1.5,7.6,0.114,1.6,-1.3,0.3,1.8,,jefferi01,2008
5,Baron Davis,28,GSW,PG,82,82,3196,19.8,0.523,0.344,0.278,3.1,10.1,6.4,29.7,2.9,1.0,11.9,25.6,5.9,2.8,8.7,0.131,3.2,0.3,3.6,4.5,,davisba01,2008
6,Kobe Bryant,29,LAL,SG,82,82,3192,24.2,0.576,0.246,0.439,3.4,14.1,9.0,23.9,2.4,0.9,11.3,31.4,9.5,4.3,13.8,0.208,5.2,0.6,5.8,6.3,MVP-1DPOY-5ASNBA1,bryanko01,2008
7,Jamal Crawford,27,NYK,SG,80,80,3190,16.0,0.528,0.355,0.274,1.3,6.3,3.7,22.0,1.3,0.4,11.0,24.6,4.6,0.4,5.0,0.076,2.1,-1.8,0.3,1.9,,crawfja01,2008
8,Jason Richardson,27,CHA,SF,82,82,3149,18.4,0.554,0.408,0.225,2.9,13.3,8.0,15.2,1.9,1.4,9.3,25.9,4.8,2.6,7.4,0.113,3.3,-0.3,3.0,4.0,,richaja01,2008
9,Dwight Howard,22,ORL,C,82,82,3088,22.9,0.619,0.004,0.921,10.9,31.6,21.7,6.1,1.2,4.2,16.1,24.2,6.4,6.4,12.9,0.2,1.6,1.2,2.8,3.7,MVP-5DPOY-7ASNBA1,howardw01,2008
10,Rashard Lewis,28,ORL,PF,81,81,3076,16.7,0.591,0.487,0.229,3.8,12.2,8.2,10.5,1.7,0.9,10.1,20.7,6.1,3.7,9.8,0.153,2.7,0.4,3.1,4.0,,lewisra02,2008
11,Monta Ellis,22,GSW,SG,81,72,3071,19.0,0.58,0.042,0.34,4.5,9.8,7.0,15.8,2.0,0.6,10.9,21.7,7.1,1.8,9.0,0.14,1.8,-0.3,1.6,2.8,,ellismo01,2008
12,Antawn Jamison,31,WAS,PF,79,79,3061,20.3,0.525,0.25,0.309,8.0,23.3,15.4,7.2,1.9,0.9,6.6,25.9,6.0,3.2,9.2,0.144,3.1,-1.3,1.7,2.9,MVP-14AS,jamisan01,2008
13,Deron Williams,23,UTA,PG,82,82,3059,20.8,0.595,0.188,0.368,1.4,8.3,4.9,43.6,1.5,0.6,17.7,23.1,8.9,2.3,11.3,0.177,4.9,-1.1,3.8,4.5,MVP-12NBA2,willide01,2008
14,LeBron James,23,CLE,SF,75,74,3027,29.1,0.568,0.219,0.47,4.9,17.8,11.1,37.3,2.4,2.1,11.4,33.5,10.7,4.6,15.2,0.242,8.2,2.6,10.9,9.8,MVP-4ASNBA1,jamesle01,2008
15,Hedo Türkoğlu,28,ORL,SF,82,82,3026,17.8,0.576,0.34,0.321,3.3,14.2,9.0,22.9,1.3,0.6,15.0,24.8,5.6,3.5,9.0,0.143,2.6,0.1,2.7,3.6,MIP-1,turkohe01,2008
16,Andre Miller,31,PHI,PG,82,82,3016,18.4,0.537,0.029,0.288,3.7,9.1,6.4,32.0,1.8,0.2,13.7,22.6,5.7,2.6,8.3,0.131,2.1,-0.3,1.8,2.9,,millean02,2008
17,Chris Paul,22,NOH,PG,80,80,3006,28.3,0.576,0.193,0.302,2.4,10.3,6.2,52.2,3.9,0.1,12.1,25.7,13.2,4.6,17.8,0.284,7.2,3.2,10.4,9.3,MVP-2DPOY-7ASNBA1,paulch01,2008
18,Rudy Gay,21,MEM,SF,81,81,3000,17.4,0.546,0.286,0.233,5.2,13.5,9.3,9.3,1.9,1.9,11.3,25.0,2.9,2.1,5.0,0.08,1.5,-0.6,0.8,2.1,,gayru01,2008
19,Raymond Felton,23,CHA,PG,79,79,2972,13.8,0.5,0.201,0.326,1.4,7.7,4.6,32.4,1.7,0.3,15.7,20.8,2.0,1.4,3.4,0.054,-0.6,-1.5,-2.1,-0.1,,feltora01,2008
20,Ricky Davis,28,MIA,SF,82,47,2963,12.0,0.534,0.343,0.203,2.2,12.2,7.1,16.4,1.6,0.4,15.3,20.0,0.3,1.6,1.9,0.03,-1.0,-1.0,-2.0,0.0,,davisri01,2008
21,Vince Carter,31,NJN,SG,76,72,2959,18.8,0.55,0.212,0.333,4.4,13.4,8.9,25.2,1.6,0.9,10.9,25.6,5.5,2.2,7.7,0.126,2.6,-0.3,2.4,3.3,,cartevi01,2008
22,Mike Dunleavy,27,IND,SG,82,82,2953,17.3,0.605,0.348,0.361,2.1,13.7,7.8,16.1,1.4,0.8,12.8,21.8,5.9,2.6,8.5,0.138,1.9,-0.2,1.7,2.8,,dunlemi02,2008
23,Lamar Odom,28,LAL,PF,77,77,2921,16.9,0.582,0.142,0.413,7.8,22.7,15.6,13.8,1.3,1.8,14.2,16.5,5.3,4.3,9.7,0.159,1.3,1.0,2.3,3.2,,odomla01,2008
24,Al Jefferson,23,MIN,C,82,82,2919,22.7,0.535,0.003,0.273,11.9,24.7,18.1,7.5,1.3,3.2,9.4,27.5,4.8,2.9,7.7,0.127,2.8,-1.2,1.6,2.6,,jeffeal01,2008
25,Shane Battier,29,HOU,SF,80,78,2907,11.7,0.561,0.596,0.163,5.2,10.5,7.9,8.0,1.4,2.3,10.5,11.7,3.6,4.6,8.2,0.135,0.0,1.9,2.0,2.9,DPOY-3,battish01,2008
26,Jason Kidd,34,2TM,PG,80,80,2906,16.7,0.499,0.393,0.208,3.8,20.0,12.0,44.0,2.5,0.7,23.5,17.9,2.0,3.8,5.9,0.097,1.6,1.3,3.0,3.6,AS,kiddja01,2008
27,Jason Kidd,34,NJN,PG,51,51,1895,15.7,0.483,0.43,0.202,3.5,21.7,12.6,45.5,2.0,0.6,23.6,18.9,0.4,2.1,2.5,0.064,1.4,0.8,2.2,2.0,,kiddja01,2008
28,Jason Kidd,34,DAL,PG,29,29,1011,18.4,0.536,0.311,0.221,4.3,16.8,10.7,41.1,3.3,0.8,23.2,16.1,1.6,1.7,3.3,0.157,2.2,2.2,4.4,1.6,,kiddja01,2008
29,Danny Granger,24,IND,SF,80,80,2876,16.7,0.571,0.351,0.314,3.4,15.2,9.2,9.6,1.6,2.2,11.1,23.2,4.1,3.2,7.3,0.122,1.3,0.1,1.4,2.5,,grangda01,2008
30,Paul Pierce,30,BOS,SF,80,80,2874,19.6,0.599,0.332,0.442,2.3,14.0,8.5,21.8,1.9,1.0,14.4,24.8,6.7,5.7,12.4,0.207,3.3,1.4,4.8,5.0,MVP-14ASNBA3,piercpa01,2008
31,Josh Smith,22,ATL,PF,81,81,2873,19.0,0.52,0.087,0.414,6.6,20.4,13.5,16.6,2.3,5.9,15.5,25.0,1.2,4.6,5.8,0.097,0.5,2.5,3.0,3.7,DPOY-6,smithjo03,2008
32,David West,27,NOH,PF,76,76,2870,19.9,0.535,0.019,0.27,7.2,20.6,13.7,10.6,1.2,2.7,10.2,26.3,4.3,4.0,8.4,0.14,1.3,0.2,1.5,2.6,AS,westda01,2008
33,Stephen Jackson,29,GSW,SF,73,73,2855,14.9,0.536,0.416,0.307,2.4,9.8,6.0,15.2,1.6,0.7,12.6,23.1,3.2,1.4,4.6,0.077,1.1,-1.2,-0.2,1.3,,jacksst02,2008
34,Carlos Boozer,26,UTA,PF,81,81,2827,21.9,0.581,0.001,0.303,8.6,27.7,18.2,14.2,1.8,1.2,12.5,26.6,5.9,4.3,10.2,0.173,2.5,0.3,2.8,3.5,MVP-14ASNBA3,boozeca01,2008
35,Carmelo Anthony,23,DEN,SF,77,77,2806,21.1,0.568,0.111,0.398,7.0,14.9,11.0,16.1,1.7,1.0,12.7,30.2,5.2,3.0,8.2,0.14,2.5,-0.9,1.6,2.5,MVP-13AS,anthoca01,2008
36,Brandon Roy,23,POR,SG,74,74,2792,19.4,0.531,0.184,0.319,3.4,11.2,7.3,28.2,1.5,0.4,9.3,24.9,5.9,2.1,8.0,0.138,3.2,0.1,3.3,3.6,AS,roybr01,2008
37,Tyson Chandler,25,NOH,C,79,79,2783,17.5,0.632,0.002,0.488,13.2,26.1,19.5,4.4,0.9,2.4,15.6,14.5,5.9,4.1,10.0,0.172,0.7,-0.2,0.4,1.7,DPOY-11,chandty01,2008
38,Steve Nash,33,PHO,PG,81,81,2780,21.1,0.641,0.396,0.255,1.2,9.6,5.7,47.3,0.9,0.1,21.6,22.0,9.0,1.4,10.5,0.181,5.8,-1.8,3.9,4.2,MVP-9ASNBA2,nashst01,2008
39,Dirk Nowitzki,29,DAL,PF,77,77,2769,24.6,0.585,0.167,0.414,4.1,22.8,13.8,17.8,1.0,1.9,9.3,28.8,8.9,4.0,12.9,0.223,5.6,1.0,6.6,6.0,MVP-11ASNBA2,nowitdi01,2008
40,Kevin Durant,19,SEA,SG,80,80,2768,15.8,0.519,0.15,0.328,2.8,10.9,6.9,12.0,1.4,1.9,12.9,28.1,0.4,1.9,2.3,0.04,0.5,-0.7,-0.1,1.3,ROY-1,duranke01,2008
41,Marvin Williams,21,ATL,SF,80,80,2765,14.5,0.54,0.011,0.446,5.0,14.2,9.6,8.3,1.5,0.9,10.4,20.1,3.6,2.1,5.7,0.099,-0.9,-0.5,-1.4,0.4,,willima02,2008
42,Marcus Camby,33,DEN,C,79,79,2758,17.2,0.498,0.031,0.318,9.2,31.1,20.3,12.9,1.5,7.3,14.0,13.0,2.6,5.9,8.5,0.148,0.1,3.3,3.4,3.8,DPOY-2,cambyma01,2008
43,Josh Howard,27,DAL,SF,76,76,2757,18.3,0.534,0.168,0.308,5.2,16.7,11.2,10.6,1.1,0.9,7.5,25.9,4.8,3.2,8.0,0.14,1.8,-0.6,1.2,2.2,,howarjo01,2008
44,Samuel Dalembert,26,PHI,C,82,82,2724,15.6,0.556,0.002,0.398,13.1,24.0,18.5,2.5,0.8,5.6,16.6,15.4,2.6,4.3,6.9,0.121,-1.5,0.5,-1.0,0.7,DPOY-13,dalemsa01,2008
45,Andrew Bogut,23,MIL,C,78,78,2720,17.5,0.532,0.008,0.354,10.2,23.4,16.5,12.4,1.2,3.9,14.1,20.2,2.6,2.3,4.8,0.085,0.0,0.0,0.0,1.4,,bogutan01,2008
46,Emeka Okafor,25,CHA,C,82,82,2718,17.4,0.553,0.0,0.435,10.7,26.4,18.5,4.5,1.2,3.9,13.8,20.0,2.2,3.6,5.8,0.103,-0.7,-0.4,-1.1,0.6,,okafoem01,2008
47,Peja Stojaković,30,NOH,SF,77,77,2711,15.7,0.581,0.511,0.136,2.7,11.8,7.1,5.6,1.1,0.3,5.3,19.7,5.8,2.4,8.1,0.144,2.5,-0.9,1.7,2.5,,stojape01,2008
48,Cuttino Mobley,32,LAC,SG,77,38,2702,11.5,0.514,0.221,0.229,2.1,9.7,5.9,13.1,1.5,0.9,11.4,18.5,0.4,1.7,2.1,0.037,-1.7,-0.6,-2.3,-0.2,,moblecu01,2008
49,Michael Redd,28,MIL,SG,72,71,2702,18.8,0.559,0.289,0.394,3.5,10.2,6.7,16.4,1.3,0.4,11.0,27.3,5.6,0.2,5.8,0.104,3.5,-2.1,1.5,2.4,,reddmi01,2008
50,Tayshaun Prince,27,DET,SF,82,82,2694,15.6,0.516,0.155,0.256,4.8,12.9,8.8,16.5,0.9,1.0,8.0,19.9,4.3,3.2,7.5,0.133,1.7,-0.1,1.6,2.5,DPOY-10,princta01,2008
51,Amar'e Stoudemire,25,PHO,C,79,79,2677,27.6,0.656,0.026,0.571,8.2,21.1,15.2,7.5,1.2,4.0,10.3,28.2,10.9,3.8,14.6,0.262,4.2,0.6,4.8,4.6,MVP-6ASNBA2,stoudam01,2008
52,Tim Duncan,31,SAS,C,78,78,2651,24.4,0.546,0.003,0.393,10.7,28.3,19.6,15.7,1.1,4.3,11.4,28.2,4.9,6.2,11.1,0.201,3.0,2.2,5.2,4.8,MVP-7DPOY-9ASNBA2,duncati01,2008
53,LaMarcus Aldridge,22,POR,PF,76,76,2649,18.5,0.523,0.006,0.257,9.8,15.8,12.8,8.8,1.1,2.8,8.9,25.3,3.5,2.8,6.2,0.113,0.6,-0.4,0.2,1.5,,aldrila01,2008
54,Raja Bell,31,PHO,SG,75,75,2646,10.5,0.561,0.583,0.121,2.2,9.0,5.9,8.6,1.0,0.7,7.6,14.5,3.0,1.5,4.5,0.082,-0.3,-0.5,-0.8,0.8,DPOY-13,bellra01,2008
55,Anthony Parker,32,TOR,SG,82,82,2634,14.4,0.58,0.367,0.151,2.2,12.9,7.5,10.8,1.6,0.5,9.0,17.4,3.8,2.5,6.2,0.113,0.6,0.2,0.9,1.9,,parkean01,2008
56,Ray Allen,32,BOS,SG,73,73,2624,16.4,0.584,0.458,0.24,3.6,8.3,6.1,14.6,1.3,0.5,10.4,21.6,5.6,4.1,9.7,0.177,2.9,0.2,3.0,3.3,AS,allenra02,2008
57,Jason Terry,30,DAL,SG,82,34,2579,17.8,0.574,0.36,0.221,1.4,7.7,4.7,17.5,1.8,0.5,7.7,21.7,6.1,2.5,8.6,0.16,2.6,0.4,3.1,3.3,6MOY-3,terryja01,2008
58,DeShawn Stevenson,26,WAS,SG,82,82,2564,12.6,0.529,0.529,0.253,1.6,9.3,5.4,15.5,1.4,0.5,10.5,17.4,3.2,0.9,4.1,0.077,0.9,-1.0,-0.2,1.2,,stevede01,2008
59,Al Horford,21,ATL,C,81,77,2540,14.7,0.539,0.007,0.317,11.4,24.5,18.0,7.9,1.2,2.2,15.3,16.0,2.4,3.0,5.5,0.103,-1.2,-0.3,-1.6,0.3,ROY-2,horfoal01,2008
60,Rafer Alston,31,HOU,PG,74,74,2526,13.2,0.492,0.44,0.148,1.3,10.2,5.8,25.2,2.1,0.5,14.0,20.7,1.0,4.0,5.0,0.095,-0.5,1.0,0.5,1.6,,alstora01,2008
61,Chauncey Billups,31,DET,PG,78,78,2522,23.6,0.619,0.39,0.498,2.0,8.1,5.0,34.7,2.2,0.5,13.0,23.0,10.2,3.4,13.5,0.257,6.5,1.2,7.7,6.2,DPOY-16AS,billuch01,2008
62,John Salmons,28,SAC,SG,81,41,2517,13.9,0.556,0.15,0.325,3.6,12.6,8.2,13.4,1.9,1.0,15.7,19.2,2.0,1.7,3.7,0.071,-0.3,-0.3,-0.6,0.9,,salmojo01,2008
63,Brad Miller,31,SAC,C,72,72,2513,16.8,0.558,0.124,0.424,8.0,23.7,16.0,16.6,1.4,2.3,16.0,18.3,3.8,2.7,6.5,0.125,0.9,0.8,1.7,2.3,,millebr01,2008
64,Corey Maggette,28,LAC,SF,70,65,2502,19.3,0.595,0.203,0.681,3.6,14.7,9.1,14.3,1.5,0.2,13.0,27.6,5.1,1.8,6.9,0.133,2.6,-0.7,1.9,2.4,,maggeco01,2008
65,José Calderón,26,TOR,PG,82,56,2484,20.5,0.607,0.26,0.17,1.6,9.7,5.6,42.3,1.9,0.2,14.2,16.8,8.1,2.2,10.2,0.197,4.1,0.4,4.5,4.1,,caldejo01,2008
66,Mike Miller,27,MEM,SG,70,70,2474,16.1,0.625,0.436,0.257,2.3,19.0,10.6,16.0,0.7,0.5,16.6,19.8,3.9,1.1,5.0,0.098,2.2,-1.1,1.1,2.0,,millemi01,2008
67,Bruce Bowen,36,SAS,SF,81,81,2448,7.0,0.527,0.502,0.161,1.6,9.6,5.6,5.5,1.2,0.7,9.1,9.9,0.9,3.4,4.4,0.085,-2.9,1.5,-1.4,0.4,DPOY-4,bowenbr01,2008
68,Tracy McGrady,28,HOU,SG,66,62,2440,18.4,0.487,0.226,0.274,2.0,13.5,7.8,29.6,1.5,0.9,9.8,30.4,2.0,3.8,5.8,0.115,2.4,0.5,2.9,3.1,MVP-8NBA3,mcgratr01,2008
69,Ryan Gomes,25,MIN,PF,82,74,2434,15.7,0.539,0.209,0.267,6.1,16.8,11.3,9.6,1.4,0.3,9.1,19.5,3.6,1.2,4.8,0.096,1.0,-1.1,-0.1,1.1,,gomesry01,2008
70,Chris Bosh,23,TOR,C,67,67,2425,23.8,0.588,0.024,0.544,8.4,20.1,14.2,12.1,1.4,2.2,10.7,27.7,7.0,3.1,10.1,0.2,4.0,0.4,4.4,3.9,AS,boshch01,2008
71,Steve Blake,27,POR,PG,81,78,2424,12.0,0.518,0.466,0.1,1.5,7.9,4.7,27.1,1.2,0.1,14.5,15.3,2.5,1.3,3.8,0.075,0.1,-0.6,-0.5,0.9,,blakest01,2008
72,Richard Hamilton,29,DET,SG,72,72,2424,18.2,0.552,0.137,0.215,3.7,7.9,5.8,22.3,1.7,0.3,10.5,24.5,4.8,2.9,7.7,0.152,2.3,0.1,2.3,2.6,DPOY-13AS,hamilri01,2008
73,Leandro Barbosa,25,PHO,SG,82,12,2421,15.8,0.575,0.413,0.209,2.0,8.2,5.4,13.5,1.5,0.5,9.5,22.8,3.9,1.6,5.5,0.109,1.1,-0.9,0.2,1.4,6MOY-2,barbole01,2008
74,Mo Williams,25,MIL,PG,66,66,2410,17.0,0.566,0.251,0.211,1.7,9.8,5.6,30.0,1.7,0.3,15.3,22.1,4.1,0.5,4.5,0.091,1.7,-1.4,0.3,1.4,,willima01,2008
75,Mehmet Okur,28,UTA,C,72,72,2390,15.2,0.556,0.35,0.273,6.8,21.5,14.2,9.0,1.2,1.0,9.9,19.6,4.0,2.7,6.7,0.134,1.3,-0.5,0.8,1.7,,okurme01,2008
76,Mikki Moore,32,SAC,PF,82,79,2385,11.5,0.613,0.004,0.372,8.1,16.2,12.2,5.4,0.7,1.5,16.2,12.7,3.2,1.4,4.6,0.092,-1.8,-0.6,-2.4,-0.3,,mooremi01,2008
77,Kirk Hinrich,27,CHI,PG,75,72,2380,13.1,0.501,0.301,0.178,1.3,10.6,5.8,30.9,1.9,0.6,15.4,18.9,1.5,2.1,3.6,0.072,-0.9,0.2,-0.8,0.7,,hinriki01,2008
78,Gerald Wallace,25,CHA,PF,62,59,2376,17.5,0.547,0.243,0.471,2.8,15.3,9.0,15.9,2.9,1.9,14.1,24.6,1.8,2.8,4.6,0.094,0.8,1.3,2.1,2.5,,wallage01,2008
79,David Lee,24,NYK,PF,81,29,2356,18.0,0.606,0.003,0.383,11.3,24.1,17.5,6.7,1.2,1.0,11.8,15.6,5.6,1.8,7.4,0.151,1.1,-0.7,0.4,1.4,6MOY-14,leeda02,2008
80,Pau Gasol,27,2TM,C,66,66,2351,21.6,0.594,0.018,0.407,7.4,18.7,13.1,15.2,0.6,3.0,10.6,22.1,6.4,2.1,8.4,0.172,3.3,0.1,3.4,3.2,,gasolpa01,2008
81,Pau Gasol,27,MEM,C,39,39,1433,20.1,0.566,0.027,0.386,7.3,19.6,13.4,14.0,0.6,2.8,10.9,22.7,3.0,0.9,3.9,0.129,2.4,-0.3,2.1,1.5,,gasolpa01,2008
82,Pau Gasol,27,LAL,C,27,27,918,24.0,0.639,0.003,0.441,7.7,17.4,12.8,17.0,0.8,3.3,10.0,21.2,3.4,1.2,4.6,0.239,4.7,0.8,5.5,1.7,,gasolpa01,2008
83,Rasheed Wallace,33,DET,C,77,76,2346,17.2,0.523,0.362,0.172,4.3,21.8,13.0,9.7,2.1,4.3,8.4,20.5,2.5,5.1,7.6,0.155,1.5,2.6,4.1,3.6,MVP-14DPOY-12AS,wallara01,2008
84,Kevin Garnett,31,BOS,PF,71,71,2328,25.3,0.588,0.011,0.339,7.3,25.1,16.8,19.9,2.3,3.1,10.8,25.5,6.6,6.2,12.9,0.265,4.7,3.5,8.2,6.0,MVP-3DPOY-1ASNBA1,garneke01,2008
85,Shawn Marion,29,2TM,PF,63,62,2315,19.2,0.57,0.252,0.191,7.1,23.9,16.0,9.4,2.7,2.5,9.2,18.5,3.5,3.9,7.4,0.153,1.7,1.6,3.3,3.1,,mariosh01,2008
86,Shawn Marion,29,PHO,PF,47,47,1713,20.0,0.594,0.289,0.187,6.2,23.1,15.3,8.4,2.8,2.7,7.3,17.6,3.5,3.0,6.5,0.181,2.5,2.1,4.5,2.8,,mariosh01,2008
87,Shawn Marion,29,MIA,PF,16,15,602,17.1,0.503,0.148,0.201,9.8,26.1,17.8,12.1,2.7,2.0,14.0,20.8,0.0,0.9,0.9,0.072,-0.5,0.2,-0.4,0.3,,mariosh01,2008
88,Caron Butler,27,WAS,SF,58,58,2314,20.7,0.558,0.196,0.278,4.6,15.4,9.8,21.9,3.0,0.7,12.4,24.0,4.8,2.4,7.2,0.15,3.0,1.1,4.1,3.5,AS,butleca01,2008
89,Tony Parker,25,SAS,PG,69,68,2312,20.0,0.542,0.063,0.333,1.6,9.6,5.6,34.1,1.3,0.3,12.1,28.2,3.9,3.2,7.0,0.146,2.5,-0.1,2.4,2.6,,parketo01,2008
90,Boris Diaw,25,PHO,PF,82,19,2308,12.0,0.516,0.063,0.2,5.2,12.7,9.3,19.0,1.3,1.1,18.1,16.6,1.1,1.9,3.0,0.063,-1.0,0.2,-0.8,0.7,,diawbo01,2008
91,Rajon Rondo,21,BOS,PG,77,77,2306,15.6,0.515,0.027,0.245,4.3,11.9,8.3,28.2,3.0,0.5,15.7,18.9,2.3,4.9,7.2,0.15,-0.4,2.6,2.1,2.4,DPOY-16,rondora01,2008
92,Manu Ginóbili,30,SAS,SG,74,23,2299,24.3,0.612,0.395,0.449,3.3,14.7,9.1,26.4,2.6,1.1,14.5,28.7,6.6,4.5,11.1,0.232,5.6,2.7,8.3,6.0,MVP-106MOY-1NBA3,ginobma01,2008
93,Ben Gordon,24,CHI,SG,72,27,2291,16.4,0.558,0.324,0.274,1.9,9.2,5.4,16.9,1.2,0.3,11.1,26.0,3.6,1.4,5.1,0.106,2.1,-1.2,0.9,1.7,6MOY-5,gordobe01,2008
94,Antonio McDyess,33,DET,PF,78,78,2285,14.1,0.511,0.003,0.26,10.6,24.3,17.4,6.2,1.5,1.8,10.1,15.3,2.4,4.3,6.7,0.141,-1.1,0.7,-0.5,0.9,,mcdyean01,2008
95,Josh Childress,24,ATL,SF,76,0,2274,17.8,0.647,0.105,0.48,9.0,10.2,9.6,8.5,1.6,1.4,12.4,15.8,6.0,1.5,7.6,0.16,2.3,-0.3,2.0,2.3,6MOY-6,childjo01,2008
96,Earl Watson,28,SEA,PG,78,73,2269,14.6,0.517,0.177,0.194,2.1,8.7,5.4,36.6,1.5,0.3,17.8,18.8,1.7,1.1,2.9,0.061,0.1,-1.0,-0.9,0.6,,watsoea01,2008
97,Jeff Green,21,SEA,SF,80,52,2253,9.8,0.491,0.101,0.318,4.9,13.4,9.2,8.2,1.0,1.6,15.6,19.4,-1.3,1.5,0.2,0.003,-3.4,-0.6,-4.1,-1.2,,greenje02,2008
98,Derek Fisher,33,LAL,PG,82,82,2249,13.8,0.556,0.355,0.242,1.2,6.9,4.2,15.9,1.9,0.1,9.5,18.6,3.7,2.0,5.7,0.121,-0.3,0.0,-0.4,0.9,,fishede01,2008
99,Zach Randolph,26,NYK,C,69,68,2244,18.0,0.513,0.076,0.273,9.1,27.6,18.0,11.8,1.4,0.6,13.6,27.4,0.9,2.0,3.0,0.063,0.5,-1.1,-0.6,0.8,,randoza01,2008
100,Jarrett Jack,24,POR,SG,82,16,2229,13.0,0.558,0.306,0.4,1.6,10.7,6.2,22.7,1.5,0.0,19.6,19.3,1.6,1.5,3.2,0.069,-0.8,-0.4,-1.2,0.5,6MOY-14,jackja01,2008
101,Brendan Haywood,28,WAS,C,80,80,2228,18.3,0.582,0.0,0.491,14.0,16.4,15.2,5.2,0.7,5.0,12.9,17.3,4.9,1.9,6.8,0.146,0.6,-0.8,-0.2,1.0,,haywobr01,2008
102,Nick Collison,27,SEA,PF,78,35,2223,15.0,0.537,0.003,0.261,12.5,23.3,17.9,7.9,1.1,1.9,14.2,16.2,2.2,2.3,4.5,0.098,-1.2,-0.2,-1.4,0.3,,collini01,2008
103,Zydrunas Ilgauskas,32,CLE,C,73,73,2222,18.7,0.522,0.001,0.276,13.1,22.2,17.5,8.5,0.8,4.3,12.0,22.9,2.9,3.2,6.1,0.131,-0.1,-0.3,-0.4,0.9,,ilgauzy01,2008
104,Grant Hill,35,PHO,SF,70,68,2222,15.7,0.576,0.146,0.275,4.1,13.1,9.0,13.1,1.5,1.6,10.7,18.0,3.8,2.1,5.9,0.127,0.9,0.5,1.4,1.9,,hillgr01,2008
105,Andrei Kirilenko,26,UTA,SF,72,72,2217,17.2,0.603,0.213,0.472,6.7,11.9,9.3,18.2,2.0,4.0,17.6,16.1,4.3,2.8,7.1,0.154,3.1,2.0,5.2,4.0,DPOY-16,kirilan01,2008
106,Kevin Martin,24,SAC,SG,61,57,2216,21.0,0.618,0.291,0.632,2.6,11.8,7.3,10.1,1.4,0.2,10.1,26.2,7.4,1.1,8.4,0.183,3.8,-1.4,2.4,2.4,,martike02,2008
107,Ben Wallace,33,2TM,C,72,72,2205,12.0,0.408,0.011,0.48,11.6,19.6,15.5,6.9,2.1,4.2,13.6,10.0,0.1,3.5,3.6,0.078,-1.7,1.9,0.2,1.2,,wallabe01,2008
108,Ben Wallace,33,CHI,C,50,50,1627,11.8,0.391,0.015,0.461,11.7,19.1,15.3,8.2,2.2,3.8,13.1,10.2,0.0,2.5,2.4,0.072,-1.6,2.0,0.4,1.0,,wallabe01,2008
109,Ben Wallace,33,CLE,PF,22,22,578,12.4,0.463,0.0,0.543,11.3,21.2,16.1,3.3,1.8,5.0,15.2,9.3,0.2,1.0,1.2,0.097,-2.0,1.6,-0.3,0.2,,wallabe01,2008
110,Michael Finley,34,SAS,SG,82,61,2204,11.4,0.519,0.469,0.105,1.5,12.0,6.8,8.6,0.7,0.3,6.6,18.5,1.3,2.9,4.2,0.091,-0.5,-0.1,-0.6,0.8,,finlemi01,2008
111,Keith Bogans,27,ORL,SG,82,35,2198,10.9,0.559,0.696,0.187,2.3,11.3,7.0,7.1,1.4,0.3,7.7,14.4,2.6,2.3,4.9,0.106,0.1,0.5,0.6,1.4,,boganke01,2008
112,Al Harrington,27,GSW,C,81,59,2190,15.6,0.547,0.442,0.206,5.0,16.9,10.7,8.9,1.6,0.5,8.2,21.1,3.7,1.7,5.4,0.118,1.0,-0.8,0.2,1.2,,harrial01,2008
113,Marko Jarić,29,MIN,SG,75,56,2189,12.1,0.518,0.241,0.309,2.0,10.1,5.9,21.0,2.3,1.2,17.6,15.0,1.1,1.3,2.4,0.053,-1.5,0.6,-0.9,0.6,,jaricma01,2008
114,Travis Outlaw,23,POR,PF,82,6,2186,15.7,0.499,0.105,0.305,5.2,15.0,10.1,8.9,1.5,2.2,8.9,26.0,0.9,2.3,3.2,0.071,-0.2,-0.1,-0.3,1.0,6MOY-9,outlatr01,2008
115,Metta World Peace,28,SAC,SF,57,54,2172,18.8,0.535,0.23,0.307,5.6,12.1,8.9,16.2,3.1,1.4,11.9,25.5,2.4,2.2,4.7,0.103,2.1,0.7,2.8,2.6,DPOY-16,artesro01,2008
116,Jamario Moon,27,TOR,SF,78,75,2166,15.0,0.54,0.212,0.148,5.0,21.6,13.2,6.2,2.0,4.0,7.7,14.4,2.1,3.6,5.7,0.126,0.0,1.9,1.9,2.2,ROY-5,moonja01,2008
117,Antonio Daniels,32,WAS,PG,71,63,2161,13.7,0.549,0.166,0.49,1.2,10.0,5.5,24.0,1.7,0.1,14.3,13.5,3.5,1.0,4.5,0.099,-0.4,-0.3,-0.8,0.7,,daniean01,2008
118,Kenyon Martin,30,DEN,PF,71,71,2159,14.7,0.553,0.016,0.303,5.4,17.5,11.6,6.3,2.0,2.8,10.3,17.4,2.0,3.0,5.0,0.111,-1.6,0.8,-0.8,0.6,,martike01,2008
119,Al Thornton,24,LAC,PF,79,31,2158,12.7,0.504,0.149,0.331,5.2,14.0,9.6,8.4,1.1,1.5,11.4,24.1,-0.5,1.6,1.1,0.025,-1.9,-1.5,-3.4,-0.8,ROY-4,thornal01,2008
120,Martell Webster,21,POR,SF,75,70,2132,12.0,0.548,0.483,0.253,3.0,13.3,8.2,7.0,1.1,1.0,10.2,18.0,1.8,1.7,3.5,0.079,0.1,-0.2,-0.2,1.0,,webstma02,2008
121,Luol Deng,22,CHI,SF,63,59,2128,17.0,0.528,0.025,0.296,7.0,14.2,10.4,13.2,1.4,1.1,10.6,23.6,2.4,1.9,4.4,0.098,1.1,-1.0,0.1,1.1,,denglu01,2008
122,Drew Gooden,26,2TM,PF,69,65,2122,13.8,0.495,0.008,0.291,9.1,23.0,15.8,6.5,1.2,2.0,12.8,20.3,0.5,2.8,3.3,0.074,-2.1,-0.7,-2.8,-0.4,,goodedr01,2008
123,Drew Gooden,26,CLE,PF,51,51,1564,12.5,0.487,0.006,0.289,8.3,23.0,15.4,5.4,1.2,1.5,13.4,19.7,-0.1,2.1,2.0,0.06,-2.7,-0.7,-3.5,-0.6,,goodedr01,2008
124,Drew Gooden,26,CHI,PF,18,14,558,17.4,0.514,0.014,0.295,11.3,22.8,16.9,9.7,1.2,3.2,11.2,21.9,0.6,0.8,1.3,0.114,-0.4,-0.5,-0.9,0.1,,goodedr01,2008
125,Juan Carlos Navarro,27,MEM,SG,82,30,2117,11.9,0.54,0.564,0.191,1.8,9.4,5.6,13.3,1.1,0.0,13.9,20.2,1.0,0.4,1.4,0.031,-0.3,-2.0,-2.3,-0.2,ROY-6,navarju01,2008
126,Troy Murphy,27,IND,PF,75,61,2106,16.0,0.573,0.341,0.348,5.5,22.9,14.0,12.3,1.1,1.1,10.7,18.4,3.7,2.5,6.2,0.141,0.9,0.2,1.2,1.7,,murphtr01,2008
127,Francisco García,26,SAC,SF,79,20,2096,15.1,0.576,0.384,0.277,3.0,11.7,7.4,10.2,2.3,1.8,13.2,20.7,2.4,1.8,4.2,0.097,0.7,0.1,0.8,1.5,,garcifr01,2008
128,Kyle Lowry,21,MEM,PG,82,9,2089,14.3,0.531,0.236,0.588,2.2,11.3,6.7,21.8,2.2,0.8,14.6,18.6,2.1,1.3,3.4,0.078,-1.2,0.3,-0.9,0.6,DPOY-16,lowryky01,2008
129,Ronnie Brewer,22,UTA,SG,76,76,2088,18.4,0.612,0.079,0.405,5.7,7.0,6.4,9.7,3.2,0.7,8.5,17.5,5.4,2.4,7.8,0.178,2.2,1.6,3.8,3.1,,brewero02,2008
130,Chris Kaman,25,LAC,C,56,55,2083,17.5,0.538,0.006,0.379,9.5,30.0,19.7,9.3,0.8,5.6,16.7,21.7,0.4,3.2,3.6,0.083,-0.9,1.2,0.3,1.2,,kamanch01,2008
131,Beno Udrih,25,SAC,PG,65,51,2080,13.3,0.54,0.194,0.208,2.0,10.2,6.2,22.2,1.4,0.4,16.1,19.8,1.5,0.9,2.4,0.056,-0.2,-1.2,-1.4,0.3,,udrihbe01,2008
132,Andris Biedriņš,21,GSW,C,76,59,2078,19.2,0.637,0.0,0.344,12.7,26.2,19.1,5.2,1.3,3.3,12.0,14.4,5.4,2.6,8.0,0.185,1.1,0.1,1.1,1.6,,biedran01,2008
133,Yao Ming,27,HOU,C,55,55,2044,22.5,0.587,0.002,0.477,9.6,22.9,16.4,11.5,0.6,4.0,15.1,27.1,4.2,4.1,8.3,0.196,1.8,1.6,3.4,2.8,ASNBA3,mingya01,2008
134,Luis Scola,27,HOU,PF,82,39,2024,16.1,0.548,0.004,0.351,9.9,19.3,14.6,8.9,1.6,0.7,12.0,19.8,2.8,3.7,6.5,0.154,-1.0,1.0,0.0,1.0,ROY-3,scolalu01,2008
135,Devin Harris,24,2TM,PG,64,61,2022,17.5,0.573,0.241,0.434,1.6,8.2,5.0,31.1,2.4,0.4,16.3,22.6,3.6,1.9,5.6,0.132,1.2,-0.2,1.0,1.5,,harride01,2008
136,Devin Harris,24,DAL,PG,39,39,1184,18.0,0.592,0.181,0.506,1.7,7.0,4.4,28.6,2.5,0.1,16.4,22.3,2.6,1.3,3.9,0.158,1.2,0.2,1.4,1.0,,harride01,2008
137,Devin Harris,24,NJN,PG,25,22,838,16.7,0.548,0.317,0.343,1.5,9.8,5.7,34.7,2.1,0.7,16.2,23.0,1.1,0.6,1.7,0.096,1.2,-0.9,0.3,0.5,,harride01,2008
138,Andrés Nocioni,28,CHI,SF,82,27,2021,13.6,0.549,0.395,0.277,2.6,17.0,9.5,8.3,0.6,1.7,11.9,24.5,1.5,1.8,3.3,0.077,-0.2,-0.7,-0.8,0.6,6MOY-18,nocioan01,2008
139,Rashad McCants,23,MIN,SG,75,24,2020,14.6,0.55,0.37,0.164,2.8,9.2,5.9,14.1,1.7,0.7,14.5,26.4,0.9,0.8,1.7,0.04,0.7,-1.5,-0.8,0.6,6MOY-14,mccanra01,2008
140,Larry Hughes,29,2TM,SG,68,57,2020,11.9,0.468,0.242,0.235,2.1,11.1,6.5,15.1,2.6,0.7,11.6,22.2,-0.5,2.3,1.8,0.042,-2.3,0.0,-2.3,-0.1,,hughela01,2008
141,Larry Hughes,29,CLE,PG,40,32,1210,11.6,0.467,0.264,0.226,2.5,11.3,6.7,13.1,2.6,0.7,12.0,22.4,-0.4,1.5,1.1,0.042,-2.6,0.3,-2.3,-0.1,,hughela01,2008
142,Larry Hughes,29,CHI,SG,28,25,810,12.4,0.469,0.211,0.248,1.6,10.8,6.1,17.9,2.5,0.6,10.9,22.0,-0.1,0.8,0.7,0.043,-2.0,-0.4,-2.4,-0.1,,hughela01,2008
143,Matt Carroll,27,CHA,SG,80,18,2016,10.7,0.554,0.409,0.234,1.9,11.1,6.4,5.8,1.2,0.7,8.2,16.1,1.9,1.0,3.0,0.071,-1.2,-0.8,-2.0,0.0,,carroma01,2008
144,Willie Green,26,PHI,SG,74,74,1970,12.8,0.492,0.206,0.17,1.9,9.1,5.5,13.2,1.5,0.9,10.4,23.9,0.4,1.6,2.1,0.05,-0.9,-0.8,-1.6,0.2,,greenwi01,2008
145,Jameer Nelson,25,ORL,PG,69,62,1961,15.5,0.564,0.255,0.25,1.7,12.1,7.1,31.1,1.7,0.1,17.4,19.0,3.4,2.2,5.6,0.136,0.7,0.5,1.2,1.6,,nelsoja01,2008
146,Anthony Carter,32,DEN,PG,70,67,1960,12.8,0.531,0.271,0.179,1.5,9.4,5.5,27.4,2.6,1.0,19.5,13.8,1.6,2.2,3.8,0.092,-1.2,1.2,-0.1,1.0,,cartean01,2008
147,Dwyane Wade,26,MIA,SG,51,49,1954,21.5,0.549,0.082,0.498,2.7,10.5,6.6,37.5,2.4,1.5,16.4,33.1,1.8,1.5,3.3,0.082,3.1,-0.2,2.9,2.3,AS,wadedw01,2008
148,Tim Thomas,30,LAC,PF,63,51,1940,12.2,0.505,0.384,0.217,3.7,15.6,9.6,15.7,1.1,1.1,11.3,20.7,0.3,1.4,1.7,0.042,-0.9,-0.5,-1.4,0.3,,thomati01,2008
149,Sebastian Telfair,22,MIN,PG,60,51,1933,10.4,0.462,0.205,0.189,0.9,7.4,4.0,27.7,1.6,0.5,15.6,16.6,0.2,0.5,0.7,0.018,-2.2,-1.0,-3.1,-0.6,,telfase01,2008
150,Carlos Delfino,25,TOR,SG,82,0,1928,13.6,0.527,0.497,0.247,4.0,18.1,11.0,11.3,1.9,0.5,9.7,19.0,1.7,2.3,4.0,0.1,0.0,0.3,0.4,1.2,,delfica01,2008
151,Kendrick Perkins,23,BOS,C,78,78,1912,13.3,0.632,0.003,0.526,9.6,19.3,14.8,6.8,0.9,4.9,22.6,13.5,1.9,4.3,6.2,0.156,-1.9,2.4,0.5,1.2,,perkike01,2008
152,Linas Kleiza,23,DEN,SF,79,13,1889,14.4,0.585,0.42,0.323,5.4,13.5,9.5,7.5,1.1,0.7,10.6,18.9,3.1,1.6,4.7,0.119,0.2,-1.1,-0.9,0.5,6MOY-11,kleizli01,2008
153,Jason Williams,32,MIA,PG,67,53,1886,12.7,0.502,0.5,0.145,0.8,7.6,4.1,27.3,2.3,0.2,13.5,17.0,1.0,1.1,2.1,0.052,-0.5,-0.4,-0.9,0.6,,willija02,2008
154,Jeff Foster,31,IND,C,77,52,1884,15.7,0.568,0.008,0.389,14.9,23.8,19.3,10.1,1.5,1.3,12.4,11.5,4.0,2.4,6.5,0.165,0.3,0.2,0.5,1.2,,fosteje01,2008
155,Nate Robinson,23,NYK,PG,72,17,1883,15.3,0.526,0.373,0.251,3.0,10.7,6.7,19.7,1.7,0.0,10.6,23.1,2.5,0.7,3.2,0.082,0.8,-0.8,0.0,1.0,,robinna01,2008
156,Reggie Evans,27,PHI,PF,81,61,1879,11.0,0.463,0.003,0.743,14.0,24.7,19.3,5.0,2.4,0.3,19.0,13.6,-0.3,3.0,2.7,0.068,-3.0,0.0,-3.0,-0.5,,evansre01,2008
157,Lou Williams,21,PHI,PG,80,0,1862,16.7,0.523,0.203,0.386,2.6,8.1,5.3,22.6,2.3,0.6,12.4,24.3,2.5,1.8,4.4,0.112,1.3,0.1,1.4,1.6,6MOY-14,willilo02,2008
158,Andrea Bargnani,22,TOR,PF,78,53,1861,10.6,0.495,0.36,0.233,3.2,15.2,9.2,7.4,0.7,1.6,9.9,22.5,-0.3,1.6,1.4,0.036,-2.5,-1.2,-3.7,-0.8,,bargnan01,2008
159,Damien Wilkins,28,SEA,SF,76,31,1843,11.3,0.474,0.23,0.214,4.3,10.2,7.2,12.7,1.7,0.7,10.8,19.4,-0.1,1.2,1.0,0.027,-2.0,-0.3,-2.3,-0.2,,wilkida02,2008
160,Quentin Richardson,27,NYK,SF,65,65,1841,8.5,0.444,0.386,0.159,3.4,16.5,9.7,9.9,1.3,0.6,10.4,16.1,-0.6,0.9,0.3,0.008,-2.3,-0.5,-2.8,-0.4,,richaqu01,2008
161,Charlie Villanueva,23,MIL,PF,76,31,1829,14.9,0.502,0.227,0.193,8.9,21.5,15.0,7.5,0.9,1.5,10.8,24.4,0.9,0.9,1.7,0.045,-0.4,-2.4,-2.8,-0.3,,villach01,2008
162,James Posey,31,BOS,PF,74,2,1821,12.0,0.587,0.674,0.278,2.1,18.0,10.5,9.5,2.1,0.9,12.3,13.5,2.2,4.0,6.2,0.164,0.0,2.5,2.5,2.1,6MOY-8,poseyja01,2008
163,Joel Przybilla,28,POR,C,77,67,1819,12.3,0.611,0.004,0.488,12.7,29.3,21.0,2.3,0.4,4.0,23.8,10.4,1.6,2.7,4.3,0.113,-2.6,0.9,-1.7,0.1,,przybjo01,2008
164,Udonis Haslem,27,MIA,PF,49,48,1805,12.7,0.517,0.0,0.28,7.0,22.7,14.7,6.5,1.1,0.8,10.5,16.7,1.0,1.5,2.5,0.067,-1.8,-0.9,-2.7,-0.3,,hasleud01,2008
165,Corey Brewer,21,MIN,SF,79,35,1803,8.3,0.429,0.074,0.226,5.1,13.9,9.4,9.1,2.2,1.1,14.3,15.6,-1.4,1.2,-0.2,-0.005,-4.2,0.1,-4.1,-1.0,,breweco01,2008
166,Morris Peterson,30,NOH,SG,76,76,1796,11.2,0.549,0.556,0.165,2.3,11.3,6.7,5.5,1.4,0.3,6.9,15.4,2.1,1.7,3.8,0.101,-0.5,0.1,-0.3,0.8,,petermo01,2008
167,Josh Boone,23,NJN,PF,70,53,1773,14.8,0.543,0.0,0.5,12.5,20.8,16.6,5.3,1.1,2.7,11.4,15.4,1.9,1.8,3.7,0.1,-0.9,-0.9,-1.8,0.1,,boonejo01,2008
168,Jason Maxiell,24,DET,C,82,7,1768,16.7,0.576,0.002,0.605,11.9,17.4,14.6,4.2,0.7,4.2,11.2,17.0,3.4,2.9,6.3,0.171,-0.3,0.2,-0.1,0.8,6MOY-9,maxieja01,2008
169,Daniel Gibson,21,CLE,PG,58,26,1765,11.7,0.592,0.576,0.226,1.9,6.9,4.3,13.1,1.4,0.6,12.9,15.1,2.7,1.4,4.1,0.111,-0.4,0.0,-0.4,0.7,,gibsoda01,2008
170,Devin Brown,29,CLE,SG,78,20,1762,11.3,0.494,0.275,0.267,4.1,13.2,8.5,16.1,1.6,0.3,14.3,17.8,0.6,1.7,2.4,0.064,-2.1,-0.1,-2.1,-0.1,,brownde02,2008
171,Fred Jones,28,NYK,SG,70,26,1757,10.9,0.546,0.444,0.292,1.9,9.4,5.5,14.7,1.4,0.8,13.8,14.4,1.7,0.6,2.2,0.061,-1.2,-0.2,-1.3,0.3,,jonesfr01,2008
172,Erick Dampier,32,DAL,C,72,64,1755,15.3,0.645,0.0,0.527,14.1,21.2,17.8,5.4,0.7,4.4,19.0,11.2,3.3,2.8,6.0,0.165,-0.2,1.2,1.1,1.4,,dampier01,2008
173,Hakim Warrick,25,MEM,PF,75,30,1754,16.2,0.555,0.074,0.398,7.8,15.0,11.4,5.2,1.0,1.2,10.0,21.6,2.5,0.8,3.3,0.09,-0.3,-1.6,-1.9,0.0,,warriha01,2008
174,Shaquille O'Neal,35,2TM,C,61,61,1748,17.1,0.589,0.0,0.606,11.4,24.8,18.4,9.1,0.9,3.7,20.4,23.5,0.6,2.3,2.8,0.078,-1.2,0.2,-1.1,0.4,,onealsh01,2008
175,Shaquille O'Neal,35,MIA,C,33,33,945,17.7,0.577,0.0,0.541,12.4,20.5,16.4,9.4,1.1,4.6,19.4,25.3,0.1,1.0,1.2,0.059,-1.4,-0.1,-1.5,0.1,,onealsh01,2008
176,Shaquille O'Neal,35,PHO,C,28,28,803,16.5,0.605,0.0,0.699,10.3,29.8,20.8,8.8,0.8,2.8,21.7,21.3,0.4,1.2,1.7,0.1,-1.0,0.4,-0.6,0.3,,onealsh01,2008
177,Chris Wilcox,25,SEA,PF,62,55,1739,16.3,0.554,0.005,0.389,7.9,19.2,13.6,7.1,1.3,1.5,12.1,21.2,1.7,1.6,3.4,0.093,-0.7,-0.3,-1.0,0.4,,wilcoch01,2008
178,Wally Szczerbiak,30,2TM,SF,75,2,1736,13.9,0.539,0.302,0.242,2.2,11.8,6.9,10.1,0.7,0.5,8.7,22.1,2.0,0.9,2.9,0.079,0.7,-1.1,-0.5,0.7,,szczewa02,2008
179,Wally Szczerbiak,30,SEA,SF,50,1,1180,15.7,0.573,0.324,0.261,1.5,11.1,6.3,9.9,0.6,0.3,8.9,23.0,1.9,0.4,2.3,0.095,1.9,-1.2,0.7,0.8,,szczewa02,2008
180,Wally Szczerbiak,30,CLE,SF,25,1,556,10.3,0.451,0.249,0.196,3.6,13.3,8.3,10.4,0.9,1.0,8.1,20.2,0.0,0.5,0.5,0.044,-1.9,-1.0,-2.9,-0.1,,szczewa02,2008
181,Kelenna Azubuike,24,GSW,SG,81,17,1732,13.5,0.534,0.332,0.235,6.4,14.0,10.0,6.1,1.3,1.4,8.2,17.2,2.3,1.1,3.4,0.094,0.0,-0.9,-0.8,0.5,,azubuke01,2008
182,Kyle Korver,26,2TM,PF,75,0,1732,12.8,0.585,0.515,0.226,1.5,10.5,6.0,8.8,1.3,1.4,10.6,18.3,2.7,1.5,4.2,0.116,0.4,-0.1,0.3,1.0,6MOY-4,korveky01,2008
183,Kyle Korver,26,PHI,PF,25,0,657,10.5,0.515,0.476,0.15,2.1,11.1,6.6,7.9,1.6,0.7,10.4,18.5,0.4,0.6,1.0,0.075,-1.2,0.1,-1.1,0.1,,korveky01,2008
184,Kyle Korver,26,UTA,SG,50,0,1075,14.2,0.629,0.54,0.276,1.0,10.1,5.6,9.3,1.1,1.7,10.7,18.2,2.3,0.9,3.2,0.141,1.4,-0.2,1.2,0.9,,korveky01,2008
185,Luke Walton,27,LAL,SF,74,31,1729,12.3,0.509,0.176,0.228,5.7,12.7,9.3,18.1,1.7,0.8,16.0,16.0,1.2,2.0,3.2,0.088,-0.8,0.5,-0.3,0.7,,waltolu01,2008
186,Joe Smith,32,2TM,PF,77,36,1726,16.1,0.524,0.005,0.312,10.3,16.1,13.1,6.7,1.0,2.1,8.7,21.0,2.4,1.8,4.1,0.115,-0.5,-0.6,-1.1,0.4,,smithjo02,2008
187,Joe Smith,32,CHI,PF,50,35,1146,16.8,0.515,0.002,0.28,10.3,16.0,13.0,7.4,1.1,2.1,8.3,22.8,1.5,1.1,2.6,0.109,0.1,-0.7,-0.6,0.4,,smithjo02,2008
188,Joe Smith,32,CLE,PF,27,1,580,14.9,0.547,0.012,0.406,10.5,16.4,13.4,5.6,0.8,2.2,9.9,17.4,0.9,0.6,1.5,0.128,-1.5,-0.5,-2.0,0.0,,smithjo02,2008
189,Maurice Evans,29,2TM,SG,75,47,1720,13.9,0.571,0.383,0.152,6.4,8.1,7.3,7.5,1.4,0.4,6.4,16.5,3.2,1.6,4.9,0.135,1.2,-0.2,1.0,1.3,,evansma01,2008
190,Maurice Evans,29,LAL,SG,7,0,96,13.3,0.448,0.25,0.536,4.8,5.6,5.2,17.2,2.6,0.8,0.0,15.9,0.2,0.1,0.3,0.14,-0.2,2.2,2.0,0.1,,evansma01,2008
191,Maurice Evans,29,ORL,SG,68,47,1624,14.0,0.579,0.391,0.132,6.5,8.2,7.4,6.9,1.3,0.4,6.8,16.6,3.1,1.5,4.6,0.135,1.2,-0.4,0.9,1.2,,evansma01,2008
192,Roger Mason,27,WAS,PG,80,9,1708,13.8,0.573,0.545,0.118,1.1,8.0,4.5,13.2,1.3,0.9,9.9,18.9,2.8,0.6,3.4,0.096,1.2,-1.2,0.0,0.9,,masonro01,2008
193,Paul Millsap,22,UTA,PF,82,2,1702,16.1,0.548,0.008,0.456,12.1,20.8,16.5,7.0,2.2,3.5,12.6,18.1,2.5,2.7,5.2,0.148,-0.9,0.8,-0.2,0.8,,millspa01,2008
194,Desmond Mason,30,MIL,SF,59,56,1702,12.3,0.519,0.0,0.363,5.0,13.1,8.8,11.3,1.2,1.4,13.0,16.8,1.0,0.5,1.5,0.041,-1.2,-0.9,-2.1,0.0,,masonde01,2008
195,Jordan Farmar,21,LAL,PG,82,0,1690,15.4,0.563,0.487,0.124,2.7,9.1,6.0,20.5,2.3,0.2,14.0,20.2,2.1,1.8,3.9,0.111,1.3,0.0,1.3,1.4,6MOY-11,farmajo01,2008
196,Andray Blatche,21,WAS,PF,82,15,1675,15.5,0.512,0.024,0.287,11.2,18.8,14.9,9.2,1.7,5.7,15.6,19.7,0.8,2.1,3.0,0.085,-2.4,0.7,-1.7,0.1,,blatcan01,2008
197,Brevin Knight,32,LAC,PG,74,39,1674,11.4,0.453,0.018,0.208,1.0,8.8,4.9,31.1,3.1,0.5,16.0,12.2,0.5,1.6,2.1,0.06,-3.3,1.6,-1.7,0.1,,knighbr01,2008
198,Eduardo Nájera,31,DEN,PF,78,3,1664,12.1,0.57,0.399,0.242,7.5,14.3,11.0,7.8,2.0,1.7,12.7,11.9,2.1,2.0,4.1,0.118,-0.8,1.0,0.2,0.9,,najered01,2008
199,Darko Miličić,22,MEM,C,70,64,1663,11.0,0.456,0.002,0.242,8.5,20.2,14.3,5.4,1.0,5.0,15.4,17.5,-1.4,1.6,0.2,0.006,-4.0,0.2,-3.8,-0.8,,milicda01,2008
200,Boštjan Nachbar,27,NJN,PF,75,1,1660,12.4,0.531,0.43,0.322,3.9,14.3,9.1,9.3,1.4,1.0,10.9,21.5,1.0,1.2,2.2,0.064,-0.8,-1.0,-1.8,0.1,,nachbbo01,2008
201,Nazr Mohammed,30,2TM,C,82,29,1650,15.8,0.533,0.002,0.309,13.5,21.1,17.3,7.6,1.4,2.8,14.4,19.5,1.3,2.0,3.4,0.098,-1.8,-0.5,-2.3,-0.1,,mohamna01,2008
202,Nazr Mohammed,30,DET,C,21,0,228,13.1,0.478,0.017,0.508,15.1,23.2,19.1,4.1,1.7,2.8,13.2,17.2,0.1,0.5,0.5,0.112,-3.2,0.1,-3.1,-0.1,,mohamna01,2008
203,Nazr Mohammed,30,CHA,C,61,29,1422,16.2,0.54,0.0,0.284,13.3,20.8,17.0,8.1,1.4,2.8,14.6,19.9,1.3,1.6,2.8,0.096,-1.6,-0.6,-2.2,-0.1,,mohamna01,2008
204,Yi Jianlian,20,MIL,PF,66,49,1647,11.3,0.485,0.04,0.279,7.3,17.7,12.3,5.3,1.1,2.7,13.4,18.4,-0.1,0.9,0.7,0.022,-2.9,-1.1,-3.9,-0.8,,jianlyi01,2008
205,Fabricio Oberto,32,SAS,C,82,64,1644,13.8,0.615,0.003,0.206,11.1,19.6,15.4,9.1,1.2,0.9,13.6,10.9,3.2,2.9,6.1,0.178,-1.2,1.7,0.4,1.0,,obertfa01,2008
206,Charlie Bell,28,MIL,SG,68,5,1628,10.9,0.49,0.447,0.179,2.1,10.3,6.0,19.9,1.7,0.1,12.7,16.6,1.0,0.3,1.3,0.038,-1.4,-1.1,-2.5,-0.2,,bellch01,2008
207,Kurt Thomas,35,2TM,C,70,48,1584,14.2,0.514,0.003,0.202,9.2,26.4,17.8,6.5,1.8,2.6,9.6,13.5,1.3,2.7,4.1,0.123,-1.7,1.9,0.1,0.9,,thomaku01,2008
208,Kurt Thomas,35,SEA,C,42,39,1060,15.8,0.536,0.0,0.207,9.7,28.2,19.0,7.6,1.6,2.9,8.7,13.2,1.4,1.6,3.0,0.134,-0.9,1.6,0.8,0.7,,thomaku01,2008
209,Kurt Thomas,35,SAS,PF,28,9,524,11.1,0.465,0.008,0.192,8.2,22.7,15.5,4.2,2.2,2.0,11.7,14.0,-0.1,1.2,1.1,0.1,-3.4,2.3,-1.1,0.1,,thomaku01,2008
210,Chuck Hayes,24,HOU,PF,79,44,1575,11.2,0.512,0.014,0.109,9.6,20.8,15.3,8.4,2.9,2.0,21.1,8.5,0.8,3.7,4.4,0.136,-3.2,4.1,0.8,1.1,,hayesch01,2008
211,Mike Bibby,29,2TM,PG,48,44,1573,14.5,0.515,0.411,0.166,1.2,10.6,6.0,30.9,1.8,0.2,15.5,22.0,1.1,0.9,2.1,0.063,0.4,-1.6,-1.3,0.3,,bibbymi01,2008
212,Mike Bibby,29,SAC,PG,15,12,473,13.5,0.494,0.318,0.161,2.8,11.0,7.0,26.3,2.0,0.3,15.6,23.0,0.0,0.3,0.3,0.035,-0.2,-1.0,-1.2,0.1,,bibbymi01,2008
213,Mike Bibby,29,ATL,PG,33,32,1100,14.9,0.526,0.455,0.168,0.5,10.4,5.5,32.9,1.7,0.1,15.5,21.5,1.1,0.6,1.7,0.076,0.7,-1.9,-1.3,0.2,,bibbymi01,2008
214,Bonzi Wells,31,2TM,SG,73,7,1562,14.4,0.495,0.088,0.399,6.2,17.8,12.0,10.2,2.6,1.5,13.3,22.7,-0.1,3.0,3.0,0.092,-2.0,1.7,-0.3,0.7,,wellsbo01,2008
215,Bonzi Wells,31,HOU,SG,51,7,1124,14.1,0.48,0.092,0.422,6.4,19.5,13.0,11.8,2.4,1.6,13.5,22.9,-0.2,2.4,2.1,0.091,-2.3,2.0,-0.2,0.5,,wellsbo01,2008
216,Bonzi Wells,31,NOH,SG,22,0,438,15.1,0.535,0.076,0.338,5.5,13.7,9.5,6.2,2.9,1.4,13.0,22.0,0.2,0.7,0.8,0.093,-1.4,1.0,-0.4,0.2,,wellsbo01,2008
217,Brandon Bass,22,DAL,C,79,1,1557,15.9,0.564,0.008,0.4,9.2,16.3,12.9,6.1,0.8,2.3,12.4,19.8,2.4,1.9,4.3,0.132,-0.2,-0.2,-0.4,0.6,,bassbr01,2008
218,Darius Songaila,29,WAS,C,80,13,1554,11.8,0.496,0.004,0.156,6.0,14.7,10.2,14.2,1.8,0.9,14.7,17.3,0.6,1.2,1.7,0.053,-2.3,-0.3,-2.6,-0.2,,songada01,2008
219,Thaddeus Young,19,PHI,PF,74,22,1554,16.5,0.57,0.039,0.21,9.1,14.8,11.9,6.2,2.5,0.4,10.7,17.4,2.6,2.0,4.5,0.14,0.2,0.3,0.5,1.0,ROY-7,youngth01,2008
220,Craig Smith,24,MIN,PF,77,11,1547,16.7,0.59,0.017,0.379,8.9,17.8,13.2,6.6,1.2,0.9,12.6,20.6,2.7,0.9,3.5,0.109,-0.3,-1.0,-1.3,0.3,,smithcr01,2008
221,Marquis Daniels,27,IND,SG,74,1,1546,11.6,0.487,0.182,0.248,4.6,10.5,7.5,14.1,2.5,0.9,15.3,20.6,-0.7,1.6,0.9,0.028,-2.7,0.3,-2.4,-0.1,,daniema01,2008
222,Mark Blount,32,MIA,C,69,46,1542,11.4,0.505,0.085,0.268,5.3,15.3,10.2,4.8,1.1,1.8,10.8,19.8,-0.3,1.0,0.7,0.021,-2.9,-1.2,-4.0,-0.8,,blounma01,2008
223,Joakim Noah,22,CHI,C,74,31,1534,15.5,0.539,0.003,0.529,12.4,18.4,15.3,8.6,2.3,3.3,16.4,15.6,1.5,2.3,3.8,0.12,-1.2,1.0,-0.2,0.7,,noahjo01,2008
224,Delonte West,24,2TM,PG,61,31,1533,12.1,0.492,0.284,0.192,2.2,11.9,7.0,23.5,2.0,1.4,18.5,18.3,-0.2,1.5,1.3,0.041,-1.5,0.8,-0.8,0.5,,westde01,2008
225,Delonte West,24,SEA,PG,35,5,727,9.8,0.447,0.224,0.156,2.0,12.4,7.2,23.7,2.1,1.0,19.8,19.8,-1.0,0.6,-0.4,-0.028,-3.1,0.3,-2.8,-0.1,,westde01,2008
226,Delonte West,24,CLE,PG,26,26,806,14.1,0.541,0.351,0.231,2.5,11.5,6.9,23.3,1.9,1.9,17.1,16.8,0.8,0.9,1.7,0.104,-0.1,1.2,1.1,0.6,,westde01,2008
227,Anthony Johnson,33,2TM,PG,69,52,1531,11.2,0.517,0.262,0.121,1.7,8.7,5.2,26.3,1.8,0.4,18.3,13.5,1.1,0.9,2.0,0.061,-1.5,-0.2,-1.6,0.1,,johnsan02,2008
228,Anthony Johnson,33,ATL,PG,42,41,1121,12.0,0.503,0.236,0.12,1.8,8.4,5.1,27.9,2.0,0.5,15.1,13.4,1.1,0.7,1.8,0.077,-1.2,0.5,-0.7,0.4,,johnsan02,2008
229,Anthony Johnson,33,SAC,PG,27,11,410,8.9,0.56,0.341,0.125,1.5,9.6,5.6,21.9,1.2,0.2,26.8,13.8,0.0,0.1,0.2,0.02,-2.1,-2.0,-4.1,-0.2,,johnsan02,2008
230,Jason Kapono,26,TOR,SF,81,7,1530,10.8,0.561,0.237,0.086,2.4,6.9,4.6,6.7,1.2,0.1,10.1,17.7,1.0,0.9,1.9,0.06,-1.9,-0.7,-2.7,-0.3,,kaponja01,2008
231,Eddy Curry,25,NYK,C,59,58,1530,15.0,0.578,0.0,0.551,8.0,12.6,10.2,3.8,0.5,1.5,15.7,23.5,1.3,0.4,1.7,0.053,-0.8,-2.0,-2.8,-0.3,,curryed01,2008
232,Bobby Simmons,27,MIL,SF,70,21,1521,10.3,0.504,0.345,0.141,5.0,12.8,8.7,8.4,1.7,0.3,12.9,17.9,0.2,0.5,0.7,0.022,-1.9,-1.2,-3.2,-0.4,,simmobo01,2008
233,Quinton Ross,26,LAC,SG,76,44,1505,7.6,0.43,0.063,0.179,4.1,9.1,6.6,9.4,1.5,1.6,7.4,12.0,-0.3,1.0,0.7,0.022,-3.6,0.5,-3.2,-0.4,,rossqu01,2008
234,Kareem Rush,27,IND,SG,71,15,1504,10.0,0.5,0.46,0.074,1.3,11.0,6.1,9.3,1.4,1.0,9.5,18.7,-0.2,1.2,1.0,0.033,-1.6,-0.7,-2.3,-0.1,,rushka01,2008
235,Jannero Pargo,28,NOH,SG,80,5,1497,11.9,0.468,0.285,0.124,2.0,8.3,5.1,20.4,1.8,0.3,11.9,24.2,-0.3,1.4,1.1,0.037,-1.8,-0.9,-2.7,-0.3,,pargoja01,2008
236,Chris Duhon,25,CHI,PG,66,18,1490,11.1,0.508,0.451,0.233,1.4,7.6,4.4,26.5,1.7,0.1,15.8,13.4,1.3,1.0,2.3,0.075,-1.5,-0.2,-1.7,0.1,,duhonch01,2008
237,Rasho Nesterović,31,TOR,C,71,39,1486,16.1,0.565,0.006,0.105,10.3,17.0,13.6,8.9,0.7,2.8,10.9,17.4,2.3,1.6,3.9,0.125,0.0,-0.1,0.0,0.7,,nestera01,2008
238,Vladimir Radmanović,27,LAL,SF,65,41,1483,12.6,0.583,0.535,0.149,4.4,11.4,8.0,12.1,1.6,0.6,13.6,16.0,2.0,1.5,3.5,0.113,0.4,-0.2,0.2,0.8,,radmavl01,2008
239,Eddie House,29,BOS,PG,78,2,1480,13.0,0.534,0.561,0.068,1.6,11.2,6.7,16.9,2.1,0.6,12.2,19.6,1.1,2.8,3.9,0.127,0.4,1.4,1.8,1.4,,houseed01,2008
240,Ronny Turiaf,25,LAL,C,78,21,1458,15.0,0.539,0.003,0.469,7.5,15.4,11.6,12.7,1.0,5.3,13.1,16.7,2.0,2.1,4.2,0.137,-1.2,1.9,0.7,1.0,,turiaro01,2008
241,Daequan Cook,20,MIA,SG,59,19,1441,7.9,0.48,0.463,0.111,1.6,13.3,7.4,9.1,0.8,0.5,10.5,19.8,-1.0,0.6,-0.4,-0.013,-3.4,-1.9,-5.2,-1.2,,cookda02,2008
242,Royal Ivey,26,MIL,PG,75,20,1437,8.8,0.487,0.283,0.31,3.0,6.8,4.8,16.9,1.6,0.4,14.9,15.8,0.4,0.2,0.5,0.018,-3.3,-1.1,-4.4,-0.9,,iveyro01,2008
243,Thabo Sefolosha,23,CHI,SG,69,22,1436,11.4,0.497,0.209,0.247,3.8,16.7,10.0,14.3,2.2,1.6,16.6,17.3,-0.3,1.8,1.5,0.05,-2.3,1.2,-1.0,0.4,,sefolth01,2008
244,J.R. Smith,22,DEN,SG,74,0,1421,18.1,0.603,0.579,0.264,3.3,8.1,5.8,14.7,2.1,0.6,13.0,25.8,2.5,1.3,3.7,0.126,3.4,-0.8,2.6,1.6,6MOY-7,smithjr01,2008
245,Matt Barnes,27,GSW,PF,73,18,1414,12.9,0.51,0.41,0.179,6.8,18.1,12.3,13.5,1.6,1.9,15.1,16.7,1.0,1.3,2.3,0.077,-0.5,0.3,-0.2,0.6,,barnema02,2008
246,Jerry Stackhouse,33,DAL,SG,58,13,1412,13.3,0.523,0.35,0.281,2.8,7.9,5.4,16.7,1.1,0.5,12.7,22.4,1.2,1.1,2.3,0.077,0.3,-1.1,-0.8,0.4,6MOY-13,stackje01,2008
247,Jeff McInnis,33,CHA,PG,54,26,1410,6.5,0.461,0.076,0.12,1.3,6.6,3.9,23.4,0.9,0.2,22.5,11.0,-0.2,0.3,0.1,0.002,-4.3,-1.1,-5.4,-1.2,,mcinnje01,2008
248,Bobby Jackson,34,2TM,PG,72,5,1389,13.5,0.51,0.447,0.16,2.7,12.4,7.5,15.9,1.7,0.3,9.8,20.0,1.3,1.7,3.0,0.105,0.0,0.6,0.6,0.9,,jacksbo01,2008
249,Bobby Jackson,34,NOH,SG,46,0,891,12.9,0.512,0.486,0.166,2.9,11.7,7.2,12.8,1.9,0.3,8.9,18.2,0.9,1.0,1.9,0.1,-0.1,0.6,0.5,0.6,,jacksbo01,2008
250,Bobby Jackson,34,HOU,PG,26,5,498,14.6,0.509,0.39,0.152,2.3,13.6,8.0,21.7,1.4,0.3,11.1,23.1,0.4,0.8,1.2,0.114,0.1,0.6,0.7,0.3,,jacksbo01,2008
251,Jared Dudley,22,CHA,PF,73,14,1384,13.6,0.528,0.118,0.339,10.0,13.8,11.9,9.3,2.1,0.5,11.1,14.9,1.8,1.1,2.9,0.1,-0.7,0.0,-0.7,0.4,,dudleja01,2008
252,Mike Conley,20,MEM,PG,53,46,1381,12.6,0.502,0.206,0.278,1.7,9.7,5.6,25.3,1.6,0.1,15.2,18.8,0.6,0.5,1.1,0.038,-1.6,-1.3,-3.0,-0.3,ROY-8,conlemi01,2008
253,Luther Head,25,HOU,SG,73,17,1379,13.6,0.543,0.472,0.17,1.5,9.4,5.5,16.4,1.7,0.5,12.0,19.3,1.5,2.0,3.5,0.121,-0.1,0.9,0.8,1.0,,headlu01,2008
254,Matt Harpring,31,UTA,SF,76,0,1374,14.1,0.551,0.021,0.432,8.6,12.7,10.7,9.0,1.7,0.8,14.4,21.5,1.4,1.4,2.8,0.096,-1.0,-0.9,-1.9,0.0,,harprma01,2008
255,Tony Allen,26,BOS,SG,75,11,1373,10.7,0.527,0.147,0.465,3.1,11.0,7.3,13.1,2.4,1.3,18.9,19.6,-0.1,2.8,2.7,0.093,-3.4,1.7,-1.7,0.1,,allento01,2008
256,Travis Diener,25,IND,PG,66,21,1356,12.2,0.494,0.542,0.165,2.0,7.3,4.6,27.7,1.3,0.2,10.7,16.5,1.7,0.8,2.5,0.088,-0.2,-1.1,-1.4,0.2,,dienetr01,2008
257,Channing Frye,24,POR,C,78,20,1342,14.8,0.529,0.022,0.241,9.4,21.6,15.5,7.4,1.2,1.6,9.9,19.6,1.6,1.6,3.2,0.114,-1.9,0.1,-1.8,0.1,,fryech01,2008
258,Chris Quinn,24,MIA,PG,60,25,1340,13.8,0.559,0.426,0.263,1.0,9.7,5.3,22.5,1.8,0.2,11.7,16.6,1.9,0.7,2.6,0.092,-0.2,-0.3,-0.5,0.5,,quinnch01,2008
259,Damon Jones,31,CLE,SG,67,3,1336,11.3,0.582,0.76,0.077,0.4,5.9,3.1,15.1,0.8,0.1,8.8,14.0,2.4,0.7,3.0,0.108,0.6,-1.1,-0.4,0.5,,jonesda01,2008
260,Keyon Dooling,27,ORL,PG,72,1,1334,14.1,0.572,0.154,0.456,0.6,7.8,4.4,16.0,1.4,0.3,10.7,19.6,2.4,1.2,3.7,0.132,-0.9,0.3,-0.6,0.5,,doolike01,2008
261,Tyrus Thomas,21,CHI,PF,74,27,1330,14.6,0.486,0.014,0.395,8.4,21.1,14.5,11.0,1.9,4.2,13.0,19.7,0.4,2.1,2.4,0.088,-2.2,1.6,-0.6,0.5,,thomaty01,2008
262,Jared Jeffries,26,NYK,SF,73,19,1325,7.9,0.433,0.093,0.344,9.8,11.1,10.4,7.5,1.4,1.3,17.1,12.7,-0.5,0.6,0.1,0.002,-3.4,-0.7,-4.1,-0.7,,jeffrja01,2008
263,Anderson Varejão,25,CLE,C,48,13,1320,12.0,0.485,0.007,0.278,11.2,23.6,17.2,6.3,1.5,1.6,15.1,13.4,0.5,1.9,2.4,0.086,-2.7,0.1,-2.6,-0.2,,varejan01,2008
264,Ime Udoka,30,SAS,PF,73,0,1316,11.5,0.528,0.44,0.155,3.3,17.0,10.2,7.7,2.3,1.0,12.6,16.7,0.2,2.6,2.8,0.102,-2.0,2.2,0.2,0.7,,udokaim01,2008
265,Mickaël Piétrus,25,GSW,SF,66,16,1316,12.7,0.549,0.473,0.253,5.2,14.8,9.8,5.1,2.4,2.4,10.0,15.3,1.4,1.4,2.8,0.104,-1.1,0.9,-0.2,0.6,,pietrmi01,2008
266,Johan Petro,22,SEA,C,72,28,1310,10.0,0.453,0.002,0.198,8.2,22.6,15.4,3.8,1.3,2.3,13.3,18.2,-1.1,1.5,0.4,0.014,-4.8,-0.3,-5.1,-1.0,,petrojo01,2008
267,DeSagana Diop,26,2TM,C,79,23,1295,12.5,0.536,0.0,0.389,14.6,20.3,17.5,4.6,1.1,5.1,21.6,9.6,1.0,2.0,3.0,0.113,-1.7,1.1,-0.6,0.5,,diopde01,2008
268,DeSagana Diop,26,DAL,C,52,18,894,13.4,0.596,0.0,0.348,14.8,19.9,17.5,4.2,1.2,5.2,24.1,9.1,1.0,1.5,2.6,0.137,-1.0,1.7,0.7,0.6,,diopde01,2008
269,DeSagana Diop,26,NJN,C,27,5,401,10.4,0.435,0.0,0.462,14.1,21.1,17.6,5.3,0.8,4.9,17.0,10.8,0.0,0.5,0.5,0.058,-3.1,-0.3,-3.4,-0.1,,diopde01,2008
270,Jamaal Tinsley,29,IND,PG,39,36,1293,12.8,0.458,0.305,0.216,2.0,10.0,5.9,38.8,2.5,0.6,20.4,21.3,-0.6,1.3,0.8,0.028,-1.0,-0.5,-1.5,0.1,,tinslja01,2008
271,Jarvis Hayes,26,DET,SF,82,1,1287,13.0,0.52,0.385,0.119,3.2,13.3,8.3,8.1,2.0,0.4,8.1,21.1,1.0,1.9,2.9,0.108,-1.0,0.4,-0.6,0.5,,hayesja01,2008
272,Sasha Vujačić,23,LAL,SG,72,0,1279,15.1,0.605,0.56,0.189,1.7,11.3,6.7,8.7,1.4,0.3,9.1,19.8,2.4,1.2,3.6,0.136,1.8,-0.7,1.2,1.0,,vujacsa01,2008
273,Sean Williams,21,NJN,C,73,29,1278,13.9,0.563,0.0,0.436,10.4,18.8,14.6,3.7,1.1,6.5,16.1,15.5,0.8,1.7,2.5,0.093,-3.3,1.1,-2.2,-0.1,,willise01,2008
274,James Jones,27,POR,SF,58,3,1276,13.6,0.625,0.627,0.3,4.0,10.8,7.4,4.3,1.0,0.9,7.0,14.8,2.9,0.8,3.7,0.139,1.4,-0.2,1.3,1.1,,jonesja02,2008
275,Sam Cassell,38,2TM,PG,55,34,1274,15.4,0.517,0.143,0.271,1.6,10.8,6.2,31.5,1.5,0.4,14.0,25.1,0.7,1.1,1.8,0.067,-0.3,-0.7,-0.9,0.3,,cassesa01,2008
276,Sam Cassell,38,LAC,PG,38,33,975,16.8,0.535,0.134,0.296,1.4,11.1,6.2,35.0,1.5,0.2,14.7,25.2,0.8,0.6,1.4,0.069,0.5,-0.9,-0.4,0.4,,cassesa01,2008
277,Sam Cassell,38,BOS,PG,17,1,299,11.0,0.461,0.169,0.192,2.1,9.8,6.2,19.9,1.6,0.8,11.9,24.9,-0.1,0.5,0.4,0.061,-2.9,0.2,-2.6,0.0,,cassesa01,2008
278,Carlos Arroyo,28,ORL,PG,62,20,1269,12.8,0.547,0.241,0.293,0.9,9.0,5.1,26.6,1.1,0.1,16.4,17.0,1.7,1.1,2.8,0.107,-0.5,-0.4,-0.9,0.3,,arroyca01,2008
279,Randy Foye,24,MIN,PG,39,31,1259,12.7,0.52,0.32,0.141,1.2,10.9,5.9,20.9,1.5,0.2,13.9,20.4,0.7,0.4,1.1,0.042,-0.6,-1.6,-2.2,-0.1,,foyera01,2008
280,Antoine Wright,23,2TM,SG,56,10,1232,8.4,0.488,0.334,0.204,3.8,10.0,6.9,10.5,1.2,1.3,12.2,15.2,0.0,0.8,0.8,0.029,-2.9,0.0,-3.0,-0.3,,wrighan01,2008
281,Antoine Wright,23,NJN,SG,41,10,1056,8.3,0.477,0.352,0.202,3.8,9.9,6.9,10.4,1.3,1.3,11.1,15.2,-0.1,0.6,0.5,0.025,-3.0,0.0,-3.0,-0.3,,wrighan01,2008
282,Antoine Wright,23,DAL,SG,15,0,176,9.0,0.566,0.214,0.214,3.4,10.8,7.2,11.4,0.6,1.7,19.3,15.1,0.0,0.2,0.2,0.056,-2.6,-0.1,-2.7,0.0,,wrighan01,2008
283,Josh Powell,25,LAC,C,64,25,1228,10.7,0.5,0.01,0.276,10.7,20.4,15.6,6.4,0.6,1.4,15.5,15.7,0.1,1.0,1.1,0.042,-3.1,-1.7,-4.9,-0.9,,poweljo01,2008
284,Luke Ridnour,26,SEA,PG,61,5,1223,11.3,0.482,0.193,0.247,1.2,7.2,4.2,29.5,1.5,0.8,16.4,17.3,0.3,0.6,0.9,0.035,-2.4,-0.7,-3.1,-0.4,,ridnolu01,2008
285,Jermaine O'Neal,29,IND,C,42,34,1206,14.4,0.489,0.01,0.318,7.3,18.5,12.8,12.9,0.8,5.4,15.4,24.8,-0.7,1.6,0.9,0.035,-2.7,0.9,-1.8,0.1,,onealje01,2008
286,T.J. Ford,24,TOR,PG,51,26,1199,20.3,0.533,0.097,0.239,2.3,7.7,4.9,44.4,2.4,0.0,15.0,26.8,2.1,1.1,3.3,0.13,2.8,-0.3,2.5,1.4,,fordtj01,2008
287,Sasha Pavlović,24,CLE,SG,51,45,1188,7.2,0.434,0.283,0.191,3.3,9.2,6.1,11.2,1.3,0.4,11.2,18.8,-0.8,0.9,0.2,0.006,-4.2,-0.7,-4.9,-0.9,,pavloal01,2008
288,Jason Collins,29,2TM,C,74,26,1172,3.4,0.481,0.009,0.655,6.2,11.1,8.7,3.1,1.0,1.6,24.8,7.4,-0.5,0.6,0.1,0.005,-6.7,0.0,-6.7,-1.4,,collija04,2008
289,Jason Collins,29,NJN,C,43,23,684,2.0,0.43,0.0,0.667,5.9,9.2,7.5,4.0,0.8,0.9,24.8,6.2,-0.3,0.3,0.0,-0.002,-6.8,-0.2,-7.0,-0.9,,collija04,2008
290,Jason Collins,29,MEM,C,31,3,488,5.4,0.528,0.017,0.644,6.6,13.9,10.2,1.7,1.2,2.5,24.8,9.2,-0.2,0.3,0.1,0.015,-6.4,0.2,-6.2,-0.5,,collija04,2008
291,Nick Young,22,WAS,SG,75,2,1158,11.6,0.527,0.209,0.259,2.3,9.6,5.8,9.6,1.6,0.5,15.0,24.9,-0.1,0.6,0.4,0.017,-2.6,-2.1,-4.7,-0.8,,youngni01,2008
292,Jacque Vaughn,32,SAS,PG,74,9,1139,9.2,0.481,0.035,0.283,1.4,6.2,3.8,21.9,1.1,0.1,14.5,15.6,0.3,1.4,1.6,0.069,-3.9,0.4,-3.5,-0.4,,vaughja01,2008
293,Jason Smith,21,PHI,PF,76,1,1107,10.7,0.491,0.045,0.265,8.2,16.6,12.3,2.8,1.1,3.6,12.2,16.1,0.2,1.4,1.5,0.067,-3.6,0.1,-3.5,-0.4,,smithja02,2008
294,Dorell Wright,22,MIA,SF,44,34,1104,14.4,0.537,0.038,0.235,5.1,19.0,11.9,9.4,1.4,3.0,8.2,15.1,1.2,1.1,2.2,0.096,-0.7,0.7,0.1,0.6,,wrighdo01,2008
295,Malik Allen,29,2TM,PF,73,16,1096,9.8,0.5,0.006,0.076,7.0,13.6,10.4,6.8,0.9,2.2,11.7,16.1,0.1,0.9,1.0,0.045,-3.4,0.0,-3.5,-0.4,,allenma01,2008
296,Malik Allen,29,NJN,PF,48,12,763,10.1,0.489,0.008,0.05,6.4,13.1,9.7,6.8,1.0,2.1,10.7,17.9,-0.2,0.5,0.4,0.023,-3.3,-0.3,-3.6,-0.3,,allenma01,2008
297,Malik Allen,29,DAL,PF,25,4,333,9.1,0.54,0.0,0.182,8.6,14.8,11.8,6.7,0.6,2.2,15.4,11.8,0.3,0.4,0.7,0.096,-3.8,0.5,-3.3,-0.1,,allenma01,2008
298,Rodney Stuckey,21,DET,PG,57,2,1081,13.8,0.484,0.042,0.408,3.5,10.8,7.1,23.9,2.5,0.4,14.8,23.1,0.4,1.6,2.0,0.09,-2.1,1.1,-1.1,0.3,,stuckro01,2008
299,Dan Dickau,29,LAC,PG,67,8,1040,12.5,0.53,0.365,0.277,1.4,9.4,5.4,27.9,1.6,0.2,14.2,17.2,0.9,0.6,1.5,0.071,-1.4,-0.4,-1.7,0.1,,dickada01,2008
300,Rodney Carney,23,PHI,SF,70,6,1039,12.1,0.478,0.306,0.207,5.7,11.4,8.5,5.0,2.0,1.8,7.4,20.0,0.4,1.2,1.6,0.075,-1.4,-0.3,-1.7,0.1,,carnero01,2008
301,Damon Stoudamire,34,2TM,PG,60,33,1037,8.9,0.45,0.442,0.101,2.2,10.8,6.5,24.6,1.5,0.1,18.5,19.1,-0.9,0.8,-0.1,-0.004,-2.7,-1.0,-3.7,-0.4,,stoudda01,2008
302,Damon Stoudamire,34,MEM,PG,29,29,624,11.8,0.514,0.485,0.134,2.5,10.3,6.4,27.7,1.5,0.0,19.6,18.2,0.2,0.2,0.4,0.033,-0.6,-1.6,-2.2,0.0,,stoudda01,2008
303,Damon Stoudamire,34,SAS,PG,31,4,413,4.6,0.362,0.385,0.056,1.7,11.6,6.7,20.0,1.4,0.4,17.0,20.5,-1.1,0.6,-0.5,-0.06,-5.9,0.0,-5.9,-0.4,,stoudda01,2008
304,Andrew Bynum,20,LAL,C,35,25,1008,22.6,0.659,0.0,0.397,12.1,26.6,19.6,9.6,0.6,5.1,13.0,17.5,3.0,1.8,4.8,0.23,2.9,1.3,4.2,1.6,,bynuman01,2008
305,Arron Afflalo,22,DET,SG,75,9,970,10.2,0.494,0.199,0.361,4.4,12.5,8.4,8.1,1.8,0.7,10.9,15.2,0.5,1.4,1.9,0.092,-2.6,1.0,-1.5,0.1,,afflaar01,2008
306,Shawne Williams,21,IND,SF,65,3,967,12.8,0.522,0.368,0.285,6.0,14.0,9.9,9.8,1.3,2.0,12.2,21.3,0.4,1.0,1.4,0.069,-1.4,-0.4,-1.8,0.0,,willish03,2008
307,Renaldo Balkman,23,NYK,SF,65,0,952,11.5,0.492,0.065,0.511,9.6,16.4,12.9,6.5,2.4,2.4,14.0,12.5,0.4,0.9,1.3,0.065,-2.9,1.0,-1.8,0.0,,balkmre01,2008
308,Zaza Pachulia,23,ATL,C,62,5,944,11.0,0.515,0.012,0.624,11.0,19.5,15.3,6.0,1.3,1.0,18.1,18.3,0.2,0.9,1.1,0.054,-3.9,-1.3,-5.1,-0.7,,pachuza01,2008
309,Glen Davis,22,BOS,C,69,1,940,11.3,0.545,0.0,0.679,12.8,13.5,13.2,4.6,1.7,1.7,18.5,17.4,0.6,1.9,2.5,0.128,-3.6,0.7,-3.0,-0.2,,davisgl01,2008
310,Spencer Hawes,19,SAC,C,71,8,931,11.6,0.486,0.066,0.182,8.8,20.1,14.6,7.7,0.8,3.3,14.0,19.2,-0.2,0.8,0.6,0.033,-3.2,-0.9,-4.1,-0.5,,hawessp01,2008
311,Kris Humphries,22,TOR,PF,70,0,925,15.7,0.512,0.006,0.372,11.4,21.8,16.6,4.9,1.4,2.5,10.8,22.1,0.6,1.3,1.8,0.096,-1.6,-0.7,-2.3,-0.1,,humphkr01,2008
312,Eddie Jones,36,DAL,SG,47,33,922,7.6,0.473,0.644,0.078,2.3,13.8,8.3,10.8,1.5,0.6,13.5,10.9,0.1,1.0,1.1,0.058,-2.3,1.3,-1.0,0.2,,jonesed02,2008
313,Antoine Walker,31,MIN,PF,46,1,892,11.4,0.455,0.501,0.176,7.1,15.0,10.9,8.0,1.9,0.7,10.2,22.8,-0.5,0.5,0.1,0.004,-0.8,-1.4,-2.2,-0.1,,walkean02,2008
314,Earl Barron,26,MIA,C,46,15,889,9.4,0.446,0.04,0.266,8.9,17.9,13.3,5.8,1.1,0.7,11.6,22.0,-1.0,0.6,-0.4,-0.019,-5.0,-2.2,-7.2,-1.2,,barroea01,2008
315,Quincy Douby,23,SAC,PG,74,0,876,9.7,0.495,0.364,0.155,2.3,8.7,5.6,9.8,1.7,1.1,14.2,21.3,-0.5,0.5,0.0,0.0,-2.2,-1.2,-3.4,-0.3,,doubyqu01,2008
316,Rasual Butler,28,NOH,SF,51,8,875,8.8,0.46,0.512,0.119,2.1,11.5,6.7,5.9,0.9,1.9,3.5,15.1,0.3,0.8,1.2,0.063,-1.8,-0.1,-1.9,0.0,,butlera01,2008
317,Ronald Murray,28,2TM,PG,42,19,874,13.2,0.483,0.172,0.267,3.0,7.9,5.4,27.5,2.2,0.3,17.0,25.3,-0.5,0.9,0.4,0.024,-1.5,-1.2,-2.7,-0.1,,murraro01,2008
318,Ronald Murray,28,DET,PG,19,2,347,13.3,0.457,0.194,0.266,4.5,8.0,6.2,31.0,2.1,0.2,16.6,25.3,-0.2,0.4,0.3,0.036,-1.1,-1.1,-2.2,0.0,,murraro01,2008
319,Ronald Murray,28,IND,PG,23,17,527,13.1,0.498,0.158,0.268,2.0,7.8,4.8,25.3,2.3,0.4,17.2,25.3,-0.3,0.5,0.2,0.016,-1.7,-1.3,-3.0,-0.1,,murraro01,2008
320,Acie Law,23,ATL,PG,56,6,865,7.7,0.455,0.143,0.203,1.6,6.0,3.8,20.4,1.8,0.0,17.8,16.5,-0.5,0.4,-0.1,-0.007,-4.2,-1.0,-5.2,-0.7,,lawac01,2008
321,Marcus Williams,22,NJN,PG,53,7,854,11.0,0.499,0.485,0.16,1.9,11.8,6.9,27.8,1.5,0.3,19.3,20.8,-0.4,0.5,0.2,0.009,-0.8,-1.6,-2.4,-0.1,,willima03,2008
322,Matt Bonner,27,SAS,PF,68,3,853,12.4,0.525,0.471,0.151,7.4,19.0,13.3,6.2,0.9,1.5,11.2,19.6,0.5,1.5,2.0,0.11,-1.8,0.3,-1.5,0.1,,bonnema01,2008
323,Brian Skinner,31,PHO,C,66,0,844,11.4,0.485,0.015,0.318,9.2,21.7,15.9,2.4,1.2,6.0,14.7,14.0,-0.2,1.4,1.2,0.069,-4.1,1.1,-3.0,-0.2,,skinnbr01,2008
324,Stromile Swift,28,2TM,PF,56,4,844,14.8,0.548,0.008,0.411,8.5,18.3,13.4,5.1,0.9,4.8,14.0,19.3,0.6,0.8,1.4,0.078,-2.6,-0.2,-2.8,-0.2,,swiftst01,2008
325,Stromile Swift,28,MEM,PF,35,4,549,15.9,0.56,0.011,0.458,9.3,17.1,13.2,6.6,0.9,4.8,15.5,20.4,0.4,0.5,0.9,0.079,-2.0,0.1,-1.9,0.0,,swiftst01,2008
326,Stromile Swift,28,NJN,PF,21,0,295,12.7,0.523,0.0,0.318,7.1,20.5,13.7,2.3,0.9,4.7,10.7,17.4,0.1,0.3,0.5,0.074,-3.7,-0.7,-4.4,-0.2,,swiftst01,2008
327,Gordan Giriček,30,3TM,SG,56,0,831,9.8,0.518,0.328,0.086,2.4,10.8,6.7,11.0,1.5,0.4,14.2,19.7,-0.1,0.6,0.5,0.029,-2.4,-0.8,-3.2,-0.3,,giricgo01,2008
328,Gordan Giriček,30,UTA,SG,22,0,279,7.0,0.464,0.333,0.01,2.7,10.9,6.8,8.4,2.4,0.3,17.0,19.8,-0.4,0.3,-0.1,-0.022,-3.7,-0.1,-3.8,-0.1,,giricgo01,2008
329,Gordan Giriček,30,PHI,SG,12,0,110,6.7,0.416,0.366,0.195,1.1,14.2,7.6,15.3,1.4,0.7,15.2,21.5,-0.2,0.1,-0.1,-0.028,-4.1,-1.0,-5.1,-0.1,,giricgo01,2008
330,Gordan Giriček,30,PHO,SG,22,0,442,12.3,0.58,0.314,0.107,2.5,9.9,6.5,11.7,0.9,0.3,12.1,19.2,0.5,0.2,0.7,0.076,-1.1,-1.3,-2.3,0.0,,giricgo01,2008
331,Devean George,30,DAL,SF,53,4,821,7.0,0.437,0.329,0.164,4.1,14.9,9.6,6.3,1.2,1.2,9.8,14.0,-0.3,1.0,0.7,0.039,-3.4,0.6,-2.8,-0.2,,georgde01,2008
332,Francisco Elson,31,2TM,C,63,5,813,6.9,0.416,0.004,0.157,7.1,21.0,14.2,4.6,1.0,1.8,15.7,17.0,-1.3,1.2,0.0,-0.001,-6.3,0.0,-6.3,-0.9,,elsonfr01,2008
333,Francisco Elson,31,SAS,C,41,3,534,8.5,0.454,0.0,0.162,7.4,22.2,14.9,4.8,0.9,2.0,15.9,16.9,-0.5,1.0,0.5,0.043,-5.5,0.5,-4.9,-0.4,,elsonfr01,2008
334,Francisco Elson,31,SEA,C,22,2,279,3.8,0.352,0.011,0.148,6.7,18.7,12.7,4.2,1.1,1.5,15.4,17.2,-0.7,0.2,-0.5,-0.085,-7.9,-1.0,-8.9,-0.5,,elsonfr01,2008
335,Nenad Krstić,24,NJN,C,45,38,812,8.5,0.451,0.007,0.23,5.0,23.6,14.3,5.8,0.6,1.6,11.0,20.9,-0.9,0.7,-0.1,-0.007,-5.4,-1.3,-6.7,-1.0,,krstine01,2008
336,Leon Powe,24,BOS,C,56,5,809,20.9,0.629,0.004,0.717,14.9,18.3,16.7,3.3,1.0,1.6,10.8,22.8,2.7,1.6,4.3,0.256,1.0,-0.7,0.2,0.5,,powele01,2008
337,Stephon Marbury,30,NYK,PG,24,19,805,13.8,0.527,0.279,0.438,2.3,6.1,4.2,23.1,1.4,0.2,13.2,20.3,1.0,0.1,1.1,0.066,0.8,-1.3,-0.5,0.3,,marbust01,2008
338,Shelden Williams,24,2TM,PF,64,0,776,11.9,0.494,0.009,0.495,10.4,20.5,15.5,3.8,1.5,2.1,11.9,17.0,0.4,0.8,1.2,0.072,-2.7,-0.7,-3.5,-0.3,,willish02,2008
339,Shelden Williams,24,ATL,PF,36,0,414,9.8,0.445,0.01,0.51,9.6,20.5,15.1,4.0,1.7,2.0,10.3,14.9,0.0,0.5,0.5,0.06,-3.6,0.1,-3.5,-0.2,,willish02,2008
340,Shelden Williams,24,SAC,PF,28,0,362,14.2,0.538,0.009,0.482,11.3,20.5,16.0,3.6,1.3,2.1,13.4,19.4,0.3,0.3,0.7,0.087,-1.7,-1.7,-3.4,-0.1,,willish02,2008
341,Adonal Foyle,32,ORL,C,82,0,774,9.9,0.464,0.0,0.222,11.0,19.6,15.5,3.4,1.1,4.2,16.0,11.8,0.0,1.3,1.3,0.08,-3.1,1.2,-1.9,0.0,,foylead01,2008
342,Trenton Hassell,28,2TM,SG,63,6,773,4.2,0.441,0.067,0.074,3.0,9.3,6.2,7.9,0.9,0.3,13.6,9.7,-0.2,0.5,0.2,0.015,-5.0,-0.2,-5.1,-0.6,,hassetr01,2008
343,Trenton Hassell,28,DAL,SG,37,6,463,4.7,0.47,0.05,0.025,2.8,8.0,5.5,8.2,1.0,0.2,14.8,9.6,-0.1,0.4,0.3,0.031,-4.7,0.4,-4.3,-0.3,,hassetr01,2008
344,Trenton Hassell,28,NJN,SG,26,0,310,3.5,0.402,0.091,0.145,3.4,11.2,7.3,7.4,0.7,0.5,12.0,9.8,-0.2,0.1,-0.1,-0.009,-5.4,-1.0,-6.4,-0.3,,hassetr01,2008
345,Amir Johnson,20,DET,PF,62,0,764,17.5,0.584,0.0,0.333,13.5,23.2,18.4,5.9,1.7,8.5,17.1,14.1,1.1,1.9,3.0,0.19,-2.4,3.7,1.3,0.6,,johnsam01,2008
346,Kirk Snyder,24,2TM,PF,36,18,761,13.3,0.573,0.122,0.466,4.4,15.0,9.6,12.9,1.4,1.6,18.6,16.6,0.6,0.5,1.1,0.068,-1.1,-0.7,-1.8,0.0,,snydeki01,2008
347,Kirk Snyder,24,HOU,PF,9,0,81,14.4,0.518,0.321,0.393,7.1,9.6,8.4,16.4,0.7,0.9,10.9,20.8,0.1,0.1,0.2,0.117,0.9,0.5,1.3,0.1,,snydeki01,2008
348,Kirk Snyder,24,MIN,SF,27,18,680,13.2,0.582,0.087,0.478,4.1,15.7,9.7,12.5,1.5,1.6,19.8,16.1,0.5,0.4,0.9,0.063,-1.3,-0.9,-2.1,0.0,,snydeki01,2008
349,Tyronn Lue,30,2TM,PG,50,3,736,11.9,0.543,0.34,0.126,1.4,7.0,4.3,16.8,0.8,0.1,9.2,18.2,1.0,0.3,1.2,0.08,-0.2,-1.2,-1.4,0.1,,luety01,2008
350,Tyronn Lue,30,ATL,PG,33,3,564,12.7,0.542,0.352,0.143,1.9,6.6,4.2,17.5,1.0,0.0,9.6,18.5,0.8,0.2,1.0,0.081,0.5,-1.2,-0.7,0.2,,luety01,2008
351,Tyronn Lue,30,DAL,PG,17,0,172,9.2,0.545,0.298,0.07,0.0,8.5,4.4,14.3,0.0,0.4,7.8,17.3,0.2,0.1,0.3,0.078,-2.6,-1.1,-3.7,-0.1,,luety01,2008
352,Hilton Armstrong,23,NOH,C,65,3,732,7.7,0.498,0.0,0.473,10.1,16.0,13.0,4.4,1.1,3.6,24.8,15.1,-0.5,1.0,0.5,0.032,-6.3,0.5,-5.8,-0.7,,armsthi01,2008
353,Mike James,32,2TM,PG,54,1,720,8.6,0.437,0.334,0.166,2.2,8.7,5.5,13.4,1.6,0.2,10.4,22.1,-0.5,0.9,0.3,0.023,-3.4,-0.4,-3.8,-0.3,,jamesmi01,2008
354,Mike James,32,HOU,PG,33,1,537,9.6,0.44,0.327,0.186,2.3,8.5,5.5,16.4,1.7,0.3,10.6,23.3,-0.3,0.7,0.4,0.037,-3.0,0.1,-2.9,-0.1,,jamesmi01,2008
355,Mike James,32,NOH,PG,21,0,183,5.7,0.428,0.359,0.094,1.9,9.2,5.4,4.8,1.2,0.0,9.5,18.7,-0.2,0.1,-0.1,-0.018,-4.7,-1.6,-6.3,-0.2,,jamesmi01,2008
356,Kwame Brown,25,2TM,C,38,15,713,10.1,0.497,0.0,0.69,8.1,20.8,14.7,9.0,1.6,2.3,21.6,14.6,-0.3,1.0,0.6,0.043,-3.3,1.0,-2.3,0.0,,brownkw01,2008
357,Kwame Brown,25,LAL,C,23,14,509,9.7,0.503,0.0,0.621,7.0,20.9,14.3,7.7,1.6,2.7,22.0,14.6,-0.3,0.8,0.5,0.047,-3.3,1.4,-1.9,0.0,,brownkw01,2008
358,Kwame Brown,25,MEM,C,15,1,204,11.1,0.482,0.0,0.872,10.9,20.5,15.7,12.3,1.5,1.4,20.6,14.8,0.0,0.2,0.1,0.034,-3.2,0.0,-3.2,-0.1,,brownkw01,2008
359,Carl Landry,24,HOU,PF,42,0,711,21.4,0.641,0.005,0.498,15.5,17.3,16.4,5.2,1.3,0.7,8.9,18.8,2.5,1.2,3.7,0.251,1.6,-0.1,1.5,0.6,ROY-8,landrca01,2008
360,Jarron Collins,29,UTA,C,70,9,702,6.1,0.515,0.012,0.902,7.0,13.1,10.1,6.8,0.7,0.7,16.1,8.7,0.5,0.5,1.0,0.07,-3.3,-0.1,-3.4,-0.3,,collija03,2008
361,David Harrison,25,IND,C,55,0,702,8.6,0.539,0.0,0.565,6.5,11.9,9.1,3.0,1.4,6.3,21.5,16.7,-0.5,0.9,0.4,0.03,-7.3,1.4,-5.9,-0.7,,harrida01,2008
362,Ira Newble,33,3TM,SG,49,13,698,9.7,0.507,0.282,0.149,7.5,13.1,10.2,4.0,2.1,0.9,15.5,14.2,0.1,0.8,0.9,0.061,-2.9,-0.1,-3.0,-0.2,,newblir01,2008
363,Ira Newble,33,CLE,SG,41,13,650,10.0,0.522,0.285,0.165,7.0,13.2,10.0,3.4,2.2,0.8,15.5,14.0,0.1,0.8,0.9,0.067,-2.8,0.0,-2.7,-0.1,,newblir01,2008
364,Ira Newble,33,SEA,SF,2,0,17,0.5,0.286,0.286,0.0,0.0,0.0,0.0,8.8,0.0,0.0,0.0,17.8,0.0,0.0,-0.1,-0.144,-6.1,-3.6,-9.8,0.0,,newblir01,2008
365,Ira Newble,33,LAL,SF,6,0,31,10.0,0.389,0.222,0.0,22.4,17.2,19.7,13.4,1.6,2.3,25.0,17.1,0.0,0.0,0.0,0.037,-2.9,-1.5,-4.4,0.0,,newblir01,2008
366,Dominic McGuire,22,WAS,SG,70,1,695,6.6,0.397,0.058,0.311,8.7,14.9,11.7,8.3,1.5,3.1,25.5,10.4,-0.6,0.6,0.0,-0.003,-4.4,0.1,-4.3,-0.4,,mcguido01,2008
367,C.J. Miles,20,UTA,SG,60,13,689,14.2,0.574,0.326,0.22,2.9,10.9,6.9,11.5,2.4,0.9,9.4,18.6,1.1,0.8,1.9,0.134,-0.1,0.7,0.6,0.5,,milescj01,2008
368,Wilson Chandler,20,NYK,SF,35,16,685,11.7,0.48,0.124,0.223,6.1,15.3,10.6,8.1,1.1,1.8,9.2,19.2,0.2,0.4,0.5,0.038,-2.9,-1.1,-4.0,-0.3,,chandwi01,2008
369,Javaris Crittenton,20,2TM,SG,50,0,679,11.0,0.499,0.159,0.446,4.5,13.7,9.1,11.7,1.4,0.2,16.5,21.8,-0.3,0.4,0.1,0.004,-2.7,-1.4,-4.1,-0.4,,crittja01,2008
370,Javaris Crittenton,20,LAL,SG,22,0,171,11.0,0.551,0.057,0.528,4.7,8.7,6.8,15.7,2.1,0.0,25.2,22.5,-0.1,0.2,0.0,0.013,-3.2,-1.2,-4.3,-0.1,,crittja01,2008
371,Javaris Crittenton,20,MEM,SG,28,0,508,11.0,0.483,0.189,0.422,4.4,15.4,9.8,10.3,1.2,0.3,13.4,21.6,-0.2,0.2,0.0,0.001,-2.5,-1.5,-4.0,-0.3,,crittja01,2008
372,Juan Dixon,29,2TM,PG,53,0,668,11.3,0.488,0.279,0.101,2.7,10.7,6.7,23.3,1.7,0.2,16.7,22.8,-0.3,0.7,0.4,0.026,-1.8,-0.5,-2.3,-0.1,,dixonju01,2008
373,Juan Dixon,29,TOR,PG,36,0,424,10.7,0.454,0.244,0.119,2.5,10.7,6.6,23.4,2.6,0.4,17.2,22.6,-0.5,0.5,0.0,0.002,-2.7,0.1,-2.6,-0.1,,dixonju01,2008
374,Juan Dixon,29,DET,PG,17,0,244,12.4,0.544,0.337,0.071,2.9,10.8,6.9,23.1,0.0,0.0,15.8,23.2,0.1,0.2,0.3,0.068,-0.1,-1.7,-1.8,0.0,,dixonju01,2008
375,Ryan Bowen,32,NOH,SF,53,4,660,9.9,0.505,0.01,0.29,9.5,8.2,8.9,5.2,2.6,1.3,11.7,9.0,0.6,0.8,1.5,0.107,-2.5,1.8,-0.8,0.2,,bowenry01,2008
376,Julian Wright,20,NOH,SF,57,1,640,15.4,0.581,0.142,0.308,5.9,15.7,10.7,9.5,2.4,1.5,15.1,16.4,0.7,0.9,1.7,0.126,0.3,1.5,1.8,0.6,,wrighju01,2008
377,Mardy Collins,23,NYK,SG,46,8,634,5.9,0.378,0.183,0.217,3.3,10.4,6.7,21.4,2.0,1.0,22.6,17.5,-1.4,0.3,-1.0,-0.079,-5.5,-0.9,-6.4,-0.7,,collima01,2008
378,Michael Ruffin,31,MIL,C,46,2,632,12.1,0.507,0.0,1.016,16.1,18.6,17.3,5.3,2.6,2.4,17.5,7.7,0.7,0.6,1.2,0.095,-2.0,0.3,-1.8,0.0,,ruffimi01,2008
379,Brian Cook,27,2TM,PF,51,2,629,8.6,0.489,0.491,0.09,5.3,14.2,10.0,6.8,1.1,1.4,13.8,20.5,-0.4,0.7,0.4,0.029,-3.1,-0.7,-3.8,-0.3,,cookbr01,2008
380,Brian Cook,27,LAL,PF,6,2,70,1.2,0.308,0.476,0.19,6.6,9.1,7.9,5.6,1.4,0.0,14.9,16.9,-0.2,0.1,-0.1,-0.087,-5.6,-1.9,-7.5,-0.1,,cookbr01,2008
381,Brian Cook,27,ORL,PF,45,0,559,9.5,0.508,0.493,0.08,5.2,14.8,10.2,6.9,1.0,1.6,13.7,21.0,-0.2,0.7,0.5,0.044,-2.8,-0.5,-3.3,-0.2,,cookbr01,2008
382,Sergio Rodríguez,21,POR,PG,72,0,628,9.0,0.423,0.296,0.194,2.4,8.4,5.4,31.2,2.1,0.0,19.9,20.0,-0.7,0.5,-0.2,-0.017,-3.1,-0.5,-3.7,-0.3,,rodrise01,2008
383,Melvin Ely,29,NOH,C,52,1,621,9.0,0.491,0.0,0.322,5.1,22.6,13.6,5.4,0.6,2.3,17.0,18.5,-0.5,0.8,0.3,0.022,-5.1,-0.2,-5.2,-0.5,,elyme01,2008
384,Dikembe Mutombo,41,HOU,C,39,25,619,14.5,0.591,0.0,0.563,12.6,23.5,18.1,1.2,0.9,5.7,14.6,8.6,0.9,1.4,2.3,0.178,-1.2,2.5,1.3,0.5,,mutomdi01,2008
385,Aaron Gray,23,CHI,C,61,1,613,13.9,0.529,0.005,0.485,12.5,18.7,15.5,11.4,1.8,2.0,18.7,22.0,0.1,0.8,0.8,0.066,-3.6,0.0,-3.5,-0.2,,grayaa01,2008
386,Aaron Brooks,23,HOU,PG,51,0,608,13.1,0.535,0.484,0.218,2.5,7.9,5.2,23.5,1.1,0.6,15.1,21.8,0.6,0.8,1.4,0.112,-0.5,0.2,-0.2,0.3,,brookaa01,2008
387,Jason Hart,29,UTA,PG,57,0,606,8.0,0.413,0.172,0.25,1.0,10.0,5.5,19.3,2.5,0.4,12.3,16.8,-0.2,0.7,0.4,0.033,-4.1,0.8,-3.3,-0.2,,hartja01,2008
388,Smush Parker,26,2TM,PG,28,2,592,7.0,0.42,0.424,0.152,0.8,9.4,5.0,23.6,2.1,0.8,18.3,18.9,-1.1,0.4,-0.6,-0.052,-4.8,-0.7,-5.5,-0.5,,parkesm01,2008
389,Smush Parker,26,MIA,PG,9,0,183,5.5,0.386,0.444,0.074,1.3,11.3,6.2,13.3,1.5,1.3,12.5,16.5,-0.3,0.1,-0.2,-0.06,-4.3,-0.1,-4.3,-0.1,,parkesm01,2008
390,Smush Parker,26,LAC,PG,19,2,409,7.6,0.434,0.415,0.185,0.6,8.5,4.5,28.3,2.4,0.6,20.4,19.9,-0.7,0.3,-0.4,-0.048,-5.0,-1.0,-6.0,-0.4,,parkesm01,2008
391,Ronnie Price,24,UTA,PG,61,3,588,12.3,0.516,0.368,0.186,1.7,7.8,4.8,19.4,2.8,0.4,12.0,19.1,0.5,0.6,1.1,0.094,-1.8,1.1,-0.7,0.2,,pricero01,2008
392,Robert Horry,37,SAS,PF,45,5,583,9.6,0.426,0.588,0.235,7.2,14.8,11.0,11.9,1.9,2.5,14.3,12.6,-0.1,1.1,1.1,0.088,-2.2,2.7,0.4,0.4,,horryro01,2008
393,Earl Boykins,31,CHA,PG,36,0,577,10.0,0.467,0.256,0.343,1.8,5.0,3.4,26.0,1.2,0.0,17.2,19.0,-0.1,0.1,0.0,0.001,-2.0,-2.8,-4.8,-0.4,,boykiea01,2008
394,Marcus Banks,26,2TM,PG,36,3,569,12.6,0.579,0.534,0.183,0.9,8.3,4.6,17.7,1.3,1.6,15.2,19.7,0.5,0.3,0.8,0.068,-0.8,-0.7,-1.5,0.1,,banksma01,2008
395,Marcus Banks,26,PHO,PG,24,1,310,10.1,0.539,0.596,0.147,1.2,5.7,3.6,11.3,1.3,1.7,12.1,19.1,0.1,0.2,0.3,0.046,-2.0,-0.8,-2.8,-0.1,,banksma01,2008
396,Marcus Banks,26,MIA,PG,12,2,259,15.5,0.631,0.451,0.232,0.5,11.3,5.8,25.5,1.2,1.5,18.9,20.4,0.4,0.1,0.5,0.093,0.6,-0.5,0.1,0.1,,banksma01,2008
397,Chris Richard,23,MIN,C,52,3,556,7.9,0.496,0.0,0.31,10.5,17.9,14.1,4.6,0.9,1.7,19.5,10.0,0.1,0.3,0.4,0.037,-4.6,-1.1,-5.7,-0.5,,richach01,2008
398,Brent Barry,36,SAS,SF,31,1,554,16.7,0.655,0.7,0.125,2.6,9.0,5.9,16.1,1.7,0.4,9.6,16.1,1.5,0.8,2.3,0.203,2.4,1.2,3.6,0.8,,barrybr01,2008
399,Darrell Armstrong,39,NJN,PG,50,2,549,8.7,0.499,0.627,0.273,3.6,10.6,7.1,20.5,2.7,0.3,25.0,13.7,-0.2,0.5,0.3,0.024,-3.5,0.8,-2.7,-0.1,,armstda01,2008
400,Alexander Johnson,24,MIA,PF,43,6,549,8.9,0.554,0.0,0.664,6.9,13.7,10.3,4.0,1.3,1.5,20.6,17.6,-0.1,0.4,0.2,0.019,-5.2,-1.0,-6.2,-0.6,,johnsal01,2008
401,Casey Jacobsen,26,MEM,SG,53,0,547,4.5,0.437,0.626,0.148,2.4,11.0,6.7,5.2,0.5,0.1,11.6,11.3,-0.3,0.0,-0.3,-0.023,-4.0,-1.6,-5.6,-0.5,,jacobca01,2008
402,Trevor Ariza,22,2TM,SF,35,3,546,16.1,0.568,0.132,0.551,6.4,15.4,11.1,11.8,2.9,1.5,12.0,15.6,0.9,0.9,1.8,0.157,0.4,2.3,2.8,0.7,,arizatr01,2008
403,Trevor Ariza,22,ORL,SF,11,0,115,12.7,0.479,0.097,0.484,5.2,18.3,12.0,10.7,2.2,1.9,11.7,17.0,0.0,0.2,0.2,0.085,-1.7,3.1,1.4,0.1,,arizatr01,2008
404,Trevor Ariza,22,LAL,SF,24,3,431,17.1,0.594,0.143,0.571,6.7,14.6,10.8,12.0,3.0,1.3,12.0,15.3,0.9,0.7,1.6,0.176,1.0,2.1,3.1,0.6,,arizatr01,2008
405,Yakhouba Diawara,25,DEN,SG,54,14,542,8.1,0.518,0.493,0.231,4.7,7.6,6.2,9.3,0.7,0.4,9.8,12.8,0.5,0.3,0.7,0.065,-2.6,-1.1,-3.6,-0.2,,diawaya01,2008
406,Dan Gadzuric,29,MIL,C,51,4,534,10.7,0.443,0.006,0.409,14.2,17.7,15.9,3.2,2.0,3.5,15.8,18.2,-0.4,0.4,0.1,0.006,-4.8,-1.3,-6.1,-0.6,,gadzuda01,2008
407,Ryan Hollins,23,CHA,PF,60,1,532,11.4,0.565,0.0,0.872,11.4,11.7,11.6,4.0,1.0,4.3,16.1,13.3,0.6,0.4,1.1,0.096,-3.9,0.1,-3.8,-0.2,,holliry01,2008
408,Bobby Jones,24,5TM,SF,47,2,531,9.9,0.548,0.379,0.364,6.2,13.3,9.8,7.9,1.4,0.4,14.7,15.9,0.4,0.4,0.8,0.07,-3.3,-0.4,-3.7,-0.2,,jonesbo02,2008
409,Bobby Jones,24,DEN,SF,25,0,222,8.5,0.55,0.359,0.438,5.5,12.9,9.3,6.9,1.1,0.3,15.5,17.3,0.1,0.2,0.3,0.071,-4.1,-0.7,-4.7,-0.2,,jonesbo02,2008
410,Bobby Jones,24,MEM,SF,9,2,137,12.1,0.495,0.361,0.278,8.1,14.0,11.0,12.0,1.8,1.1,11.0,14.7,0.1,0.1,0.2,0.079,-2.0,0.0,-2.0,0.0,,jonesbo02,2008
411,Bobby Jones,24,HOU,SF,4,0,9,5.9,0.5,0.0,0.0,0.0,12.3,6.3,0.0,5.9,0.0,20.0,25.4,0.0,0.0,0.0,-0.018,-13.2,2.3,-10.9,0.0,,jonesbo02,2008
412,Bobby Jones,24,MIA,SF,6,0,143,11.2,0.636,0.469,0.406,6.6,13.6,10.1,5.9,0.7,0.0,15.7,14.8,0.2,0.1,0.2,0.08,-2.3,-1.2,-3.4,-0.1,,jonesbo02,2008
413,Bobby Jones,24,SAS,SF,3,0,20,3.4,0.25,0.5,0.0,0.0,11.6,5.9,7.2,5.4,0.0,20.0,12.0,-0.1,0.0,0.0,-0.042,-6.8,4.8,-2.0,0.0,,jonesbo02,2008
414,Greg Buckner,31,MIN,SG,31,4,520,7.2,0.489,0.427,0.188,2.2,12.7,7.2,10.8,2.1,0.3,18.6,13.5,-0.2,0.3,0.1,0.008,-4.4,0.2,-4.1,-0.3,,buckngr01,2008
415,Brian Scalabrine,29,BOS,PF,48,9,512,5.1,0.428,0.489,0.213,5.4,12.5,9.2,11.2,0.9,1.3,20.2,11.7,-0.3,0.9,0.6,0.057,-3.8,1.0,-2.8,-0.1,,scalabr01,2008
416,Joel Anthony,25,MIA,PF,24,1,498,8.8,0.521,0.0,0.817,9.0,13.4,11.2,0.9,1.0,5.0,17.2,9.4,0.1,0.4,0.6,0.054,-5.3,-0.3,-5.5,-0.4,,anthojo01,2008
417,Malik Rose,33,NYK,PF,49,3,494,7.3,0.422,0.039,0.283,6.9,17.1,11.9,9.3,1.7,1.1,16.5,22.0,-0.9,0.4,-0.5,-0.052,-6.3,-1.2,-7.5,-0.7,,rosema01,2008
418,Primož Brezec,28,3TM,C,50,18,475,5.4,0.502,0.0,0.426,7.3,12.6,10.0,3.5,0.3,1.2,17.7,13.3,-0.1,0.3,0.2,0.017,-6.1,-1.2,-7.3,-0.6,,brezepr01,2008
419,Primož Brezec,28,CHA,C,20,18,267,1.5,0.409,0.0,0.116,6.0,13.0,9.5,3.3,0.0,0.9,24.9,10.3,-0.4,0.1,-0.3,-0.054,-7.1,-1.7,-8.8,-0.5,,brezepr01,2008
420,Primož Brezec,28,DET,C,17,0,98,10.8,0.705,0.0,1.077,8.5,14.7,11.6,6.2,1.1,1.6,20.7,11.6,0.2,0.1,0.3,0.148,-4.1,1.7,-2.4,0.0,,brezepr01,2008
421,Primož Brezec,28,TOR,C,13,0,110,10.2,0.508,0.0,0.553,9.6,9.8,9.7,1.4,0.5,1.5,7.8,22.0,0.1,0.1,0.2,0.072,-5.4,-2.6,-8.1,-0.2,,brezepr01,2008
422,Dwayne Jones,24,CLE,PF,56,0,472,11.1,0.538,0.021,1.234,16.2,17.7,16.9,3.1,1.1,4.2,19.0,8.6,0.5,0.7,1.2,0.121,-3.7,0.1,-3.6,-0.2,,jonesdw02,2008
423,Mickaël Gelabale,24,SEA,SG,39,0,465,10.5,0.509,0.236,0.115,3.8,9.8,6.8,11.1,1.1,1.4,14.1,17.9,0.0,0.2,0.2,0.021,-2.0,-1.0,-3.1,-0.1,,gelabmi01,2008
424,J.J. Barea,23,DAL,PG,44,9,460,11.7,0.515,0.318,0.206,1.0,10.5,5.9,20.6,1.6,0.2,15.9,22.3,0.0,0.5,0.5,0.052,-1.7,-0.2,-1.9,0.0,,bareajo01,2008
425,Austin Croshere,32,GSW,PF,44,0,457,13.2,0.573,0.445,0.234,7.4,17.3,12.2,9.0,0.9,1.0,12.7,16.0,0.8,0.3,1.1,0.112,-0.2,-0.8,-1.1,0.1,,croshau01,2008
426,Ramon Sessions,21,MIL,PG,17,7,450,16.2,0.507,0.06,0.35,2.0,13.6,7.6,43.5,2.0,0.5,21.0,17.1,0.5,0.2,0.7,0.077,0.2,-1.2,-1.0,0.1,,sessira01,2008
427,Brian Cardinal,30,MEM,PF,37,1,440,7.3,0.461,0.643,0.151,6.6,18.0,12.2,7.4,1.1,0.3,14.6,15.9,-0.2,0.2,0.0,0.003,-3.9,-1.3,-5.2,-0.4,,cardibr01,2008
428,Theo Ratliff,34,2TM,C,26,9,437,11.9,0.534,0.012,0.506,8.5,15.6,12.0,4.7,0.9,6.7,16.8,13.2,0.2,0.6,0.8,0.091,-2.9,1.8,-1.1,0.1,,ratlith01,2008
429,Theo Ratliff,34,MIN,PF,10,6,214,12.3,0.563,0.022,0.556,6.8,14.5,10.6,4.9,0.7,7.1,17.6,14.3,0.1,0.2,0.3,0.067,-2.8,1.4,-1.5,0.0,,ratlith01,2008
430,Theo Ratliff,34,DET,C,16,3,223,11.6,0.501,0.0,0.45,10.1,16.7,13.4,4.6,1.0,6.4,15.8,12.0,0.1,0.4,0.5,0.115,-3.0,2.3,-0.7,0.1,,ratlith01,2008
431,Gilbert Arenas,26,WAS,PG,13,8,425,18.2,0.529,0.398,0.49,1.6,12.8,7.0,27.4,2.9,0.2,17.1,31.1,0.2,0.4,0.6,0.07,2.3,0.1,2.4,0.5,,arenagi01,2008
432,Salim Stoudamire,25,ATL,PG,35,0,402,11.1,0.495,0.472,0.278,1.2,5.8,3.5,11.9,0.9,0.9,9.4,25.2,0.1,0.1,0.3,0.031,-1.0,-2.5,-3.5,-0.1,,stoudsa01,2008
433,Derek Anderson,33,CHA,SG,28,0,396,10.0,0.497,0.416,0.304,2.6,12.6,7.5,17.8,1.6,0.2,15.0,19.3,0.0,0.3,0.3,0.032,-2.6,-0.7,-3.2,-0.1,,anderde01,2008
434,Andre Owens,27,IND,PG,31,7,392,10.0,0.504,0.374,0.318,3.5,9.6,6.5,17.6,1.6,0.6,16.4,16.1,0.1,0.3,0.4,0.053,-1.4,0.5,-1.0,0.1,,owensan01,2008
435,Alonzo Mourning,37,MIA,C,25,0,389,16.2,0.58,0.0,0.8,10.3,18.5,14.3,3.1,0.5,8.6,16.3,18.7,0.3,0.5,0.8,0.098,-2.5,1.1,-1.5,0.1,,mournal01,2008
436,Jake Voskuhl,30,MIL,C,44,0,386,8.7,0.528,0.0,0.363,8.8,21.3,14.8,5.1,1.2,4.3,23.8,14.2,-0.1,0.3,0.2,0.025,-6.3,0.4,-5.9,-0.4,,voskuja01,2008
437,Brandan Wright,20,GSW,PF,38,6,376,17.2,0.583,0.0,0.357,10.4,18.1,14.1,3.4,0.8,4.3,9.1,16.0,0.8,0.3,1.1,0.142,0.2,-0.6,-0.4,0.2,,wrighbr03,2008
438,Walter Herrmann,28,2TM,PF,45,0,373,13.2,0.494,0.444,0.174,6.9,16.1,11.5,8.0,1.0,0.2,7.2,20.8,0.3,0.4,0.7,0.086,0.7,-1.0,-0.3,0.2,,herrmwa01,2008
439,Walter Herrmann,28,CHA,PF,17,0,174,12.1,0.49,0.4,0.154,6.6,17.3,11.9,3.8,1.2,0.0,5.4,19.3,0.1,0.1,0.2,0.061,0.2,-1.2,-1.0,0.0,,herrmwa01,2008
440,Walter Herrmann,28,DET,PF,28,0,199,14.0,0.496,0.481,0.19,7.2,15.1,11.1,11.6,0.8,0.4,8.5,22.2,0.2,0.2,0.4,0.108,1.2,-0.9,0.3,0.1,,herrmwa01,2008
441,C.J. Watson,23,GSW,PG,32,0,368,11.0,0.519,0.257,0.287,3.6,5.8,4.7,12.8,2.0,0.0,13.7,15.1,0.3,0.1,0.4,0.056,-2.0,-0.9,-2.8,-0.1,,watsocj01,2008
442,Gerald Green,22,2TM,SF,30,0,362,8.7,0.453,0.258,0.272,4.1,16.9,10.2,12.5,1.2,0.9,15.9,25.1,-0.5,0.2,-0.4,-0.048,-3.2,-1.2,-4.3,-0.2,,greenge01,2008
443,Gerald Green,22,MIN,SF,29,0,358,7.9,0.443,0.264,0.277,3.5,17.0,10.0,12.6,1.2,0.9,16.2,24.9,-0.6,0.2,-0.4,-0.058,-3.6,-1.3,-4.8,-0.3,,greenge01,2008
444,Gerald Green,22,HOU,SF,1,0,4,76.3,1.0,0.0,0.0,57.3,0.0,28.2,0.0,0.0,0.0,0.0,34.3,0.1,0.0,0.1,0.826,32.7,8.2,40.9,0.0,,greenge01,2008
445,Juwan Howard,34,DAL,PF,50,0,353,4.1,0.406,0.0,0.219,7.1,19.0,13.3,6.9,0.8,0.4,19.5,11.5,-0.3,0.4,0.1,0.016,-6.2,0.0,-6.2,-0.4,,howarju01,2008
446,Chucky Atkins,33,DEN,SG,24,0,352,8.9,0.449,0.648,0.074,0.9,8.4,4.8,18.7,1.2,0.2,7.4,16.4,0.1,0.2,0.3,0.04,-1.8,-1.1,-3.0,-0.1,,atkinch01,2008
447,Donyell Marshall,34,2TM,PF,26,1,340,9.8,0.455,0.541,0.224,7.8,17.2,12.4,4.4,0.9,3.6,12.2,16.0,-0.1,0.4,0.3,0.042,-2.2,-1.0,-3.1,-0.1,,marshdo01,2008
448,Donyell Marshall,34,CLE,PF,11,1,156,8.4,0.427,0.523,0.205,6.4,15.8,11.0,4.9,0.7,4.5,11.1,15.7,-0.1,0.2,0.1,0.039,-2.7,-1.1,-3.8,-0.1,,marshdo01,2008
449,Donyell Marshall,34,SEA,PF,15,0,184,10.9,0.477,0.556,0.241,8.9,18.3,13.6,4.0,1.1,2.7,13.1,16.2,0.0,0.2,0.2,0.045,-1.7,-0.8,-2.5,0.0,,marshdo01,2008
450,Joey Graham,25,TOR,SF,38,3,331,10.3,0.52,0.027,0.398,6.4,17.7,12.0,7.0,0.5,0.0,14.8,22.2,0.0,0.3,0.3,0.04,-4.3,-2.2,-6.5,-0.4,,grahajo01,2008
451,Ruben Patterson,32,LAC,SF,20,5,327,10.9,0.486,0.023,0.5,8.4,14.2,11.3,8.8,3.3,1.6,20.5,18.6,-0.4,0.4,0.1,0.01,-4.1,1.6,-2.5,0.0,,patteru01,2008
452,D.J. Mbenga,27,2TM,C,42,0,326,9.4,0.465,0.0,0.143,9.4,14.7,12.1,4.3,1.1,5.8,11.8,13.5,0.0,0.4,0.4,0.066,-5.7,0.4,-5.3,-0.3,,mbengdj01,2008
453,D.J. Mbenga,27,GSW,C,16,0,130,6.7,0.398,0.0,0.087,10.3,15.4,12.8,3.9,1.1,5.6,14.3,9.0,0.0,0.1,0.1,0.048,-6.2,1.1,-5.1,-0.1,,mbengdj01,2008
454,D.J. Mbenga,27,LAL,C,26,0,196,11.2,0.489,0.0,0.164,8.9,14.1,11.6,4.6,1.0,5.9,10.9,16.5,0.0,0.3,0.3,0.078,-5.3,-0.1,-5.4,-0.2,,mbengdj01,2008
455,Anfernee Hardaway,36,MIA,SF,16,8,325,9.0,0.469,0.317,0.15,1.1,12.0,6.5,16.8,3.1,0.2,16.9,11.2,-0.1,0.3,0.2,0.036,-3.4,2.3,-1.1,0.1,,hardaan01,2008
456,Jermareo Davidson,23,CHA,SF,38,2,322,9.8,0.437,0.0,0.224,7.5,14.7,11.1,6.9,1.1,3.5,11.0,21.9,-0.4,0.3,-0.1,-0.012,-4.6,-0.6,-5.2,-0.3,,davidje01,2008
457,Oleksiy Pecherov,22,WAS,C,35,0,320,9.6,0.451,0.48,0.248,7.5,16.9,12.1,3.6,1.0,1.3,10.9,22.4,-0.2,0.2,0.0,-0.002,-2.7,-3.4,-6.1,-0.3,,pecheol01,2008
458,Adrian Griffin,33,2TM,SG,35,2,307,8.7,0.406,0.0,0.118,10.0,11.4,10.7,13.4,2.8,0.5,20.8,14.5,-0.3,0.3,0.0,0.001,-4.1,1.1,-3.0,-0.1,,griffad01,2008
459,Adrian Griffin,33,CHI,SG,22,2,222,8.5,0.404,0.0,0.117,9.3,9.5,9.4,15.3,2.8,0.4,20.2,15.8,-0.3,0.2,0.0,-0.009,-4.3,0.4,-3.8,-0.1,,griffad01,2008
460,Adrian Griffin,33,SEA,SF,13,0,85,9.3,0.415,0.0,0.125,11.6,16.6,14.1,8.2,2.9,0.8,22.9,11.1,-0.1,0.1,0.0,0.027,-3.8,2.8,-1.0,0.0,,griffad01,2008
461,Ike Diogu,24,IND,PF,30,1,305,17.2,0.543,0.0,0.351,13.3,17.1,15.2,5.7,1.1,0.7,11.4,24.8,0.4,0.3,0.7,0.115,-0.9,-2.3,-3.2,-0.1,,dioguik01,2008
462,Eric Snow,34,CLE,PG,22,5,305,3.1,0.231,0.053,0.579,1.4,6.2,3.7,19.1,1.7,1.0,17.3,8.6,-0.4,0.3,-0.1,-0.021,-6.7,0.3,-6.4,-0.3,,snower01,2008
463,Kasib Powell,26,MIA,SF,11,4,304,9.0,0.424,0.347,0.095,3.1,14.4,8.7,10.0,1.6,0.5,4.8,16.2,-0.2,0.2,0.0,0.006,-3.1,-0.7,-3.8,-0.1,,powelka01,2008
464,Stéphane Lasme,25,2TM,SF,16,4,303,11.7,0.488,0.0,0.451,10.1,10.8,10.5,1.6,2.3,5.8,15.0,15.6,-0.1,0.3,0.3,0.041,-4.8,0.3,-4.4,-0.2,,lasmest01,2008
465,Stéphane Lasme,25,GSW,SF,1,0,0,,,,,,,,,,,,,0.0,0.0,0.0,,,,,0.0,,lasmest01,2008
466,Stéphane Lasme,25,MIA,PF,15,4,303,11.7,0.488,0.0,0.451,10.1,10.8,10.5,1.6,2.3,5.8,15.0,15.6,-0.1,0.3,0.3,0.041,-4.8,0.3,-4.4,-0.2,,lasmest01,2008
467,Kevin Ollie,35,PHI,SG,40,0,300,9.7,0.463,0.014,0.217,1.6,6.0,3.8,18.7,1.8,0.0,6.2,12.1,0.3,0.2,0.5,0.084,-3.3,0.6,-2.7,-0.1,,ollieke01,2008
468,Aaron Williams,36,LAC,C,30,5,297,10.3,0.54,0.0,0.327,5.8,18.0,11.9,4.9,2.1,3.8,17.1,11.8,0.0,0.4,0.4,0.072,-4.5,2.0,-2.5,0.0,,williaa01,2008
469,Raef LaFrentz,31,POR,C,39,0,291,10.4,0.469,0.066,0.311,11.4,15.7,13.6,3.2,2.3,4.5,12.6,12.9,0.1,0.4,0.5,0.085,-4.8,2.1,-2.7,-0.1,,lafrera01,2008
470,Andre Brown,26,MEM,PF,33,1,286,13.5,0.502,0.0,0.628,14.4,21.8,18.0,4.4,1.2,1.0,12.3,17.7,0.2,0.2,0.4,0.068,-2.5,-2.2,-4.7,-0.2,,brownan01,2008
471,Jamaal Magloire,29,2TM,C,31,2,286,1.4,0.377,0.0,0.8,7.7,28.3,18.0,3.7,0.2,2.7,28.7,16.8,-1.0,0.3,-0.6,-0.109,-9.9,-0.9,-10.8,-0.6,,magloja01,2008
472,Jamaal Magloire,29,NJN,C,24,2,259,1.7,0.351,0.0,0.633,8.0,28.2,18.1,4.1,0.0,3.0,26.9,15.1,-0.8,0.3,-0.5,-0.096,-9.1,-0.8,-9.9,-0.5,,magloja01,2008
473,Jamaal Magloire,29,DAL,C,7,0,27,-1.9,0.512,0.0,2.167,4.4,29.0,17.1,0.0,2.0,0.0,37.4,32.3,-0.2,0.0,-0.1,-0.234,-17.4,-1.4,-18.8,-0.1,,magloja01,2008
474,Pat Garrity,31,ORL,PF,31,0,284,3.2,0.401,0.463,0.063,3.8,13.6,8.9,6.8,1.1,0.3,17.1,16.0,-0.5,0.3,-0.2,-0.038,-6.5,-0.2,-6.6,-0.3,,garripa01,2008
475,Kenny Thomas,30,SAC,PF,23,3,281,2.6,0.398,0.0,0.132,7.7,17.7,12.8,6.5,1.1,0.3,34.3,9.7,-0.5,0.2,-0.3,-0.047,-5.9,-0.1,-6.0,-0.3,,thomake01,2008
476,Chris Mihm,28,LAL,C,23,5,278,7.7,0.384,0.0,0.284,11.7,18.8,15.4,6.6,0.7,3.6,13.7,19.6,-0.4,0.4,0.0,-0.004,-6.2,-1.8,-8.0,-0.4,,mihmch01,2008
477,JJ Redick,23,ORL,SG,34,0,276,12.7,0.569,0.398,0.315,0.4,8.8,4.8,9.7,0.7,0.0,10.9,22.9,0.3,0.2,0.5,0.091,-1.0,-1.4,-2.4,0.0,,redicjj01,2008
478,Elton Brand,28,LAC,PF,8,6,274,18.0,0.523,0.0,0.412,8.8,18.2,13.5,11.2,0.6,4.1,11.2,25.5,0.2,0.3,0.5,0.08,0.3,-0.6,-0.3,0.1,,brandel01,2008
479,D.J. Strawberry,22,PHO,SG,33,0,270,6.2,0.364,0.272,0.207,4.1,7.4,5.9,14.8,2.2,1.5,9.9,18.5,-0.4,0.2,-0.2,-0.031,-5.9,0.3,-5.6,-0.2,,strawdj01,2008
480,Mario West,23,ATL,SG,64,2,269,8.6,0.488,0.082,0.531,11.3,9.5,10.4,7.2,2.4,1.1,13.0,11.7,0.2,0.2,0.5,0.082,-4.4,0.6,-3.8,-0.1,,westma02,2008
481,Nick Fazekas,22,2TM,PF,26,0,269,19.6,0.584,0.024,0.268,14.5,23.7,19.1,7.5,1.6,3.1,12.4,18.0,0.5,0.4,0.8,0.148,0.9,-0.4,0.5,0.2,,fazekni01,2008
482,Nick Fazekas,22,DAL,PF,4,0,9,13.8,0.4,0.0,0.0,13.3,24.9,19.3,0.0,0.0,0.0,0.0,25.9,0.0,0.0,0.0,0.021,0.0,-4.6,-4.6,0.0,,fazekni01,2008
483,Nick Fazekas,22,LAC,PF,22,0,260,19.8,0.594,0.026,0.286,14.5,23.7,19.1,7.8,1.6,3.2,13.0,17.7,0.5,0.3,0.8,0.153,0.9,-0.2,0.7,0.2,,fazekni01,2008
484,Nenê,25,DEN,PF,16,1,266,11.1,0.459,0.014,0.69,12.4,22.8,17.7,7.8,1.6,3.7,18.5,18.1,-0.1,0.4,0.3,0.052,-4.6,0.4,-4.2,-0.1,,hilarne01,2008
485,Steve Novak,24,HOU,SF,35,0,264,17.3,0.651,0.696,0.039,1.7,13.0,7.5,3.9,0.4,0.8,3.7,18.7,0.7,0.3,1.1,0.196,4.3,-0.1,4.2,0.4,,novakst01,2008
486,Awvee Storey,30,MIL,SG,26,0,259,11.5,0.452,0.079,0.326,13.5,10.9,12.3,10.1,1.4,0.3,8.9,19.4,0.1,0.0,0.2,0.031,-2.7,-2.5,-5.2,-0.2,,storeaw01,2008
487,Michael Doleac,30,MIN,C,24,8,257,7.5,0.446,0.0,0.032,7.0,15.4,11.1,4.1,2.0,3.1,15.8,13.3,-0.2,0.2,0.0,0.005,-5.4,1.1,-4.4,-0.2,,doleami01,2008
488,Marco Belinelli,21,GSW,SG,33,0,241,8.2,0.49,0.441,0.097,1.3,5.1,3.1,8.8,1.0,0.0,11.0,19.1,0.0,0.0,0.0,-0.002,-2.2,-2.4,-4.6,-0.2,,belinma01,2008
489,Shannon Brown,22,2TM,SG,21,4,240,6.3,0.411,0.238,0.23,2.8,6.9,4.7,12.8,2.4,1.0,14.7,30.7,-0.8,0.3,-0.5,-0.102,-5.7,-2.1,-7.9,-0.4,,brownsh01,2008
490,Shannon Brown,22,CLE,SG,15,4,218,8.1,0.433,0.261,0.207,2.5,7.0,4.7,14.1,2.4,0.4,13.6,29.2,-0.5,0.2,-0.2,-0.052,-4.4,-1.5,-5.9,-0.2,,brownsh01,2008
491,Shannon Brown,22,CHI,SG,6,0,22,-11.8,0.255,0.067,0.4,5.0,5.3,5.1,0.0,2.3,7.1,22.1,45.5,-0.3,0.0,-0.3,-0.592,-19.0,-8.4,-27.4,-0.1,,brownsh01,2008
492,Luke Jackson,26,MIA,SF,14,1,228,9.1,0.438,0.375,0.288,3.6,13.9,8.7,12.6,1.9,0.0,9.1,20.6,-0.2,0.2,0.0,-0.004,-3.0,-1.0,-3.9,-0.1,,jackslu02,2008
493,Lindsey Hunter,37,DET,PG,24,0,215,8.8,0.427,0.406,0.141,2.2,5.0,3.6,23.3,3.3,0.7,16.1,17.7,-0.1,0.3,0.2,0.048,-4.2,2.1,-2.1,0.0,,hunteli01,2008
494,P.J. Brown,38,BOS,PF,18,0,209,10.2,0.406,0.024,0.39,17.6,21.0,19.4,6.9,1.3,3.1,17.2,12.9,0.0,0.5,0.5,0.116,-3.5,0.9,-2.7,0.0,,brownpj01,2008
495,Dahntay Jones,27,SAC,SG,25,0,206,13.5,0.537,0.113,0.962,4.1,15.7,10.0,8.9,2.0,2.3,11.7,18.5,0.2,0.2,0.4,0.096,-1.7,1.1,-0.6,0.1,,jonesda02,2008
496,Calvin Booth,31,PHI,C,31,0,204,7.1,0.382,0.0,0.37,3.5,18.8,11.1,5.4,1.6,7.0,11.3,7.8,-0.1,0.4,0.3,0.065,-5.5,3.2,-2.3,0.0,,boothca01,2008
497,Steve Francis,30,HOU,PG,10,3,199,9.1,0.41,0.298,0.404,4.6,8.4,6.5,22.7,2.4,1.8,17.3,18.6,-0.2,0.3,0.2,0.039,-4.0,2.0,-2.0,0.0,,francst01,2008
498,Paul Davis,23,LAC,PF,22,1,194,9.0,0.389,0.0,0.154,14.8,13.2,14.0,8.8,1.6,2.3,11.5,18.6,-0.2,0.2,0.0,-0.007,-5.0,-0.5,-5.5,-0.2,,davispa01,2008
499,Mike Wilks,28,3TM,PG,15,0,188,8.6,0.543,0.222,0.111,3.0,8.3,5.6,11.3,2.4,0.0,19.2,10.7,0.0,0.2,0.2,0.052,-3.2,0.9,-2.3,0.0,,wilksmi01,2008
500,Mike Wilks,28,DEN,PG,8,0,122,6.4,0.503,0.217,0.087,3.6,7.0,5.3,6.6,2.0,0.0,17.3,10.1,0.0,0.1,0.1,0.032,-4.1,0.7,-3.4,0.0,,wilksmi01,2008
501,Mike Wilks,28,WAS,PG,4,0,44,10.1,0.625,0.5,0.0,2.6,13.7,8.0,9.7,3.7,0.0,20.0,5.2,0.0,0.0,0.1,0.094,-2.3,3.3,1.0,0.0,,wilksmi01,2008
502,Mike Wilks,28,SEA,PG,3,0,22,17.7,0.607,0.111,0.222,0.0,4.9,2.5,40.5,2.3,0.0,23.3,25.3,0.0,0.0,0.0,0.074,-0.6,-2.3,-2.8,0.0,,wilksmi01,2008
503,Randolph Morris,22,NYK,C,18,2,181,4.3,0.396,0.0,0.5,7.3,16.2,11.6,1.8,1.2,0.9,11.3,19.8,-0.3,0.1,-0.2,-0.061,-8.7,-2.9,-11.6,-0.4,,morrira01,2008
504,Blake Ahearn,23,MIA,PG,12,0,177,9.0,0.495,0.596,0.544,0.7,12.4,6.4,17.2,1.8,0.0,18.5,23.2,-0.1,0.1,0.0,-0.006,-3.5,-1.3,-4.8,-0.1,,ahearbl01,2008
505,Scot Pollard,32,BOS,C,22,0,173,8.7,0.597,0.0,0.957,10.2,14.9,12.7,2.5,0.9,2.9,13.3,10.1,0.3,0.3,0.6,0.171,-4.3,2.1,-2.2,0.0,,pollasc01,2008
506,Othella Harrington,34,CHA,C,22,0,166,5.8,0.469,0.0,0.381,7.6,21.6,14.5,3.8,0.3,1.8,18.3,16.6,-0.2,0.1,0.0,-0.01,-7.6,-1.6,-9.2,-0.3,,harriot01,2008
507,Maurice Ager,23,2TM,SG,26,3,165,1.8,0.363,0.292,0.185,2.8,6.3,4.6,8.0,0.0,0.4,7.9,21.3,-0.4,0.0,-0.4,-0.114,-6.8,-4.2,-11.1,-0.4,,agerma01,2008
508,Maurice Ager,23,DAL,SG,12,3,77,-4.4,0.253,0.296,0.222,1.6,4.4,3.0,7.4,0.0,1.0,9.2,19.8,-0.3,0.0,-0.3,-0.181,-10.1,-3.6,-13.7,-0.2,,agerma01,2008
509,Maurice Ager,23,NJN,SG,14,0,88,7.1,0.443,0.289,0.158,3.9,7.9,5.9,8.4,0.0,0.0,6.9,22.7,-0.1,0.0,-0.1,-0.056,-4.0,-4.8,-8.7,-0.1,,agerma01,2008
510,Richie Frahm,30,LAC,SG,10,2,163,5.5,0.428,0.463,0.037,2.8,7.1,5.0,8.3,0.6,0.0,9.9,17.2,-0.2,0.0,-0.2,-0.054,-3.6,-1.5,-5.1,-0.1,,frahmri01,2008
511,Lorenzen Wright,32,2TM,C,18,1,161,2.5,0.317,0.0,0.286,5.8,21.6,13.8,3.5,1.0,1.4,14.5,7.8,-0.2,0.2,0.0,0.001,-6.9,0.3,-6.6,-0.2,,wrighlo02,2008
512,Lorenzen Wright,32,ATL,C,13,1,148,3.7,0.331,0.0,0.353,5.5,23.5,14.6,2.8,1.1,1.5,9.2,6.6,-0.1,0.2,0.1,0.028,-6.0,0.8,-5.2,-0.1,,wrighlo02,2008
513,Lorenzen Wright,32,SAC,C,5,0,13,-11.7,0.25,0.0,0.0,9.3,0.0,4.5,11.1,0.0,0.0,33.3,20.6,-0.1,0.0,-0.1,-0.304,-17.3,-4.8,-22.2,-0.1,,wrighlo02,2008
514,Mike Harris,24,HOU,PF,17,0,159,17.1,0.519,0.037,0.241,17.3,21.0,19.2,3.2,2.0,1.4,13.1,19.7,0.1,0.3,0.5,0.143,-0.1,0.5,0.3,0.1,,harrimi01,2008
515,Eddie Gill,29,2TM,PG,14,1,154,10.9,0.543,0.484,0.29,0.8,15.8,8.3,22.1,2.4,1.0,20.5,13.0,0.1,0.2,0.2,0.077,-2.8,2.1,-0.6,0.1,,gilled01,2008
516,Eddie Gill,29,NJN,PG,13,1,149,11.9,0.576,0.483,0.31,0.8,16.4,8.6,22.0,2.5,1.0,19.5,12.6,0.1,0.2,0.3,0.101,-2.2,2.6,0.4,0.1,,gilled01,2008
517,Eddie Gill,29,SEA,PG,1,0,5,-18.9,0.0,0.5,0.0,0.0,0.0,0.0,25.4,0.0,0.0,33.3,26.0,-0.1,0.0,-0.1,-0.634,-20.9,-11.2,-32.0,0.0,,gilled01,2008
518,Von Wafer,22,2TM,SG,29,0,154,1.0,0.347,0.426,0.197,0.7,13.1,7.0,6.6,0.6,1.5,16.4,22.7,-0.6,0.1,-0.5,-0.163,-7.4,-2.9,-10.3,-0.3,,wafervo01,2008
519,Von Wafer,22,DEN,SG,21,0,90,-1.6,0.325,0.395,0.211,1.2,10.6,6.0,7.7,1.1,0.8,20.9,24.8,-0.5,0.1,-0.4,-0.231,-9.9,-4.1,-14.0,-0.3,,wafervo01,2008
520,Von Wafer,22,POR,SG,8,0,64,4.7,0.384,0.478,0.174,0.0,16.5,8.3,5.0,0.0,2.4,7.5,19.8,-0.1,0.0,-0.1,-0.067,-3.8,-1.2,-5.0,0.0,,wafervo01,2008
521,Mark Madsen,32,MIN,PF,20,6,151,0.2,0.185,0.0,0.632,13.4,15.8,14.6,3.5,1.0,1.1,27.0,9.9,-0.4,0.1,-0.3,-0.102,-8.2,-2.4,-10.6,-0.3,,madsema01,2008
522,James Augustine,23,ORL,PF,25,0,149,10.8,0.533,0.0,0.235,12.9,10.4,11.6,2.1,1.7,1.0,13.8,13.4,0.1,0.2,0.3,0.098,-2.5,-0.3,-2.8,0.0,,augusja01,2008
523,Darius Washington,22,SAS,SG,18,0,146,9.0,0.493,0.25,0.271,3.3,12.8,8.1,17.1,1.9,0.0,20.7,22.2,-0.2,0.2,0.0,0.012,-4.9,0.2,-4.7,-0.1,,washida01,2008
524,Solomon Jones,23,ATL,PF,35,0,145,6.8,0.451,0.067,0.667,15.3,18.4,16.9,0.0,1.1,2.6,22.1,15.6,-0.1,0.1,0.0,0.0,-6.7,-2.0,-8.8,-0.2,,jonesso01,2008
525,Darrick Martin,36,TOR,PG,17,0,141,5.8,0.296,0.372,0.14,2.5,3.4,2.9,20.6,2.3,0.0,2.1,15.6,-0.2,0.1,-0.1,-0.021,-5.1,0.5,-4.6,-0.1,,martida01,2008
526,Jeremy Richardson,23,3TM,SF,27,1,132,4.2,0.457,0.432,0.045,0.9,7.0,4.0,2.2,1.2,0.0,11.8,17.6,-0.2,0.1,-0.1,-0.041,-5.5,-2.3,-7.8,-0.2,,richaje01,2008
527,Jeremy Richardson,23,MEM,SF,3,0,15,-18.1,0.0,0.333,0.0,0.0,7.5,3.7,8.6,0.0,0.0,14.3,20.7,-0.2,0.0,-0.2,-0.505,-17.5,-6.2,-23.7,-0.1,,richaje01,2008
528,Jeremy Richardson,23,SAS,SG,5,1,29,11.0,0.635,0.714,0.286,0.0,4.0,2.0,5.4,1.9,0.0,0.0,13.0,0.1,0.0,0.1,0.189,-2.9,1.2,-1.7,0.0,,richaje01,2008
529,Jeremy Richardson,23,ATL,SF,19,0,88,5.8,0.5,0.387,0.0,1.3,7.9,4.6,0.0,1.2,0.0,13.9,18.6,-0.1,0.0,-0.1,-0.037,-4.3,-2.8,-7.1,-0.1,,richaje01,2008
530,Sean Marks,32,PHO,C,19,0,130,16.1,0.574,0.093,0.442,8.5,21.7,15.6,4.5,1.1,5.0,13.5,20.4,0.1,0.2,0.3,0.121,-3.2,1.1,-2.1,0.0,,marksse01,2008
531,Stephen Graham,25,IND,SF,22,0,128,21.9,0.669,0.241,0.276,3.3,15.6,9.3,13.5,1.5,0.6,13.3,25.4,0.3,0.1,0.4,0.167,4.2,0.0,4.2,0.2,,grahast01,2008
532,Chris Webber,34,GSW,PF,9,8,126,10.7,0.482,0.0,0.387,1.6,26.5,13.6,19.3,1.5,3.5,23.3,15.8,-0.1,0.2,0.1,0.025,-3.6,2.5,-1.1,0.0,,webbech01,2008
533,Justin Williams,23,2TM,C,23,0,123,13.2,0.42,0.0,0.897,19.5,27.3,23.5,0.0,2.1,3.1,9.0,16.2,0.0,0.2,0.2,0.071,-2.2,-1.2,-3.5,0.0,,williju01,2008
534,Justin Williams,23,SAC,C,22,0,117,14.5,0.434,0.0,0.846,19.6,28.7,24.2,0.0,2.2,3.3,7.8,14.8,0.1,0.2,0.2,0.096,-1.1,-0.9,-2.0,0.0,,williju01,2008
535,Justin Williams,23,HOU,C,1,0,6,-13.0,0.315,0.0,1.333,19.1,0.0,9.4,0.0,0.0,0.0,17.4,43.9,-0.1,0.0,-0.1,-0.425,-24.0,-7.9,-31.9,0.0,,williju01,2008
536,Steven Hunter,26,DEN,C,19,2,120,8.6,0.53,0.0,0.714,9.2,16.8,13.1,0.0,0.0,3.5,16.0,15.5,0.0,0.1,0.1,0.043,-5.5,-2.0,-7.5,-0.2,,huntest01,2008
537,Eric Piatkowski,37,PHO,SF,16,0,113,8.3,0.561,0.788,0.121,1.1,10.2,6.0,11.8,0.0,0.6,14.7,16.1,0.1,0.0,0.1,0.045,-0.9,-1.6,-2.5,0.0,,piatker01,2008
538,Viktor Khryapa,25,CHI,PF,9,0,105,9.7,0.431,0.032,0.452,6.2,15.6,10.7,11.9,2.9,0.0,13.9,18.2,-0.1,0.1,0.0,0.02,-3.3,1.5,-1.8,0.0,,khryavi01,2008
539,Maceo Baston,32,TOR,PF,15,2,103,17.6,0.697,0.0,0.4,10.3,19.7,14.9,4.6,1.0,3.2,12.0,15.3,0.3,0.1,0.4,0.201,-1.4,0.5,-0.9,0.0,,bastoma01,2008
540,Patrick O'Bryant,21,GSW,C,24,0,99,14.0,0.561,0.0,0.172,10.4,21.4,15.7,5.8,2.0,6.6,18.3,16.3,0.1,0.2,0.2,0.105,-5.3,1.4,-3.9,0.0,,obryapa01,2008
541,Robert Swift,22,SEA,C,8,4,98,2.9,0.391,0.0,0.118,6.7,13.3,10.0,1.4,2.5,4.4,35.9,12.3,-0.3,0.1,-0.2,-0.074,-8.1,1.6,-6.5,-0.1,,swiftro01,2008
542,Tarence Kinsey,23,MEM,SG,11,0,96,10.3,0.492,0.184,0.158,3.5,10.6,7.0,3.4,1.6,0.0,6.9,20.2,0.0,0.0,0.0,0.02,-2.7,-0.5,-3.2,0.0,,kinseta01,2008
543,Gabe Pruitt,21,BOS,PG,15,0,95,8.3,0.401,0.308,0.051,1.3,8.3,5.0,22.5,2.8,0.0,11.1,22.0,-0.1,0.2,0.1,0.028,-5.7,0.8,-4.8,-0.1,,pruitga01,2008
544,Troy Hudson,31,GSW,PG,9,0,93,5.2,0.416,0.387,0.194,0.0,8.4,4.0,12.7,1.6,0.0,17.2,18.4,-0.2,0.0,-0.1,-0.062,-4.6,-1.7,-6.3,-0.1,,hudsotr01,2008
545,Cedric Simmons,22,2TM,PF,14,0,87,0.0,0.217,0.0,0.714,7.6,16.2,11.8,0.0,1.2,4.5,24.6,12.6,-0.4,0.1,-0.2,-0.134,-8.5,-0.9,-9.4,-0.2,,simmoce01,2008
546,Cedric Simmons,22,CLE,PF,7,0,68,2.4,0.21,0.0,1.333,8.1,17.3,12.6,0.0,1.6,5.8,29.6,9.0,-0.2,0.1,-0.1,-0.07,-7.5,0.8,-6.7,-0.1,,simmoce01,2008
547,Cedric Simmons,22,CHI,PF,7,0,19,-8.7,0.225,0.0,0.25,5.7,12.3,8.9,0.0,0.0,0.0,18.4,25.3,-0.2,0.0,-0.1,-0.362,-12.1,-6.9,-19.1,-0.1,,simmoce01,2008
548,Jorge Garbajosa,30,TOR,PF,7,0,74,10.4,0.44,0.64,0.0,3.2,20.9,12.0,5.9,2.2,0.0,3.8,16.6,0.0,0.1,0.1,0.047,-0.3,-0.2,-0.5,0.0,,garbajo01,2008
549,Taurean Green,21,2TM,SG,17,0,74,7.0,0.446,0.44,0.48,0.0,14.9,7.6,22.3,1.4,0.0,22.9,24.3,-0.2,0.1,-0.1,-0.066,-5.3,-2.2,-7.5,-0.1,,greenta01,2008
550,Taurean Green,21,POR,PG,8,0,44,5.8,0.435,0.5,0.5,0.0,10.7,5.4,28.1,1.2,0.0,26.4,28.5,-0.1,0.0,-0.1,-0.125,-5.0,-2.8,-7.8,-0.1,,greenta01,2008
551,Taurean Green,21,DEN,SG,9,0,30,8.8,0.465,0.333,0.444,0.0,21.2,10.8,13.6,1.6,0.0,15.7,18.1,0.0,0.0,0.0,0.02,-5.6,-1.4,-7.1,0.0,,greenta01,2008
552,Coby Karl,24,LAL,SG,17,0,71,15.8,0.493,0.5,0.385,4.9,16.5,10.9,18.3,2.8,2.0,14.1,22.0,0.0,0.1,0.2,0.106,-0.3,0.7,0.4,0.0,,karlco01,2008
553,Darryl Watkins,23,SAC,C,9,0,71,0.5,0.349,0.0,0.333,8.5,11.4,10.0,0.0,1.4,2.2,28.9,15.2,-0.2,0.0,-0.2,-0.136,-8.4,-3.4,-11.8,-0.2,,watkida01,2008
554,Kyrylo Fesenko,21,UTA,C,9,0,70,4.0,0.394,0.0,0.25,24.6,19.0,21.8,3.8,0.0,3.5,31.1,16.5,-0.1,0.1,0.0,-0.031,-8.9,-2.9,-11.9,-0.2,,fesenky01,2008
555,Marcus Vinicius,23,NOH,SF,13,0,69,11.6,0.564,0.6,0.55,1.7,12.1,6.8,4.3,0.8,1.1,10.8,18.8,0.0,0.1,0.1,0.073,-1.2,-1.2,-2.5,0.0,,vincima01,2008
556,Lou Amundson,25,PHI,PF,16,0,64,7.4,0.472,0.0,0.438,12.9,9.4,11.1,0.0,0.8,1.2,9.5,14.9,0.0,0.0,0.1,0.043,-6.3,-2.1,-8.5,-0.1,,amundlo01,2008
557,Linton Johnson,27,2TM,PF,8,0,63,8.2,0.528,0.158,0.105,9.8,15.2,12.6,9.2,0.0,1.0,20.1,18.0,0.0,0.0,0.0,0.024,-4.4,-2.0,-6.4,-0.1,,johnsli01,2008
558,Linton Johnson,27,PHO,PF,6,0,53,9.5,0.536,0.143,0.0,11.6,15.8,13.9,7.8,0.0,1.2,12.5,13.5,0.1,0.0,0.1,0.087,-2.7,-1.5,-4.2,0.0,,johnsli01,2008
559,Linton Johnson,27,TOR,PF,2,0,10,1.1,0.51,0.2,0.4,0.0,11.9,5.9,16.8,0.0,0.0,33.8,41.9,-0.1,0.0,-0.1,-0.308,-13.7,-4.7,-18.3,0.0,,johnsli01,2008
560,Mouhamed Sene,21,SEA,C,13,0,62,18.2,0.476,0.0,0.708,12.3,15.8,14.1,2.6,0.0,8.1,0.0,22.0,0.1,0.1,0.2,0.121,-1.6,-1.6,-3.2,0.0,,senesa01,2008
561,Orien Greene,25,SAC,SG,7,2,61,-3.3,0.273,0.091,0.0,0.0,11.4,5.8,6.8,2.5,1.3,38.9,13.2,-0.3,0.1,-0.2,-0.18,-10.9,-0.1,-10.9,-0.1,,greenor01,2008
562,Shareef Abdur-Rahim,31,SAC,PF,6,0,51,5.5,0.317,0.0,0.286,14.2,9.1,11.6,11.1,1.0,0.0,6.0,14.7,0.0,0.0,0.0,-0.005,-4.4,-2.5,-6.9,-0.1,,abdursh01,2008
563,Alando Tucker,23,PHO,SF,6,0,48,11.8,0.446,0.182,0.273,10.2,8.7,9.4,0.0,0.0,1.4,0.0,23.0,0.0,0.0,0.0,0.042,-2.8,-4.5,-7.2,-0.1,,tuckeal02,2008
564,Thomas Gardner,22,CHI,SG,4,0,45,4.4,0.44,0.522,0.087,7.3,2.6,5.0,4.0,0.0,0.0,14.3,27.4,-0.1,0.0,-0.1,-0.128,-3.5,-3.7,-7.2,-0.1,,gardnth01,2008
565,Demetris Nichols,23,2TM,SF,14,0,44,-1.9,0.326,0.565,0.0,0.0,13.3,6.4,3.9,0.0,5.3,14.8,27.4,-0.3,0.0,-0.2,-0.234,-8.6,-3.5,-12.1,-0.1,,nichode01,2008
566,Demetris Nichols,23,CLE,SF,3,0,14,-20.8,0.125,0.375,0.0,0.0,8.4,4.1,0.0,0.0,0.0,20.0,32.4,-0.2,0.0,-0.2,-0.615,-18.5,-9.8,-28.3,-0.1,,nichode01,2008
567,Demetris Nichols,23,CHI,SF,11,0,30,7.0,0.433,0.667,0.0,0.0,15.6,7.5,5.7,0.0,7.8,11.8,25.1,-0.1,0.0,0.0,-0.056,-4.0,-0.6,-4.6,0.0,,nichode01,2008
568,Billy Thomas,32,2TM,SF,11,0,42,-1.9,0.391,0.941,0.118,0.0,5.6,2.7,0.0,1.3,0.0,18.3,23.7,-0.2,0.0,-0.1,-0.165,-8.6,-3.7,-12.3,-0.1,,thomabi01,2008
569,Billy Thomas,32,NJN,SF,4,0,8,-10.3,0.258,1.0,0.667,0.0,0.0,0.0,0.0,0.0,0.0,20.5,27.9,-0.1,0.0,-0.1,-0.389,-12.4,-7.6,-20.0,0.0,,thomabi01,2008
570,Billy Thomas,32,CLE,SF,7,0,34,0.1,0.429,0.929,0.0,0.0,6.9,3.4,0.0,1.6,0.0,17.6,22.7,-0.1,0.0,-0.1,-0.112,-7.7,-2.7,-10.5,-0.1,,thomabi01,2008
571,Marcin Gortat,23,ORL,C,6,0,41,19.8,0.491,0.0,0.176,23.5,21.6,22.5,8.4,1.3,1.8,9.8,22.7,0.1,0.1,0.1,0.158,-1.3,-2.2,-3.4,0.0,,gortama01,2008
572,Morris Almond,22,UTA,SG,9,0,39,2.0,0.368,0.267,0.4,0.0,6.2,3.1,10.5,1.3,0.0,10.2,22.5,-0.1,0.0,-0.1,-0.081,-9.1,-2.9,-12.0,-0.1,,almonmo01,2008
573,Kosta Perović,22,GSW,C,7,0,38,10.3,0.396,0.0,0.6,16.2,20.5,18.3,3.4,0.0,3.8,7.3,15.1,0.0,0.0,0.0,0.06,-3.1,-2.8,-5.9,0.0,,perovko01,2008
574,Marcus Williams,21,2TM,PF,11,0,36,6.8,0.25,0.0,0.0,12.7,25.8,19.2,14.8,1.4,2.1,0.0,25.7,-0.1,0.0,-0.1,-0.134,-5.0,-2.7,-7.8,-0.1,,willima04,2008
575,Marcus Williams,21,SAS,SF,1,0,2,0.0,0.0,0.0,0.0,0.0,0.0,0.0,0.0,0.0,37.9,0.0,23.9,0.0,0.0,0.0,-0.364,-8.9,7.0,-1.8,0.0,,willima04,2008
576,Marcus Williams,21,LAC,PF,10,0,34,7.2,0.263,0.0,0.0,13.5,27.4,20.4,15.6,1.5,0.0,0.0,25.8,-0.1,0.0,-0.1,-0.121,-4.8,-3.3,-8.1,-0.1,,willima04,2008
577,Chris Andersen,29,NOH,C,5,0,34,6.1,0.342,0.0,0.571,6.7,24.6,15.5,0.0,0.0,9.2,10.2,13.3,-0.1,0.1,0.0,0.012,-6.7,0.2,-6.5,0.0,,anderch01,2008
578,Jelani McCoy,30,DEN,C,6,1,33,2.6,0.798,0.0,2.0,3.3,19.3,11.5,0.0,0.0,10.8,68.0,7.6,-0.1,0.1,0.0,-0.036,-9.6,3.5,-6.1,0.0,,mccoyje01,2008
579,Cheikh Samb,23,DET,C,4,0,31,12.0,0.717,0.0,0.5,11.5,15.5,13.5,0.0,1.8,5.1,17.0,8.9,0.1,0.1,0.1,0.178,-4.2,1.9,-2.3,0.0,,sambch01,2008
580,Josh McRoberts,20,POR,PF,8,0,28,20.3,0.6,0.1,0.0,8.4,33.5,21.0,13.7,2.0,0.0,16.7,20.3,0.0,0.0,0.1,0.131,2.0,1.8,3.7,0.0,,mcrobjo01,2008
581,DerMarr Johnson,27,SAS,SF,5,0,28,17.3,0.571,0.643,0.143,0.0,4.2,2.1,7.2,1.9,0.0,0.0,25.5,0.0,0.0,0.1,0.143,1.7,0.8,2.5,0.0,,johnsde03,2008
582,Shavlik Randolph,24,PHI,PF,9,0,27,15.6,0.286,0.0,0.0,39.2,8.9,24.2,17.8,2.0,8.9,12.5,26.7,-0.1,0.0,0.0,-0.012,-3.2,-2.0,-5.1,0.0,,randosh01,2008
583,Andre Barrett,25,LAC,PG,4,0,25,12.5,0.51,0.6,0.4,0.0,4.7,2.3,44.3,0.0,0.0,14.5,12.7,0.0,0.0,0.0,0.078,1.5,-1.7,-0.2,0.0,,barrean01,2008
584,Ian Mahinmi,21,SAS,C,6,0,23,35.3,0.658,0.0,0.75,0.0,25.3,12.8,9.0,0.0,13.2,11.1,37.4,0.1,0.1,0.2,0.372,0.8,5.8,6.6,0.0,,mahinia01,2008
585,Ronald Dupree,27,2TM,SF,5,0,21,15.0,0.515,0.0,0.667,5.2,36.2,20.8,6.5,2.4,0.0,0.0,8.0,0.0,0.0,0.1,0.159,0.9,3.4,4.3,0.0,,duprero01,2008
586,Ronald Dupree,27,DET,SF,1,0,3,0.0,,,,0.0,0.0,0.0,0.0,0.0,0.0,,0.0,0.0,0.0,0.0,0.019,-1.0,-1.5,-2.5,0.0,,duprero01,2008
587,Ronald Dupree,27,SEA,SF,4,0,18,17.5,0.515,0.0,0.667,6.1,42.3,24.2,7.6,2.8,0.0,0.0,9.3,0.0,0.0,0.1,0.183,1.2,4.2,5.4,0.0,,duprero01,2008
588,Guillermo Díaz,22,LAC,SG,6,0,18,9.9,0.403,0.25,1.25,12.7,0.0,6.4,8.5,0.0,0.0,0.0,15.9,0.0,0.0,0.0,0.033,-0.2,-2.7,-2.9,0.0,,diazgu01,2008
589,Loren Woods,29,HOU,C,7,0,17,13.4,0.6,0.0,0.0,0.0,6.5,3.3,20.1,0.0,0.0,0.0,13.4,0.0,0.0,0.1,0.179,-0.3,1.3,1.1,0.0,,woodslo01,2008
590,Kaniel Dickens,29,CLE,PF,5,0,12,6.6,0.333,0.0,0.0,0.0,9.8,4.7,12.7,0.0,6.6,0.0,11.3,0.0,0.0,0.0,0.023,-4.5,1.7,-2.8,0.0,,dickeka01,2008
591,Courtney Sims,24,IND,C,3,0,11,1.1,0.0,0.0,0.0,9.7,10.1,9.9,11.6,0.0,0.0,0.0,3.9,0.0,0.0,0.0,0.008,-6.0,-1.6,-7.5,0.0,,simsco01,2008
592,Lance Allred,26,CLE,C,3,0,10,-1.0,0.307,0.0,0.5,0.0,11.8,5.7,0.0,0.0,0.0,0.0,22.1,0.0,0.0,0.0,-0.125,-8.1,-3.0,-11.1,0.0,,allrela01,2008
593,Keith Langford,24,SAS,SG,2,0,10,-2.4,0.25,0.0,0.0,0.0,23.3,11.8,0.0,0.0,0.0,0.0,19.2,0.0,0.0,0.0,-0.142,-12.9,-2.2,-15.1,0.0,,langfke01,2008
594,Bo Outlaw,36,ORL,PF,2,0,7,8.6,0.667,0.0,0.0,0.0,0.0,0.0,0.0,0.0,0.0,25.0,26.2,0.0,0.0,0.0,-0.071,-5.5,0.8,-4.7,0.0,,outlabo01,2008
595,Jerome James,32,NYK,C,2,0,5,45.3,1.064,0.0,2.0,0.0,70.6,34.2,0.0,0.0,0.0,0.0,16.9,0.1,0.0,0.1,0.613,16.5,4.6,21.2,0.0,,jamesje01,2008
