Rk,Player,Age,Team,Pos,G,GS,MP,PER,TS%,3PAr,FTr,ORB%,DRB%,TRB%,AST%,STL%,BLK%,TOV%,USG%,OWS,DWS,WS,WS/48,OBPM,DBPM,BPM,VORP,Awards,Player-additional,Year
1,Gilbert Arenas,24,WAS,PG,80,80,3384,23.8,0.581,0.324,0.479,2.0,7.8,4.8,27.0,2.5,0.6,12.8,30.5,11.0,2.6,13.6,0.193,5.4,0.0,5.4,6.3,ASNBA3,arenagi01,2006
2,LeBron James,21,CLE,SF,79,79,3361,28.1,0.568,0.208,0.447,2.6,17.1,9.8,32.8,2.0,1.5,10.7,33.6,12.0,4.3,16.3,0.232,7.5,1.6,9.1,9.4,MVP-2ASNBA1,jamesle01,2006
3,Joe Johnson,24,ATL,SG,82,82,3340,17.9,0.537,0.258,0.237,3.4,8.8,6.0,29.1,1.6,0.7,14.8,24.6,5.5,0.4,6.0,0.086,3.1,-2.1,1.0,2.5,,johnsjo02,2006
4,Antawn Jamison,29,WAS,SF,82,80,3288,17.7,0.518,0.25,0.199,5.7,21.8,13.5,8.7,1.4,0.3,7.8,23.9,4.9,3.2,8.2,0.119,2.4,-1.2,1.2,2.7,,jamisan01,2006
5,Kobe Bryant,27,LAL,SG,80,80,3277,28.0,0.559,0.238,0.377,2.6,12.7,7.6,24.1,2.4,0.7,9.0,38.7,11.6,3.7,15.3,0.224,7.4,0.2,7.6,8.0,MVP-4ASNBA1,bryanko01,2006
6,Shawn Marion,27,PHO,PF,81,81,3263,23.6,0.591,0.212,0.218,8.7,23.6,16.3,6.8,2.5,2.9,7.7,22.3,8.6,5.9,14.6,0.214,3.5,1.3,4.8,5.6,MVP-10DPOY-7ASNBA3,mariosh01,2006
7,Lamar Odom,26,LAL,PF,80,80,3221,17.0,0.558,0.232,0.338,6.6,20.3,13.5,22.4,1.2,1.5,16.7,18.1,5.4,3.8,9.2,0.137,2.1,0.6,2.7,3.9,,odomla01,2006
8,Ricky Davis,26,2TM,SG,78,78,3207,15.6,0.521,0.186,0.265,2.5,10.5,6.6,22.2,1.5,0.4,12.8,24.3,2.5,2.5,5.0,0.075,0.6,-1.0,-0.4,1.3,,davisri01,2006
9,Ricky Davis,26,BOS,SG,42,42,1747,16.0,0.529,0.176,0.231,2.9,10.0,6.5,22.8,1.5,0.4,12.8,23.6,1.8,1.1,2.9,0.08,1.0,-1.2,-0.2,0.7,,davisri01,2006
10,Ricky Davis,26,MIN,SF,36,36,1460,15.2,0.511,0.197,0.304,2.1,11.1,6.7,21.4,1.6,0.4,12.7,25.1,0.7,1.4,2.1,0.069,0.2,-0.7,-0.5,0.6,,davisri01,2006
11,Mike Bibby,27,SAC,PG,82,82,3167,17.9,0.554,0.36,0.292,1.1,7.7,4.4,25.2,1.4,0.2,11.3,25.4,6.0,2.4,8.4,0.127,2.7,-1.2,1.5,2.8,,bibbymi01,2006
12,Morris Peterson,28,TOR,SG,82,77,3140,15.3,0.561,0.409,0.268,2.4,12.8,7.4,10.0,1.7,0.4,9.3,19.9,5.2,0.6,5.9,0.09,1.4,-1.0,0.4,1.9,,petermo01,2006
13,Pau Gasol,25,MEM,PF,80,80,3135,22.7,0.555,0.01,0.517,7.5,20.0,13.8,23.7,0.8,3.9,13.8,26.4,6.6,5.4,12.0,0.184,3.9,1.7,5.5,6.0,AS,gasolpa01,2006
14,Michael Redd,26,MIL,SG,80,80,3130,21.2,0.574,0.272,0.377,2.9,10.2,6.5,13.8,1.6,0.1,8.8,28.3,8.8,2.0,10.8,0.166,4.7,-0.9,3.8,4.6,,reddmi01,2006
15,Allen Iverson,30,PHI,PG,72,72,3103,25.9,0.543,0.122,0.455,1.7,7.1,4.4,34.9,2.3,0.2,10.2,35.8,8.8,1.8,10.6,0.165,5.8,-1.0,4.8,5.3,MVP-10ASNBA3,iversal01,2006
16,Elton Brand,26,LAC,PF,79,79,3099,26.5,0.58,0.002,0.396,9.3,19.9,14.8,13.1,1.4,4.9,9.3,27.7,9.3,5.5,14.8,0.229,5.1,1.6,6.7,6.8,MVP-7DPOY-10ASNBA2,brandel01,2006
17,Dirk Nowitzki,27,DAL,PF,81,81,3089,28.1,0.589,0.173,0.382,4.6,23.4,14.2,14.7,1.0,2.1,7.9,30.0,13.5,4.3,17.7,0.275,7.8,0.4,8.1,7.9,MVP-3ASNBA1,nowitdi01,2006
18,Andre Iguodala,22,PHI,SF,82,82,3086,14.8,0.598,0.23,0.507,4.4,13.8,9.1,12.9,2.3,0.5,15.4,14.7,4.9,2.6,7.5,0.116,0.2,0.4,0.6,2.0,DPOY-12,iguodan01,2006
19,Paul Pierce,28,BOS,SF,79,79,3084,23.6,0.582,0.215,0.555,3.1,17.5,10.5,23.4,1.8,0.8,13.0,31.2,8.3,3.2,11.5,0.178,5.0,-0.2,4.8,5.3,AS,piercpa01,2006
20,Richard Jefferson,25,NJN,SF,78,78,3059,18.9,0.603,0.187,0.577,3.6,17.1,10.2,18.0,1.0,0.4,12.1,22.1,7.6,4.1,11.7,0.184,2.6,0.5,3.1,3.9,,jefferi01,2006
21,Ray Allen,30,SEA,SG,78,78,3022,22.2,0.59,0.435,0.239,2.8,10.6,6.6,17.2,1.8,0.4,10.2,27.4,9.8,-0.3,9.5,0.15,6.4,-2.0,4.4,4.9,AS,allenra02,2006
22,Dwight Howard,20,ORL,PF,82,81,3021,19.3,0.565,0.002,0.679,12.1,29.2,20.9,7.2,1.2,3.0,15.9,21.3,4.2,4.4,8.6,0.137,1.1,-0.1,1.0,2.3,,howardw01,2006
23,Cuttino Mobley,30,LAC,SG,79,74,2979,13.1,0.519,0.243,0.271,2.0,10.9,6.6,13.1,1.6,0.9,11.4,19.8,1.9,3.4,5.3,0.086,-0.7,0.5,-0.2,1.3,,moblecu01,2006
24,Jason Kidd,32,NJN,PG,80,80,2975,19.2,0.526,0.436,0.27,3.3,19.8,11.4,39.0,2.7,0.8,15.9,19.1,4.5,5.6,10.1,0.163,2.8,2.6,5.4,5.5,,kiddja01,2006
25,Raja Bell,29,PHO,SG,79,79,2959,12.9,0.584,0.48,0.157,1.7,7.7,4.7,9.8,1.3,0.5,8.2,16.4,4.7,2.1,6.8,0.11,0.2,0.1,0.2,1.6,DPOY-13,bellra01,2006
26,Kevin Garnett,29,MIN,PF,76,76,2957,26.8,0.589,0.025,0.411,8.9,29.7,19.6,20.2,1.9,2.7,11.3,25.5,9.0,5.9,14.9,0.242,5.6,2.2,7.8,7.4,DPOY-13AS,garneke01,2006
27,Kirk Hinrich,25,CHI,PG,81,81,2955,15.5,0.528,0.316,0.291,1.1,10.0,5.6,28.9,1.6,0.6,13.4,21.4,4.1,3.5,7.6,0.124,1.1,0.6,1.8,2.8,,hinriki01,2006
28,Mehmet Okur,26,UTA,PF,82,82,2945,19.0,0.554,0.207,0.402,8.6,22.2,15.4,12.8,0.7,2.1,10.9,23.5,6.3,3.0,9.3,0.152,2.4,-0.8,1.6,2.7,,okurme01,2006
29,Carmelo Anthony,21,DEN,SF,80,80,2941,22.0,0.563,0.097,0.451,4.9,10.7,7.8,14.3,1.5,1.1,10.4,32.0,6.8,2.6,9.4,0.153,3.5,-0.9,2.7,3.5,NBA3,anthoca01,2006
30,Andre Miller,29,DEN,PG,82,82,2937,16.4,0.532,0.031,0.486,3.7,10.2,7.0,36.2,1.8,0.5,19.5,20.0,3.6,2.6,6.2,0.101,0.6,-0.4,0.2,1.7,,millean02,2006
31,Chauncey Billups,29,DET,PG,81,81,2925,23.4,0.602,0.42,0.514,1.6,8.7,5.1,39.3,1.3,0.2,12.0,22.9,12.7,2.8,15.5,0.254,6.2,0.1,6.2,6.1,MVP-5ASNBA2,billuch01,2006
32,Mike James,30,TOR,PG,79,79,2925,19.8,0.583,0.311,0.275,1.8,9.5,5.5,28.2,1.3,0.1,13.0,25.0,7.7,-0.1,7.6,0.125,4.0,-2.2,1.8,2.9,,jamesmi01,2006
33,Brad Miller,29,SAC,C,79,79,2923,17.5,0.576,0.1,0.385,4.9,19.5,12.3,21.5,1.1,1.6,14.9,18.9,5.5,3.6,9.1,0.15,1.5,1.0,2.5,3.3,,millebr01,2006
34,Stephen Jackson,27,IND,SG,81,81,2910,13.6,0.512,0.295,0.297,2.0,10.1,6.2,14.2,1.9,1.1,13.5,24.0,0.5,3.9,4.4,0.073,-0.6,0.5,-0.1,1.4,,jacksst02,2006
35,Vince Carter,29,NJN,SG,79,79,2906,21.6,0.536,0.242,0.396,5.4,13.4,9.3,24.4,1.7,1.5,10.7,32.3,4.9,4.4,9.3,0.153,4.5,0.5,5.1,5.2,AS,cartevi01,2006
36,Tayshaun Prince,25,DET,SF,82,82,2898,14.8,0.524,0.183,0.238,4.2,10.0,7.1,10.8,1.2,1.0,7.6,19.6,4.0,3.0,7.0,0.115,0.5,-0.2,0.3,1.7,DPOY-13,princta01,2006
37,Chris Webber,32,PHI,PF,75,75,2893,18.4,0.482,0.054,0.245,7.4,22.6,15.0,16.4,1.8,1.6,10.4,27.7,1.1,3.3,4.4,0.074,0.6,-0.7,-0.1,1.3,,webbech01,2006
38,Dwyane Wade,24,MIA,SG,75,75,2892,27.6,0.577,0.054,0.568,4.5,12.6,8.7,33.0,2.6,1.5,13.2,32.5,10.2,4.2,14.4,0.239,5.9,1.8,7.7,7.1,MVP-6ASNBA2,wadedw01,2006
39,Ben Wallace,31,DET,C,82,82,2890,17.5,0.501,0.009,0.637,12.2,25.9,19.0,8.2,2.8,4.6,12.9,11.2,3.3,6.9,10.1,0.168,0.4,3.1,3.5,4.0,DPOY-1ASNBA2,wallabe01,2006
40,Jason Richardson,25,GSW,SG,75,75,2877,19.2,0.538,0.332,0.285,4.0,13.2,8.5,15.6,1.7,1.0,9.4,27.6,4.5,2.8,7.3,0.122,3.4,-0.3,3.1,3.7,,richaja01,2006
41,Rashard Lewis,26,SEA,SF,78,77,2876,20.0,0.585,0.321,0.372,4.6,11.9,8.2,10.7,1.9,1.3,9.5,23.1,8.2,0.1,8.3,0.138,4.2,-1.6,2.7,3.4,,lewisra02,2006
42,Boris Diaw,23,PHO,PF,81,70,2874,17.3,0.564,0.035,0.279,6.3,15.1,10.8,24.9,1.0,2.1,16.5,17.9,5.9,3.0,8.9,0.149,1.4,1.4,2.8,3.5,MIP-1,diawbo01,2006
43,Shane Battier,27,MEM,SF,81,81,2839,14.7,0.574,0.266,0.335,7.1,11.2,9.2,8.2,1.8,3.2,11.2,13.7,4.6,4.5,9.1,0.153,0.8,1.8,2.6,3.3,DPOY-10,battish01,2006
44,Richard Hamilton,27,DET,SG,80,80,2825,18.2,0.553,0.091,0.229,3.5,7.3,5.4,18.6,1.0,0.4,10.6,27.4,5.3,2.4,7.6,0.13,1.7,-0.9,0.8,2.0,AS,hamilri01,2006
45,Chris Paul,20,NOK,PG,78,78,2808,22.1,0.546,0.187,0.491,2.5,14.8,8.5,38.2,3.4,0.2,13.7,22.2,6.8,3.6,10.4,0.178,3.0,2.2,5.2,5.1,ROY-1,paulch01,2006
46,Jason Terry,28,DAL,PG,80,80,2798,18.4,0.575,0.379,0.191,1.4,5.4,3.4,19.6,2.0,0.7,10.2,22.2,7.4,2.3,9.6,0.165,3.6,-0.2,3.3,3.7,,terryja01,2006
47,Steve Nash,31,PHO,PG,79,79,2796,23.3,0.632,0.324,0.264,1.9,11.1,6.6,44.4,1.1,0.3,19.0,23.3,10.3,2.1,12.4,0.212,5.7,-0.7,5.0,4.9,MVP-1ASNBA1,nashst01,2006
48,Tim Duncan,29,SAS,PF,80,80,2784,23.1,0.523,0.004,0.45,10.1,26.9,18.7,16.5,1.4,4.2,12.2,27.7,3.9,6.9,10.8,0.187,2.3,2.6,5.0,4.9,MVP-8DPOY-6ASNBA2,duncati01,2006
49,Al Harrington,25,ATL,PF,76,76,2782,16.0,0.513,0.157,0.287,5.5,17.4,11.3,15.8,1.6,0.4,12.4,25.6,2.6,1.2,3.8,0.065,0.4,-1.7,-1.3,0.5,,harrial01,2006
50,Rasheed Wallace,31,DET,PF,80,80,2780,17.6,0.527,0.407,0.172,3.8,19.8,11.7,11.2,1.6,3.4,6.9,21.1,4.0,4.9,8.9,0.154,1.8,1.9,3.7,4.0,DPOY-13AS,wallara01,2006
51,Smush Parker,24,LAL,PG,82,82,2773,13.4,0.548,0.421,0.231,1.6,9.9,5.7,17.3,2.7,0.4,14.6,16.5,2.8,3.0,5.8,0.1,-0.8,0.8,0.1,1.5,,parkesm01,2006
52,Bruce Bowen,34,SAS,SF,82,82,2755,9.1,0.54,0.457,0.157,1.5,11.9,6.9,6.8,1.6,0.8,10.5,11.1,1.7,4.5,6.2,0.108,-1.8,2.0,0.3,1.6,DPOY-2,bowenbr01,2006
53,Chris Bosh,21,TOR,C,70,70,2751,23.2,0.585,0.012,0.534,8.7,20.6,14.4,11.8,1.0,2.3,10.5,25.2,8.7,1.1,9.8,0.17,3.9,-1.0,2.9,3.4,AS,boshch01,2006
54,Wally Szczerbiak,28,2TM,SF,72,71,2729,17.7,0.595,0.252,0.306,3.5,10.2,6.9,14.1,0.8,0.5,10.6,22.1,6.3,1.7,8.0,0.141,2.8,-1.2,1.6,2.5,,szczewa02,2006
55,Wally Szczerbiak,28,MIN,SF,40,40,1555,18.1,0.601,0.242,0.308,2.9,11.6,7.3,13.4,0.7,0.7,11.4,23.1,3.3,1.2,4.6,0.141,2.8,-0.9,1.9,1.5,,szczewa02,2006
56,Wally Szczerbiak,28,BOS,SF,32,31,1174,17.2,0.586,0.265,0.303,4.4,8.3,6.4,15.1,0.8,0.3,9.5,20.7,2.9,0.5,3.4,0.14,2.9,-1.7,1.2,0.9,,szczewa02,2006
57,Tony Parker,23,SAS,PG,80,80,2715,20.8,0.584,0.032,0.315,1.7,9.5,5.7,32.2,1.7,0.1,16.1,27.1,5.5,4.1,9.6,0.169,2.4,0.4,2.8,3.3,MVP-9AS,parketo01,2006
58,Caron Butler,25,WAS,SF,75,54,2708,17.0,0.535,0.11,0.306,4.8,15.6,10.0,12.1,2.4,0.5,12.4,23.2,3.5,2.8,6.3,0.112,0.4,0.1,0.6,1.7,,butleca01,2006
59,Sam Cassell,36,LAC,PG,78,75,2653,18.5,0.534,0.171,0.301,1.8,10.4,6.3,32.5,1.5,0.3,12.2,25.0,4.8,2.8,7.6,0.137,2.1,-0.5,1.6,2.4,,cassesa01,2006
60,DeShawn Stevenson,24,ORL,SG,82,82,2648,10.9,0.507,0.019,0.31,2.8,8.3,5.6,10.1,1.2,0.5,12.2,18.1,1.2,1.3,2.4,0.044,-1.8,-0.8,-2.5,-0.3,,stevede01,2006
61,Luke Ridnour,24,SEA,PG,79,77,2625,16.0,0.506,0.186,0.284,2.1,8.8,5.4,32.3,2.5,0.6,15.3,18.1,4.4,0.0,4.4,0.081,1.1,-1.3,-0.2,1.2,,ridnolu01,2006
62,Hedo Türkoğlu,26,ORL,SF,78,59,2615,16.7,0.578,0.323,0.338,3.4,12.1,7.9,14.3,1.5,0.6,11.4,20.6,5.8,1.9,7.6,0.14,2.1,-0.2,2.0,2.5,,turkohe01,2006
63,Luol Deng,20,CHI,SF,78,56,2604,15.8,0.517,0.082,0.289,5.6,17.1,11.4,9.7,1.4,1.5,8.9,20.4,2.7,3.8,6.5,0.12,0.8,0.9,1.6,2.4,,denglu01,2006
64,Andrei Kirilenko,24,UTA,SF,69,63,2604,20.7,0.556,0.16,0.678,7.4,18.4,12.9,20.5,2.1,7.0,17.6,20.5,3.6,4.3,7.9,0.145,3.4,3.1,6.6,5.6,DPOY-3,kirilan01,2006
65,Peja Stojaković,28,2TM,SF,71,71,2601,16.7,0.57,0.397,0.255,3.6,14.6,9.3,9.4,0.9,0.3,8.3,22.0,5.2,2.8,8.0,0.147,2.4,-0.8,1.6,2.3,,stojape01,2006
66,Peja Stojaković,28,SAC,SF,31,31,1147,13.6,0.543,0.422,0.248,3.5,13.2,8.4,10.0,0.9,0.1,9.8,20.8,1.4,0.9,2.4,0.099,0.9,-1.5,-0.6,0.4,,stojape01,2006
67,Peja Stojaković,28,IND,SF,40,40,1454,19.1,0.588,0.379,0.261,3.7,15.8,9.9,9.0,1.0,0.4,7.3,22.9,3.8,1.8,5.6,0.184,3.5,-0.2,3.3,1.9,,stojape01,2006
68,Derek Fisher,31,GSW,PG,82,36,2589,14.8,0.536,0.333,0.33,1.5,7.7,4.5,22.6,2.5,0.2,13.3,20.2,3.4,2.4,5.8,0.107,-0.2,0.6,0.4,1.6,6MOY-16,fishede01,2006
69,Mike Dunleavy,25,GSW,SF,81,68,2578,12.5,0.503,0.319,0.309,3.3,14.2,8.6,15.0,1.2,0.9,11.5,18.1,1.9,2.3,4.2,0.077,-0.7,0.0,-0.7,0.9,,dunlemi02,2006
70,Kyle Korver,24,PHI,SF,82,43,2563,12.3,0.577,0.576,0.156,1.2,11.1,6.2,10.2,1.3,0.8,10.8,16.2,3.2,1.3,4.6,0.086,0.3,-0.9,-0.6,0.9,,korveky01,2006
71,Chris Kaman,23,LAC,C,78,78,2560,15.0,0.57,0.003,0.357,8.9,24.5,17.0,5.0,0.9,3.2,17.7,17.9,1.8,4.3,6.1,0.114,-1.3,0.6,-0.7,0.8,,kamanch01,2006
72,Josh Smith,20,ATL,SF,80,73,2559,15.5,0.5,0.142,0.377,8.0,17.2,12.5,12.2,1.3,6.2,15.2,18.9,1.5,2.1,3.6,0.067,-0.5,0.8,0.3,1.4,,smithjo03,2006
73,T.J. Ford,22,MIL,PG,72,70,2557,13.1,0.489,0.132,0.314,2.9,11.7,7.2,29.8,2.1,0.2,19.6,20.0,0.4,2.1,2.5,0.047,-1.1,-0.1,-1.2,0.5,,fordtj01,2006
74,Jamal Crawford,25,NYK,SG,79,27,2555,15.5,0.544,0.333,0.406,1.7,10.2,5.9,20.9,1.8,0.5,14.4,21.5,3.7,0.8,4.5,0.084,1.6,-1.1,0.5,1.6,6MOY-14,crawfja01,2006
75,Zach Randolph,24,POR,PF,74,71,2545,16.9,0.483,0.045,0.279,9.0,19.1,14.0,11.4,1.2,0.4,10.7,28.8,0.4,0.9,1.3,0.024,0.5,-2.6,-2.0,0.0,,randoza01,2006
76,Bobby Simmons,25,MIL,SF,75,74,2538,13.8,0.559,0.309,0.248,4.2,11.5,7.8,11.2,1.8,0.7,12.1,18.3,3.3,2.0,5.3,0.101,0.2,0.1,0.3,1.5,,simmobo01,2006
77,Juwan Howard,32,HOU,PF,80,80,2537,12.5,0.499,0.005,0.222,7.9,16.7,12.4,8.4,1.1,0.3,12.4,20.2,0.6,3.0,3.7,0.069,-2.0,-0.6,-2.6,-0.4,,howarju01,2006
78,David West,25,NOK,PF,74,74,2526,19.7,0.554,0.011,0.228,7.7,18.4,12.9,7.2,1.3,2.1,8.4,23.0,4.8,2.6,7.4,0.141,1.8,-0.3,1.4,2.2,,westda01,2006
79,Troy Murphy,25,GSW,PF,74,74,2516,15.9,0.529,0.216,0.381,8.4,24.9,16.5,6.7,1.0,0.8,9.9,19.2,3.5,3.0,6.5,0.125,0.5,-0.9,-0.3,1.1,,murphtr01,2006
80,Trenton Hassell,26,MIN,SG,77,67,2514,9.5,0.512,0.037,0.286,4.0,6.2,5.2,13.2,0.9,0.9,15.2,15.4,0.7,1.6,2.3,0.044,-2.4,-0.6,-3.1,-0.7,,hassetr01,2006
81,Udonis Haslem,25,MIA,PF,81,80,2491,13.7,0.558,0.003,0.337,8.2,21.2,15.0,5.9,1.1,0.5,10.5,14.1,3.9,3.1,7.0,0.134,-0.4,-0.1,-0.5,0.9,,hasleud01,2006
82,Ben Gordon,22,CHI,SG,80,47,2482,14.5,0.531,0.332,0.233,2.0,8.1,5.1,17.3,1.6,0.2,12.4,26.3,1.8,2.6,4.4,0.086,0.7,-0.3,0.5,1.6,,gordobe01,2006
83,Nenad Krstić,22,NJN,PF,80,80,2469,14.4,0.541,0.005,0.301,8.5,15.9,12.2,6.8,0.7,2.1,11.8,21.6,2.0,3.4,5.4,0.105,-1.9,-0.4,-2.2,-0.1,,krstine01,2006
84,Jamaal Magloire,27,MIL,C,82,82,2465,11.1,0.494,0.0,0.541,10.4,27.4,18.8,3.6,0.6,2.6,17.9,17.2,-0.8,2.9,2.0,0.039,-3.3,-0.8,-4.1,-1.3,,magloja01,2006
85,Zaza Pachulia,21,ATL,C,78,78,2452,15.0,0.53,0.003,0.593,12.6,17.6,15.0,8.5,1.9,1.2,17.3,19.2,2.5,1.4,3.9,0.077,-0.8,-1.3,-2.1,-0.1,,pachuza01,2006
86,Eddie Jones,34,MEM,SG,75,75,2437,14.7,0.542,0.518,0.298,1.8,12.0,6.9,12.7,3.0,0.9,10.2,18.1,3.0,4.2,7.2,0.141,-0.1,2.3,2.2,2.6,DPOY-13,jonesed02,2006
87,Rafer Alston,29,HOU,PG,63,63,2431,12.6,0.475,0.423,0.194,1.8,10.4,6.1,30.8,2.3,0.5,16.4,18.8,0.2,3.1,3.4,0.067,-1.0,0.6,-0.4,1.0,,alstora01,2006
88,Delonte West,22,BOS,PG,71,71,2418,15.1,0.574,0.319,0.148,2.9,11.4,7.3,22.5,1.8,1.5,15.4,16.4,3.6,2.1,5.7,0.114,1.2,0.7,1.9,2.4,,westde01,2006
89,Raymond Felton,21,CHA,PG,80,54,2406,14.2,0.483,0.307,0.251,3.5,9.7,6.4,30.9,2.2,0.3,15.7,21.4,0.8,1.8,2.6,0.051,0.2,-0.8,-0.6,0.8,ROY-4,feltora01,2006
90,Steve Francis,28,2TM,SG,70,60,2393,15.2,0.534,0.108,0.522,3.9,10.9,7.5,24.6,1.7,0.6,18.5,22.6,2.2,1.4,3.6,0.073,0.7,-0.7,0.0,1.2,,francst01,2006
91,Steve Francis,28,ORL,PG,46,45,1734,15.9,0.532,0.122,0.504,4.4,11.0,7.8,25.7,1.6,0.5,18.2,23.4,1.7,1.2,2.9,0.081,1.1,-0.5,0.6,1.1,,francst01,2006
92,Steve Francis,28,NYK,SG,24,15,659,13.4,0.542,0.068,0.574,2.6,10.6,6.5,21.7,1.8,0.7,19.6,20.4,0.4,0.2,0.7,0.05,-0.5,-1.1,-1.6,0.1,,francst01,2006
93,P.J. Brown,36,NOK,C,75,73,2380,12.7,0.515,0.0,0.288,8.9,18.8,13.7,6.3,1.0,1.7,12.0,14.7,2.1,2.3,4.4,0.088,-1.3,-0.2,-1.5,0.3,DPOY-13,brownpj01,2006
94,David Wesley,35,HOU,SG,71,59,2372,9.6,0.546,0.483,0.333,1.2,7.5,4.4,14.6,1.4,0.2,15.7,15.3,1.4,2.2,3.6,0.072,-2.2,0.2,-2.0,0.0,,wesleda01,2006
95,Charlie Villanueva,21,TOR,PF,81,36,2361,16.4,0.521,0.228,0.17,9.0,18.4,13.5,6.5,1.3,2.1,8.9,21.7,2.9,1.0,3.9,0.079,0.7,-1.6,-0.9,0.6,ROY-26MOY-20,villach01,2006
96,Eric Snow,32,CLE,PG,82,82,2351,8.1,0.444,0.025,0.233,1.9,8.1,5.0,22.2,1.7,0.6,20.9,10.9,0.0,2.0,2.1,0.042,-3.6,0.6,-3.0,-0.6,,snower01,2006
97,Brevin Knight,30,CHA,PG,69,67,2351,17.3,0.478,0.017,0.407,1.6,9.9,5.5,42.3,3.4,0.1,15.3,20.3,2.5,2.5,4.9,0.101,0.4,1.0,1.4,2.0,,knighbr01,2006
98,Andrew Bogut,21,MIL,PF,82,77,2348,15.2,0.555,0.005,0.32,9.4,19.8,14.5,13.4,1.1,2.3,15.3,15.9,3.1,2.4,5.5,0.113,-0.3,0.7,0.4,1.4,ROY-3,bogutan01,2006
99,Luther Head,23,HOU,SG,80,27,2310,11.2,0.517,0.497,0.195,1.7,11.6,6.8,16.2,2.1,0.3,14.8,16.6,0.5,2.9,3.5,0.072,-1.3,1.1,-0.2,1.1,ROY-7,headlu01,2006
100,Deron Williams,21,UTA,PG,80,47,2307,12.4,0.5,0.272,0.168,1.8,8.4,5.1,28.6,1.4,0.6,14.4,20.3,1.5,1.3,2.8,0.059,-0.5,-1.2,-1.7,0.2,ROY-6,willide01,2006
101,Gary Payton,37,MIA,PG,81,25,2305,10.7,0.52,0.42,0.23,1.8,9.7,5.9,16.7,1.6,0.3,14.5,14.1,1.8,2.3,4.1,0.085,-1.4,0.5,-0.9,0.6,,paytoga01,2006
102,Kenny Thomas,28,SAC,PF,82,55,2293,15.0,0.539,0.002,0.338,10.3,21.2,15.8,12.0,1.6,1.2,16.3,16.6,2.2,3.3,5.5,0.115,-0.7,0.6,0.0,1.1,,thomake01,2006
103,Antonio Daniels,30,WAS,SG,80,17,2283,13.7,0.55,0.184,0.611,0.9,8.0,4.4,19.2,1.2,0.3,11.3,15.4,4.3,0.9,5.3,0.111,0.1,-0.8,-0.7,0.8,,daniean01,2006
104,Zydrunas Ilgauskas,30,CLE,C,78,78,2283,21.9,0.576,0.006,0.427,12.6,18.1,15.3,7.4,0.9,4.6,12.8,24.6,5.6,3.1,8.7,0.184,1.4,0.2,1.6,2.1,,ilgauzy01,2006
105,Mike Miller,25,MEM,SG,74,9,2268,17.2,0.595,0.446,0.276,2.3,18.8,10.6,16.5,1.3,1.0,14.1,21.3,3.9,3.5,7.4,0.157,2.4,0.6,3.0,2.9,6MOY-1,millemi01,2006
106,Josh Childress,22,ATL,SF,74,10,2249,15.8,0.626,0.129,0.399,7.0,13.9,10.3,9.4,2.0,1.3,14.6,14.0,4.6,1.1,5.7,0.121,1.3,-0.1,1.2,1.8,,childjo01,2006
107,Mark Blount,30,2TM,C,81,55,2240,12.1,0.549,0.0,0.302,5.3,14.2,9.8,7.8,1.0,2.6,18.9,21.4,-0.5,2.3,1.7,0.037,-2.9,-0.6,-3.4,-0.8,,blounma01,2006
108,Mark Blount,30,BOS,C,39,25,1083,12.0,0.556,0.0,0.334,4.2,13.8,9.1,10.8,0.7,2.5,21.6,23.6,-0.6,0.9,0.2,0.01,-2.7,-1.1,-3.7,-0.5,,blounma01,2006
109,Mark Blount,30,MIN,C,42,30,1157,12.1,0.542,0.0,0.268,6.4,14.5,10.5,5.0,1.2,2.6,15.8,19.3,0.1,1.4,1.5,0.063,-3.0,-0.1,-3.1,-0.3,,blounma01,2006
110,Andrés Nocioni,26,CHI,PF,82,43,2239,16.1,0.567,0.286,0.291,4.6,21.0,12.8,9.0,0.9,1.8,11.3,21.3,3.3,3.4,6.7,0.144,0.8,0.9,1.7,2.1,DPOY-13,nocioan01,2006
111,Tony Battie,29,ORL,C,82,82,2215,12.2,0.531,0.011,0.243,8.3,16.9,12.7,3.7,1.1,2.5,12.6,14.9,1.7,2.2,3.8,0.083,-1.7,0.0,-1.8,0.1,,battito01,2006
112,Metta World Peace,26,2TM,SF,56,56,2207,15.2,0.491,0.292,0.352,4.0,11.0,7.6,15.8,2.9,1.4,11.6,23.6,0.5,3.2,3.7,0.081,-0.2,1.3,1.1,1.7,DPOY-4,artesro01,2006
113,Metta World Peace,26,IND,SF,16,16,603,18.1,0.534,0.228,0.511,5.1,9.6,7.5,11.1,3.7,1.3,12.9,25.7,0.4,1.1,1.5,0.117,0.8,2.2,3.0,0.8,,artesro01,2006
114,Metta World Peace,26,SAC,SF,40,40,1604,14.1,0.474,0.316,0.292,3.6,11.5,7.6,17.6,2.6,1.4,11.0,22.8,0.1,2.1,2.2,0.067,-0.6,1.0,0.4,1.0,,artesro01,2006
115,Antoine Walker,29,MIA,PF,82,19,2199,14.4,0.524,0.427,0.144,5.8,16.3,11.3,12.8,1.1,1.0,13.6,23.2,1.1,2.5,3.6,0.08,1.1,-0.7,0.4,1.3,6MOY-11,walkean02,2006
116,Stephon Marbury,28,NYK,PG,60,60,2193,16.4,0.532,0.134,0.421,1.4,8.4,4.9,31.7,1.5,0.1,14.6,22.2,3.5,0.3,3.9,0.084,1.8,-1.7,0.1,1.1,,marbust01,2006
117,Drew Gooden,24,CLE,PF,79,79,2174,17.6,0.552,0.005,0.396,12.8,23.5,18.1,4.4,1.3,1.7,12.2,18.6,3.6,2.9,6.6,0.145,0.5,-0.8,-0.2,1.0,,goodedr01,2006
118,Primož Brezec,26,CHA,C,79,79,2165,15.3,0.552,0.003,0.283,9.1,14.8,11.8,3.7,0.5,1.1,8.7,20.0,3.4,1.2,4.6,0.102,-0.4,-2.0,-2.4,-0.2,,brezepr01,2006
119,Chris Duhon,23,CHI,PG,74,38,2155,12.9,0.538,0.517,0.266,1.5,10.2,5.9,26.4,1.7,0.1,16.3,15.0,2.7,2.5,5.2,0.116,0.0,0.8,0.8,1.5,,duhonch01,2006
120,Tyson Chandler,23,CHI,C,79,50,2121,12.2,0.567,0.004,0.682,14.4,24.2,19.3,5.6,1.0,3.8,25.1,10.4,1.5,3.9,5.4,0.123,-2.2,1.8,-0.4,0.9,,chandty01,2006
121,Ronald Murray,26,2TM,SG,76,27,2112,11.5,0.487,0.184,0.315,1.8,6.9,4.3,15.4,1.7,0.4,13.4,21.7,0.2,0.5,0.7,0.015,-1.6,-1.6,-3.2,-0.6,,murraro01,2006
122,Ronald Murray,26,SEA,SG,48,2,1085,11.2,0.463,0.169,0.306,2.0,7.7,4.8,18.1,1.4,0.3,13.4,24.4,-0.3,-0.3,-0.7,-0.029,-1.6,-3.3,-4.9,-0.8,,murraro01,2006
123,Ronald Murray,26,CLE,SG,28,25,1027,11.9,0.52,0.205,0.328,1.7,6.1,3.9,12.6,2.0,0.5,13.4,18.9,0.5,0.9,1.3,0.062,-1.5,0.1,-1.4,0.2,,murraro01,2006
124,Marko Jarić,27,MIN,PG,75,49,2102,11.7,0.468,0.235,0.244,3.5,9.6,6.7,22.5,2.8,0.8,16.8,17.0,-0.3,2.6,2.3,0.053,-2.1,1.4,-0.7,0.7,,jaricma01,2006
125,Desmond Mason,28,NOK,SF,70,55,2102,9.2,0.46,0.009,0.438,3.5,13.6,8.4,5.4,1.1,0.7,12.1,20.8,-1.7,1.4,-0.2,-0.005,-3.5,-1.4,-4.9,-1.5,,masonde01,2006
126,Damon Jones,29,CLE,PG,82,7,2089,9.3,0.538,0.756,0.102,0.8,6.8,3.8,12.6,0.9,0.0,9.7,12.6,2.2,1.1,3.4,0.077,-0.6,-0.5,-1.1,0.5,,jonesda01,2006
127,Jumaine Jones,26,CHA,PF,76,42,2089,12.1,0.506,0.455,0.164,5.5,16.1,10.4,5.0,1.7,0.8,8.6,18.3,1.2,1.8,3.0,0.068,-0.9,-0.9,-1.7,0.2,,jonesju01,2006
128,Donyell Marshall,32,CLE,PF,81,0,2077,13.4,0.517,0.589,0.183,5.9,22.3,14.0,4.8,1.5,1.5,11.0,18.2,1.4,2.8,4.2,0.097,0.2,-0.1,0.1,1.1,,marshdo01,2006
129,John Salmons,26,PHI,SG,82,24,2059,10.7,0.508,0.167,0.384,2.7,9.8,6.3,16.7,1.8,0.5,17.0,16.3,0.5,1.2,1.7,0.04,-2.3,-0.3,-2.7,-0.3,,salmojo01,2006
130,Michael Finley,32,SAS,SG,77,18,2038,12.7,0.523,0.401,0.165,1.8,12.2,7.2,9.3,1.0,0.2,7.7,18.9,2.0,2.9,5.0,0.117,0.1,0.2,0.2,1.1,6MOY-9,finlemi01,2006
131,Raef LaFrentz,29,BOS,PF,82,63,2033,12.0,0.546,0.518,0.136,4.9,19.1,12.2,9.0,0.7,2.7,10.0,14.7,2.2,2.0,4.3,0.101,-0.4,0.2,-0.1,1.0,,lafrera01,2006
132,Speedy Claxton,27,NOK,PG,71,3,2019,16.1,0.497,0.086,0.435,2.2,9.3,5.7,29.8,2.9,0.2,14.9,23.8,1.1,2.0,3.0,0.072,-0.1,0.3,0.1,1.1,6MOY-2,claxtsp01,2006
133,Jalen Rose,33,2TM,SG,72,45,1983,13.9,0.538,0.251,0.464,1.7,11.6,6.5,15.5,0.8,0.5,12.2,21.8,2.5,0.0,2.5,0.06,0.5,-2.0,-1.5,0.2,,roseja01,2006
134,Jalen Rose,33,TOR,SF,46,22,1236,13.5,0.514,0.258,0.487,1.4,11.8,6.4,15.0,0.9,0.6,10.7,22.7,1.2,0.0,1.2,0.045,-0.3,-2.1,-2.5,-0.1,,roseja01,2006
135,Jalen Rose,33,NYK,SG,26,23,747,14.5,0.582,0.238,0.423,2.1,11.4,6.7,16.2,0.7,0.3,15.0,20.2,1.3,0.0,1.3,0.085,1.8,-1.8,0.0,0.4,,roseja01,2006
136,Anthony Johnson,31,IND,PG,75,53,1981,14.2,0.52,0.257,0.234,1.9,7.7,4.9,28.6,1.7,0.8,14.7,18.3,2.2,2.3,4.5,0.108,0.2,0.4,0.7,1.3,,johnsan02,2006
137,Kwame Brown,23,LAL,C,72,49,1978,11.7,0.545,0.003,0.606,10.8,17.3,14.1,5.6,0.7,1.8,16.9,13.6,1.7,1.9,3.6,0.088,-1.7,-0.8,-2.5,-0.3,,brownkw01,2006
138,Vladimir Radmanović,25,2TM,PF,77,27,1974,13.6,0.545,0.551,0.177,3.9,17.4,10.8,10.9,1.6,1.1,11.8,18.1,2.3,1.4,3.8,0.091,1.0,-0.5,0.5,1.2,,radmavl01,2006
139,Vladimir Radmanović,25,SEA,PF,47,16,1089,13.1,0.529,0.51,0.161,4.3,16.7,10.4,10.4,1.5,1.1,11.4,19.1,1.3,0.1,1.4,0.062,0.6,-1.7,-1.1,0.2,,radmavl01,2006
140,Vladimir Radmanović,25,LAC,PF,30,11,885,14.2,0.568,0.61,0.201,3.4,18.3,11.2,11.4,1.7,1.2,12.4,16.8,1.0,1.3,2.3,0.127,1.4,1.0,2.5,1.0,,radmavl01,2006
141,Baron Davis,26,GSW,PG,54,48,1971,18.3,0.489,0.376,0.336,2.5,11.1,6.7,42.6,2.3,0.5,13.9,25.9,2.4,2.0,4.4,0.106,2.8,-0.2,2.6,2.3,,davisba01,2006
142,Shareef Abdur-Rahim,29,SAC,PF,72,30,1961,17.2,0.588,0.035,0.44,6.4,14.8,10.6,13.2,1.3,1.6,12.5,20.1,4.0,2.2,6.2,0.152,0.5,0.4,0.9,1.4,6MOY-10,abdursh01,2006
143,Marvin Williams,19,ATL,PF,79,7,1952,12.2,0.523,0.1,0.476,7.3,16.5,11.8,5.2,1.3,0.9,11.4,16.9,2.1,0.7,2.8,0.069,-1.8,-1.7,-3.5,-0.7,,willima02,2006
144,Jared Jeffries,24,WAS,PF,77,77,1951,11.6,0.5,0.12,0.405,9.5,13.2,11.3,11.6,1.5,2.0,16.8,13.4,1.4,1.7,3.1,0.076,-1.1,0.4,-0.8,0.6,,jeffrja01,2006
145,Yao Ming,25,HOU,C,57,57,1949,25.6,0.592,0.001,0.439,9.1,25.6,17.5,9.8,0.8,3.9,12.0,29.9,5.0,3.5,8.6,0.211,3.5,0.9,4.4,3.2,ASNBA3,mingya01,2006
146,Matt Harpring,29,UTA,SF,71,32,1944,16.3,0.542,0.058,0.462,9.8,13.2,11.5,9.6,1.7,0.6,11.8,22.0,3.1,1.6,4.7,0.115,0.6,-1.2,-0.6,0.7,6MOY-16,harprma01,2006
147,Erick Dampier,30,DAL,C,82,36,1934,13.9,0.531,0.0,0.62,17.3,22.4,19.9,4.0,0.8,4.2,20.7,13.4,1.9,2.9,4.8,0.119,-1.5,-0.1,-1.7,0.2,6MOY-20,dampier01,2006
148,Juan Dixon,27,POR,SG,76,42,1920,14.6,0.516,0.207,0.236,1.9,9.3,5.5,14.9,1.7,0.2,11.1,25.2,1.1,0.1,1.2,0.03,-0.2,-1.7,-1.9,0.0,,dixonju01,2006
149,Josh Howard,25,DAL,SF,59,58,1915,19.3,0.536,0.085,0.359,7.9,15.3,11.7,10.4,1.9,1.0,8.4,22.9,4.4,2.3,6.7,0.168,2.2,0.0,2.2,2.0,,howarjo01,2006
150,James Posey,29,MIA,SF,67,63,1914,9.8,0.572,0.734,0.154,2.1,16.9,9.8,6.8,1.5,0.8,12.1,11.6,1.8,2.4,4.2,0.104,-0.8,1.0,0.1,1.0,DPOY-13,poseyja01,2006
151,Kevin Martin,22,SAC,SG,72,41,1913,14.8,0.604,0.328,0.407,3.6,12.3,8.0,8.3,1.5,0.3,11.2,17.4,3.6,1.9,5.5,0.137,0.4,0.0,0.4,1.2,,martike02,2006
152,Keith Bogans,25,2TM,SG,72,31,1912,10.7,0.497,0.368,0.342,3.3,12.4,7.8,11.2,2.0,0.4,12.6,17.2,0.3,2.0,2.3,0.058,-1.8,0.5,-1.4,0.3,,boganke01,2006
153,Keith Bogans,25,CHA,SG,39,9,848,12.4,0.51,0.34,0.365,3.7,11.3,7.2,8.7,2.4,0.3,10.9,19.6,0.4,0.7,1.2,0.066,-1.1,0.0,-1.0,0.2,,boganke01,2006
154,Keith Bogans,25,HOU,SF,33,22,1064,9.3,0.482,0.398,0.316,2.9,13.3,8.2,13.3,1.6,0.5,14.4,15.3,-0.1,1.3,1.2,0.053,-2.5,0.9,-1.6,0.1,,boganke01,2006
155,Jason Collins,27,NJN,C,71,70,1895,5.5,0.425,0.046,0.328,5.7,15.6,10.6,5.7,1.3,1.7,16.9,9.0,-0.9,2.9,2.0,0.051,-5.3,1.5,-3.8,-0.9,,collija04,2006
156,Gerald Wallace,23,CHA,SF,55,52,1895,21.3,0.578,0.085,0.52,7.1,18.9,12.6,8.8,3.7,4.7,12.0,19.3,3.0,3.4,6.4,0.163,2.0,2.9,4.9,3.2,DPOY-9,wallage01,2006
157,Brendan Haywood,26,WAS,C,79,70,1879,13.8,0.542,0.0,0.519,12.0,17.0,14.5,3.9,0.8,4.3,15.5,14.9,2.0,1.9,3.9,0.099,-1.5,-0.2,-1.7,0.2,,haywobr01,2006
158,Rasual Butler,26,NOK,SF,79,20,1875,10.8,0.501,0.382,0.18,3.2,11.8,7.4,3.7,0.9,2.0,8.7,18.6,0.4,1.3,1.7,0.045,-0.9,-1.1,-2.0,0.0,,butlera01,2006
159,Jason Williams,30,MIA,PG,59,56,1874,15.0,0.561,0.475,0.162,0.4,8.0,4.4,24.5,1.5,0.2,13.3,18.5,3.2,1.6,4.8,0.124,1.7,-0.5,1.1,1.5,,willija02,2006
160,Eddy Curry,23,NYK,C,72,69,1865,17.0,0.604,0.0,0.814,9.4,18.9,14.1,1.9,0.8,2.5,18.1,24.1,2.3,1.0,3.3,0.084,-0.5,-1.6,-2.1,0.0,,curryed01,2006
161,Clifford Robinson,39,NJN,PF,80,13,1863,9.6,0.502,0.341,0.154,3.4,13.5,8.4,8.2,1.3,1.7,10.2,15.4,0.2,2.7,2.8,0.073,-2.7,0.7,-1.9,0.1,6MOY-14,robincl02,2006
162,Marcus Camby,31,DEN,C,56,54,1857,19.9,0.499,0.017,0.24,8.4,33.3,21.0,10.2,2.2,7.5,11.4,19.5,1.0,4.5,5.5,0.141,0.1,3.3,3.5,2.6,DPOY-5,cambyma01,2006
163,Fred Jones,26,IND,SG,68,2,1837,11.0,0.517,0.335,0.286,1.2,9.3,5.3,14.5,1.6,0.8,14.5,18.7,0.4,2.2,2.6,0.069,-1.8,0.7,-1.0,0.4,,jonesfr01,2006
164,Adonal Foyle,30,GSW,C,77,72,1824,10.3,0.524,0.0,0.223,8.5,17.6,13.0,2.8,1.2,5.1,19.5,10.0,0.3,2.5,2.8,0.075,-3.4,1.7,-1.7,0.1,,foylead01,2006
165,Manu Ginóbili,28,SAS,SG,65,56,1813,22.4,0.593,0.324,0.538,2.8,12.0,7.5,22.2,3.0,1.0,12.8,25.0,5.1,3.7,8.8,0.234,3.8,3.0,6.8,4.1,,ginobma01,2006
166,Shaquille O'Neal,33,MIA,C,59,58,1806,24.4,0.586,0.0,0.589,11.7,23.1,17.6,12.4,0.7,4.4,14.3,30.0,3.3,2.9,6.2,0.164,2.4,0.3,2.7,2.1,ASNBA1,onealsh01,2006
167,Jermaine O'Neal,27,IND,PF,51,47,1802,20.4,0.53,0.012,0.457,6.7,23.2,15.2,14.9,0.8,4.7,13.5,28.9,1.4,3.5,4.9,0.131,0.6,1.7,2.3,2.0,AS,onealje01,2006
168,Ruben Patterson,30,2TM,SG,71,22,1792,16.4,0.547,0.02,0.532,7.8,8.4,8.1,12.7,2.3,0.9,16.1,24.1,1.1,1.0,2.1,0.055,0.2,-0.8,-0.5,0.7,,patteru01,2006
169,Ruben Patterson,30,POR,SF,45,2,1056,17.0,0.537,0.018,0.596,8.2,9.4,8.8,10.7,2.2,0.9,14.6,25.1,0.7,0.3,1.0,0.044,0.8,-1.3,-0.5,0.4,,patteru01,2006
170,Ruben Patterson,30,DEN,SG,26,20,736,15.4,0.563,0.023,0.438,7.2,7.1,7.1,15.6,2.4,0.9,18.2,22.7,0.4,0.7,1.1,0.071,-0.6,0.0,-0.7,0.2,,patteru01,2006
171,Jameer Nelson,23,ORL,PG,62,33,1784,19.5,0.567,0.229,0.252,2.8,9.5,6.2,31.5,2.1,0.4,15.6,25.1,3.5,1.4,4.9,0.132,2.6,-0.6,2.0,1.8,,nelsoja01,2006
172,Steve Blake,25,POR,PG,68,57,1781,14.5,0.549,0.391,0.194,1.7,8.2,4.9,29.0,1.3,0.2,14.0,15.8,3.0,-0.2,2.8,0.076,1.0,-2.0,-1.0,0.4,,blakest01,2006
173,Bobby Jackson,32,MEM,PG,71,15,1775,14.6,0.497,0.444,0.195,3.0,12.1,7.6,20.7,1.9,0.0,11.1,25.0,1.0,2.5,3.5,0.095,0.6,-0.2,0.4,1.1,6MOY-16,jacksbo01,2006
174,James Jones,25,PHO,SF,75,24,1772,13.2,0.551,0.491,0.208,2.8,12.8,7.9,4.5,1.1,1.9,5.2,16.9,2.3,1.7,4.0,0.11,0.1,-0.2,-0.1,0.9,,jonesja02,2006
175,Marquis Daniels,25,DAL,SG,62,29,1766,14.9,0.535,0.037,0.357,5.6,9.6,7.6,16.2,2.1,0.6,14.4,18.3,2.4,1.7,4.2,0.114,0.1,0.4,0.5,1.1,,daniema01,2006
176,Danny Granger,22,IND,SF,78,17,1765,14.7,0.54,0.195,0.31,8.8,16.0,12.5,8.8,1.8,2.6,12.8,16.4,2.1,3.0,5.1,0.139,-0.7,1.8,1.1,1.4,ROY-76MOY-16,grangda01,2006
177,Samuel Dalembert,24,PHI,C,66,52,1761,14.2,0.568,0.003,0.358,10.6,25.4,18.0,2.2,1.0,6.9,20.0,13.8,0.9,2.6,3.6,0.097,-2.9,1.2,-1.8,0.1,,dalemsa01,2006
178,Greg Buckner,29,DEN,SG,73,27,1758,11.4,0.556,0.583,0.132,2.1,11.7,6.9,10.8,2.5,0.9,10.5,12.6,1.7,2.0,3.8,0.103,-1.2,1.7,0.5,1.1,,buckngr01,2006
179,Tracy McGrady,26,HOU,SF,47,47,1745,21.9,0.494,0.231,0.336,3.1,17.2,10.3,28.8,1.8,1.9,9.4,35.0,1.4,2.7,4.1,0.112,4.8,0.7,5.4,3.3,AS,mcgratr01,2006
180,Antonio McDyess,31,DET,PF,82,0,1733,15.5,0.52,0.004,0.218,10.6,19.4,15.0,8.8,1.5,2.0,11.0,18.9,1.9,2.8,4.6,0.128,-1.7,0.5,-1.2,0.3,6MOY-4,mcdyean01,2006
181,Jarron Collins,27,UTA,C,79,41,1730,11.0,0.551,0.0,0.782,9.3,14.1,11.7,9.1,1.1,1.3,13.9,11.7,2.5,1.4,3.9,0.107,-2.2,0.0,-2.1,-0.1,,collija03,2006
182,Chucky Atkins,31,2TM,PG,71,41,1713,12.9,0.526,0.478,0.284,1.6,6.8,4.2,20.0,1.4,0.1,11.9,20.2,2.1,1.4,3.6,0.1,-0.1,-0.8,-0.9,0.4,,atkinch01,2006
183,Chucky Atkins,31,WAS,SG,28,2,552,10.4,0.498,0.529,0.178,2.5,7.2,4.7,19.8,1.3,0.0,13.8,17.6,0.4,0.2,0.6,0.056,-0.6,-1.0,-1.6,0.0,,atkinch01,2006
184,Chucky Atkins,31,MEM,PG,43,39,1161,14.1,0.537,0.456,0.331,1.2,6.6,3.9,20.1,1.4,0.1,11.1,21.5,1.7,1.2,2.9,0.121,0.1,-0.8,-0.6,0.4,,atkinch01,2006
185,Devin Brown,27,UTA,SG,81,14,1711,10.3,0.493,0.224,0.402,5.1,9.6,7.3,10.7,1.4,0.7,13.8,19.5,0.4,1.1,1.4,0.041,-2.1,-1.3,-3.3,-0.6,,brownde02,2006
186,Matt Bonner,25,TOR,PF,78,6,1710,13.7,0.582,0.52,0.163,5.9,14.8,10.2,5.2,1.5,1.4,6.0,14.4,3.5,0.5,4.1,0.114,1.3,-0.6,0.7,1.2,,bonnema01,2006
187,Lorenzen Wright,30,MEM,C,78,58,1689,12.2,0.496,0.005,0.288,10.3,18.0,14.2,4.9,1.7,2.2,12.8,15.1,0.8,3.0,3.7,0.106,-2.7,0.7,-2.1,0.0,,wrighlo02,2006
188,Bonzi Wells,29,SAC,SG,52,41,1684,16.6,0.507,0.073,0.31,10.0,17.8,13.9,14.8,2.9,1.1,15.3,22.4,0.7,2.7,3.4,0.096,-0.4,0.8,0.4,1.0,,wellsbo01,2006
189,Sebastian Telfair,20,POR,PG,68,30,1641,13.0,0.491,0.28,0.303,1.4,7.5,4.4,26.5,2.2,0.3,14.9,22.2,0.4,0.2,0.6,0.017,-1.2,-1.6,-2.8,-0.3,,telfase01,2006
190,Jarrett Jack,22,POR,SG,79,4,1599,12.3,0.528,0.178,0.374,1.3,10.8,6.0,23.2,1.4,0.1,17.0,17.8,1.1,0.1,1.2,0.035,-1.7,-1.4,-3.1,-0.4,,jackja01,2006
191,Leandro Barbosa,23,PHO,SG,57,11,1592,15.1,0.589,0.346,0.259,2.2,8.1,5.2,14.4,1.5,0.3,12.3,20.3,2.6,1.2,3.8,0.115,0.4,-0.5,-0.1,0.8,6MOY-7,barbole01,2006
192,Joey Graham,23,TOR,SF,80,24,1581,10.2,0.564,0.21,0.321,4.2,15.1,9.4,6.0,1.2,0.6,16.3,16.5,1.0,0.3,1.3,0.038,-2.7,-1.1,-3.8,-0.7,,grahajo01,2006
193,Jeff Foster,29,IND,C,63,37,1581,15.1,0.581,0.016,0.636,16.9,24.8,20.9,5.1,1.4,1.2,16.7,11.3,2.8,2.9,5.7,0.174,-0.3,0.4,0.0,0.8,,fosteje01,2006
194,Francisco Elson,29,DEN,C,72,54,1579,10.1,0.556,0.018,0.261,7.4,17.6,12.5,4.4,1.7,2.1,17.0,10.8,0.8,2.0,2.9,0.087,-3.2,1.0,-2.2,-0.1,,elsonfr01,2006
195,Earl Watson,26,2TM,PG,70,10,1578,14.6,0.558,0.534,0.218,1.8,10.1,5.9,29.0,2.2,0.5,19.6,19.7,1.7,1.0,2.7,0.081,0.9,-0.7,0.2,0.9,,watsoea01,2006
196,Earl Watson,26,DEN,PG,46,10,975,12.8,0.563,0.61,0.209,2.1,8.2,5.2,25.3,1.9,0.5,19.6,17.6,0.8,0.8,1.6,0.08,0.2,-0.3,-0.1,0.4,,watsoea01,2006
197,Earl Watson,26,SEA,PG,24,0,603,17.3,0.552,0.441,0.229,1.4,13.2,7.2,34.9,2.7,0.4,19.6,23.1,0.9,0.1,1.1,0.084,2.0,-1.2,0.8,0.4,,watsoea01,2006
198,Channing Frye,22,NYK,C,65,14,1572,18.1,0.541,0.014,0.358,10.6,18.5,14.5,6.6,1.0,2.5,11.6,24.2,2.6,0.9,3.5,0.108,0.7,-1.4,-0.7,0.5,ROY-56MOY-11,fryech01,2006
199,Šarūnas Jasikevičius,29,IND,PG,75,15,1557,12.9,0.561,0.55,0.31,1.5,9.6,5.7,24.4,1.4,0.2,19.2,18.0,1.6,1.7,3.3,0.103,0.1,0.0,0.1,0.9,,jasiksa01,2006
200,Kenyon Martin,28,DEN,PF,56,49,1546,16.7,0.533,0.037,0.283,7.1,19.4,13.3,8.8,1.4,2.5,9.6,21.6,1.8,2.0,3.8,0.117,-0.3,0.4,0.1,0.8,,martike01,2006
201,Nate Robinson,21,NYK,PG,72,26,1544,12.6,0.512,0.258,0.358,4.4,8.8,6.6,17.0,2.0,0.1,14.8,22.5,1.0,0.5,1.5,0.046,-1.0,-1.1,-2.1,-0.1,,robinna01,2006
202,Devean George,28,LAL,SF,71,5,1542,11.3,0.484,0.376,0.202,6.3,14.6,10.5,6.9,2.3,1.7,10.4,15.3,0.7,2.0,2.6,0.082,-1.3,0.5,-0.8,0.4,,georgde01,2006
203,Earl Boykins,29,DEN,PG,60,0,1542,15.7,0.513,0.271,0.263,1.6,4.5,3.1,25.0,1.6,0.2,10.1,23.8,2.0,0.9,2.9,0.09,1.3,-1.3,0.0,0.7,6MOY-5,boykiea01,2006
204,Chris Mihm,26,LAL,C,59,56,1541,15.3,0.552,0.0,0.438,10.5,18.0,14.2,6.6,0.5,3.6,13.2,18.7,2.2,1.7,4.0,0.124,-1.4,-0.5,-1.9,0.0,,mihmch01,2006
205,Brian Cook,25,LAL,PF,81,46,1535,15.6,0.578,0.164,0.198,6.8,14.2,10.5,8.3,1.3,1.6,9.9,18.3,3.0,1.5,4.5,0.142,0.2,-0.3,-0.1,0.7,,cookbr01,2006
206,Mo Williams,23,MIL,PG,58,12,1531,15.0,0.518,0.304,0.18,2.3,8.9,5.5,26.1,1.8,0.4,13.4,23.4,1.5,1.0,2.5,0.079,0.8,-0.8,0.0,0.8,6MOY-8,willima01,2006
207,Chris Wilcox,23,2TM,C,77,24,1529,17.3,0.605,0.004,0.34,9.3,22.5,15.9,5.7,1.1,1.7,12.2,17.5,3.2,1.2,4.4,0.138,0.4,-0.5,-0.1,0.7,,wilcoch01,2006
208,Chris Wilcox,23,LAC,C,48,1,657,13.2,0.562,0.012,0.351,8.5,21.5,15.3,4.4,1.2,2.4,14.2,15.9,0.6,1.0,1.6,0.119,-2.4,1.1,-1.3,0.1,,wilcoch01,2006
209,Chris Wilcox,23,SEA,PF,29,23,872,20.4,0.631,0.0,0.333,9.8,23.2,16.4,6.7,1.1,1.1,11.0,18.7,2.6,0.2,2.8,0.153,2.5,-1.6,0.8,0.6,,wilcoch01,2006
210,Damien Wilkins,26,SEA,SF,82,12,1525,13.1,0.529,0.129,0.372,6.2,9.1,7.6,10.8,2.5,0.6,14.4,17.4,1.7,0.1,1.7,0.054,-0.8,-0.9,-1.6,0.1,,wilkida02,2006
211,Shaun Livingston,20,LAC,PG,61,14,1525,10.2,0.46,0.023,0.221,3.3,10.4,7.0,27.2,1.6,1.6,22.5,15.0,-0.5,1.8,1.3,0.041,-2.6,0.7,-1.9,0.1,,livinsh01,2006
212,Jerry Stackhouse,31,DAL,SG,55,11,1525,14.5,0.511,0.216,0.367,2.6,9.4,6.0,18.0,1.3,0.5,14.7,25.2,1.2,1.2,2.4,0.076,0.1,-1.5,-1.5,0.2,6MOY-3,stackje01,2006
213,Rasho Nesterović,29,SAS,C,80,51,1515,11.0,0.521,0.006,0.09,9.1,14.8,12.1,3.4,0.8,4.2,13.2,12.6,0.9,2.9,3.7,0.118,-3.3,1.8,-1.5,0.2,,nestera01,2006
214,Quinton Ross,24,LAC,SF,67,45,1515,7.4,0.465,0.023,0.244,3.0,9.7,6.5,7.8,1.8,0.8,12.1,11.8,-0.2,1.7,1.6,0.05,-4.0,1.5,-2.5,-0.2,,rossqu01,2006
215,DeSagana Diop,24,DAL,C,81,45,1510,11.5,0.512,0.013,0.468,11.8,17.9,14.9,2.2,1.6,7.4,16.2,6.9,1.3,2.7,4.1,0.13,-2.3,2.8,0.5,1.0,,diopde01,2006
216,Marcus Banks,24,2TM,PG,58,29,1497,13.6,0.543,0.135,0.314,1.9,8.8,5.4,25.3,1.9,0.6,18.3,20.6,0.9,1.4,2.3,0.074,-1.4,-0.2,-1.7,0.1,,banksma01,2006
217,Marcus Banks,24,BOS,PG,18,1,269,9.4,0.531,0.238,0.375,1.9,6.6,4.3,19.2,1.4,0.0,19.8,19.9,0.0,0.1,0.2,0.033,-3.8,-2.0,-5.9,-0.3,,banksma01,2006
218,Marcus Banks,24,MIN,PG,40,28,1228,14.5,0.545,0.113,0.302,1.9,9.2,5.7,26.6,2.1,0.7,17.9,20.7,0.8,1.3,2.1,0.083,-0.9,0.2,-0.7,0.4,,banksma01,2006
219,Viktor Khryapa,23,POR,SF,69,53,1492,11.5,0.516,0.088,0.325,9.1,15.8,12.4,9.8,1.8,1.5,17.7,15.1,0.6,0.7,1.3,0.042,-2.8,-0.5,-3.3,-0.5,,khryavi01,2006
220,José Calderón,24,TOR,SG,64,11,1487,11.4,0.495,0.138,0.295,2.4,9.5,5.8,29.1,1.5,0.2,22.3,14.1,0.9,0.0,0.9,0.029,-1.0,-1.8,-2.8,-0.3,,caldejo01,2006
221,Sasha Vujačić,21,LAL,PG,82,4,1449,8.4,0.479,0.551,0.167,2.7,10.2,6.5,14.1,1.7,0.2,13.0,12.1,0.8,1.2,2.0,0.066,-2.6,0.4,-2.2,-0.1,,vujacsa01,2006
222,Eduardo Nájera,29,DEN,PF,64,3,1449,10.9,0.494,0.04,0.379,10.4,15.7,13.1,5.2,1.9,1.8,13.3,12.5,1.0,1.8,2.7,0.09,-2.3,0.5,-1.8,0.1,,najered01,2006
223,Nick Collison,25,SEA,PF,66,27,1448,14.0,0.556,0.008,0.287,11.8,19.0,15.4,8.1,0.8,1.9,14.8,16.1,2.2,0.1,2.3,0.075,-1.1,-2.1,-3.2,-0.4,,collini01,2006
224,Quentin Richardson,25,NYK,SF,55,43,1442,9.6,0.452,0.41,0.198,5.4,14.1,9.7,10.3,1.4,0.3,10.1,17.4,0.2,0.5,0.7,0.023,-0.8,-1.1,-1.9,0.0,,richaqu01,2006
225,Eddie House,27,PHO,PG,81,0,1421,15.2,0.512,0.416,0.054,1.2,8.9,5.2,16.4,1.5,0.6,8.9,26.9,0.5,1.1,1.6,0.054,0.8,-0.9,-0.2,0.7,6MOY-13,houseed01,2006
226,Kurt Thomas,33,PHO,C,53,50,1411,13.1,0.527,0.0,0.235,8.2,24.1,16.3,5.6,0.8,2.7,11.7,15.5,1.3,2.0,3.3,0.112,-2.6,0.8,-1.8,0.1,,thomaku01,2006
227,Joel Przybilla,26,POR,C,56,52,1395,15.3,0.561,0.0,0.644,12.4,21.4,16.9,5.0,0.8,7.1,19.9,13.0,1.0,1.2,2.3,0.078,-1.4,0.8,-0.6,0.5,,przybjo01,2006
228,Reggie Evans,25,2TM,PF,67,25,1393,12.5,0.519,0.004,0.81,14.6,28.3,21.4,4.0,1.5,0.5,19.0,14.4,0.8,1.3,2.1,0.072,-1.8,-1.9,-3.7,-0.6,,evansre01,2006
229,Reggie Evans,25,SEA,PF,41,23,788,15.0,0.536,0.006,0.694,17.2,25.2,21.2,4.4,1.6,0.5,15.4,15.2,1.2,0.3,1.5,0.09,0.1,-3.0,-2.9,-0.2,,evansre01,2006
230,Reggie Evans,25,DEN,PF,26,2,605,9.2,0.49,0.0,1.021,11.1,32.3,21.8,3.5,1.4,0.6,24.2,13.4,-0.4,1.0,0.6,0.048,-4.3,-0.5,-4.9,-0.4,,evansre01,2006
231,Nazr Mohammed,28,SAS,C,80,30,1389,15.0,0.56,0.0,0.382,14.2,21.2,17.8,4.7,0.8,2.5,17.1,18.3,1.7,2.8,4.5,0.156,-2.4,0.4,-2.0,0.0,,mohamna01,2006
232,Milt Palacio,27,UTA,PG,71,18,1376,9.9,0.47,0.04,0.372,1.5,10.4,5.9,24.4,1.9,0.8,19.0,19.5,-0.9,1.1,0.2,0.008,-3.4,-0.4,-3.7,-0.6,,palacmi01,2006
233,Ryan Gomes,23,BOS,PF,61,33,1376,14.0,0.548,0.025,0.42,9.3,16.9,13.2,6.8,1.3,0.3,11.6,15.9,1.9,1.2,3.1,0.108,0.0,-1.2,-1.2,0.3,ROY-9,gomesry01,2006
234,Rashad McCants,21,MIN,SG,79,12,1362,12.6,0.539,0.336,0.198,2.6,9.8,6.3,8.4,1.7,1.2,12.9,23.3,0.2,1.4,1.6,0.058,-1.3,-0.3,-1.7,0.1,,mccanra01,2006
235,Eddie Griffin,23,MIN,C,70,27,1359,12.2,0.397,0.222,0.2,9.7,24.3,17.2,4.7,0.5,8.2,9.7,15.6,-1.0,2.6,1.5,0.055,-3.1,1.5,-1.6,0.1,,griffed01,2006
236,Melvin Ely,27,CHA,PF,57,22,1348,14.3,0.55,0.005,0.452,7.6,16.8,11.9,9.7,1.1,2.5,16.4,20.1,0.8,1.2,2.0,0.072,-1.7,-0.2,-1.8,0.1,,elyme01,2006
237,Stromile Swift,26,HOU,C,66,5,1344,14.6,0.533,0.004,0.456,9.1,16.1,12.7,3.6,1.5,3.0,14.2,22.7,0.4,2.1,2.5,0.091,-2.8,0.1,-2.7,-0.2,,swiftst01,2006
238,Luke Walton,25,LAL,SF,69,6,1333,11.6,0.477,0.168,0.232,7.8,14.0,10.9,17.9,1.6,0.9,17.7,15.0,0.6,1.3,2.0,0.071,-1.1,0.0,-1.1,0.3,,waltolu01,2006
239,Kendrick Perkins,21,BOS,C,68,40,1332,13.2,0.548,0.008,0.489,13.1,23.6,18.5,8.1,0.8,6.0,24.9,14.8,0.3,2.0,2.3,0.082,-2.8,1.3,-1.5,0.2,,perkike01,2006
240,Darius Songaila,27,CHI,PF,62,7,1329,13.6,0.524,0.01,0.234,6.6,14.6,10.6,11.5,1.4,0.9,13.6,21.3,0.7,1.8,2.5,0.09,-1.5,0.4,-1.1,0.3,,songada01,2006
241,Steven Hunter,24,PHI,C,69,35,1312,13.9,0.598,0.0,0.474,9.8,14.4,12.1,2.1,0.5,4.4,15.4,14.4,1.5,1.0,2.5,0.09,-1.4,-0.9,-2.4,-0.1,,huntest01,2006
242,Kirk Snyder,22,NOK,SG,68,45,1310,14.6,0.537,0.285,0.258,4.9,9.9,7.3,13.9,1.2,1.4,12.2,20.5,1.4,0.9,2.2,0.082,1.1,-0.5,0.6,0.9,,snydeki01,2006
243,Bernard Robinson,25,CHA,SF,66,18,1303,12.0,0.498,0.058,0.367,5.2,14.9,9.7,9.5,3.2,0.6,14.9,17.0,0.1,1.6,1.7,0.061,-2.9,1.1,-1.8,0.1,,robinbe01,2006
244,Alonzo Mourning,35,MIA,C,65,20,1302,19.4,0.615,0.003,0.711,11.8,20.3,16.2,1.4,0.5,10.2,16.0,17.5,2.1,2.6,4.8,0.176,-0.7,2.5,1.8,1.2,DPOY-86MOY-6,mournal01,2006
245,Francisco García,24,SAC,SF,67,11,1301,10.3,0.51,0.422,0.311,3.5,13.0,8.3,11.2,1.6,2.6,16.9,15.7,0.0,1.6,1.6,0.06,-2.1,1.3,-0.8,0.4,,garcifr01,2006
246,Theo Ratliff,32,POR,C,55,19,1301,12.2,0.599,0.0,0.439,8.1,17.8,12.9,3.4,0.8,5.2,17.2,9.9,1.3,0.7,2.0,0.074,-2.2,0.6,-1.6,0.1,,ratlith01,2006
247,Darius Miles,24,POR,SF,40,23,1286,12.5,0.48,0.02,0.32,2.2,15.0,8.5,10.8,1.8,2.3,14.5,25.1,-1.6,0.6,-1.0,-0.037,-2.5,-0.9,-3.4,-0.4,,milesda01,2006
248,Charlie Bell,26,MIL,SG,59,6,1283,14.7,0.55,0.41,0.217,1.9,9.3,5.6,16.6,2.4,0.3,8.4,17.5,2.2,1.1,3.3,0.123,0.1,0.8,1.0,0.9,,bellch01,2006
249,Johan Petro,20,SEA,C,68,41,1282,10.4,0.53,0.0,0.25,10.1,17.9,13.9,1.8,1.0,3.1,15.3,13.7,0.7,0.2,1.0,0.037,-3.2,-1.5,-4.7,-0.9,,petrojo01,2006
250,Larry Hughes,27,CLE,SG,36,31,1281,14.0,0.504,0.162,0.412,2.4,12.6,7.4,17.5,2.2,1.3,15.2,23.6,0.3,1.5,1.8,0.067,-1.4,0.1,-1.3,0.2,,hughela01,2006
251,Matt Carroll,25,CHA,SG,78,6,1275,13.9,0.54,0.389,0.353,2.9,12.0,7.1,4.6,1.9,0.7,8.0,20.8,1.6,1.0,2.6,0.097,0.0,-0.6,-0.6,0.5,,carroma01,2006
252,Devin Harris,22,DAL,PG,56,4,1275,17.4,0.544,0.052,0.583,2.5,9.2,5.9,23.4,2.3,1.0,14.2,21.7,2.3,1.4,3.7,0.139,0.8,0.6,1.4,1.1,6MOY-20,harride01,2006
253,Brent Barry,34,SAS,SG,74,5,1259,14.8,0.581,0.586,0.171,2.8,11.9,7.5,15.5,1.7,1.5,12.3,16.0,2.1,2.2,4.3,0.162,1.4,2.0,3.4,1.7,,barrybr01,2006
254,Adrian Griffin,31,DAL,SG,52,45,1245,11.6,0.521,0.01,0.26,7.4,14.4,11.0,10.8,2.2,0.6,14.6,10.0,1.4,1.5,2.9,0.113,-0.8,1.6,0.8,0.9,,griffad01,2006
255,Salim Stoudamire,23,ATL,SG,61,1,1236,12.5,0.545,0.439,0.224,1.1,10.4,5.6,10.5,1.2,0.2,13.2,22.9,1.1,0.0,1.2,0.046,-0.3,-2.3,-2.5,-0.2,,stoudsa01,2006
256,Orien Greene,23,BOS,PG,80,5,1235,6.4,0.449,0.158,0.269,3.7,10.4,7.2,15.8,3.2,0.6,27.8,14.6,-1.8,1.4,-0.3,-0.013,-5.9,1.4,-4.4,-0.8,,greenor01,2006
257,Jacque Vaughn,30,NJN,SG,80,6,1234,7.5,0.488,0.024,0.331,1.5,7.2,4.3,16.2,1.8,0.1,15.6,12.7,0.0,1.5,1.5,0.06,-5.3,1.1,-4.1,-0.7,,vaughja01,2006
258,Tyronn Lue,28,ATL,PG,51,10,1234,15.5,0.585,0.304,0.33,1.2,6.9,4.0,21.7,1.1,0.2,13.5,20.4,2.8,-0.1,2.7,0.104,1.5,-2.2,-0.7,0.4,,luety01,2006
259,Keith McLeod,26,UTA,PG,66,32,1232,8.6,0.464,0.241,0.391,1.1,6.7,3.8,20.7,1.9,0.6,16.0,17.8,-0.2,0.8,0.6,0.024,-3.7,-0.8,-4.5,-0.8,,mcleoke01,2006
260,Mike Sweetney,23,CHI,C,66,44,1222,13.9,0.499,0.0,0.459,11.2,21.7,16.5,8.2,0.8,3.6,15.1,23.2,0.1,2.1,2.1,0.084,-3.3,0.5,-2.8,-0.3,,sweetmi01,2006
261,Maurice Taylor,29,NYK,PF,67,13,1210,8.5,0.496,0.003,0.213,6.5,16.7,11.5,7.9,0.9,0.9,19.5,19.8,-1.0,0.4,-0.5,-0.021,-4.1,-1.5,-5.7,-1.1,,tayloma01,2006
262,Carlos Arroyo,26,2TM,PG,77,0,1194,15.6,0.512,0.053,0.362,3.3,9.8,6.6,31.6,1.7,0.2,15.9,20.7,1.6,1.1,2.7,0.107,-0.1,-0.4,-0.5,0.5,,arroyca01,2006
263,Carlos Arroyo,26,DET,PG,50,0,600,12.5,0.433,0.038,0.369,4.7,9.2,6.9,39.3,1.8,0.4,19.8,18.0,0.3,0.7,1.0,0.079,-2.1,-0.1,-2.2,0.0,,arroyca01,2006
264,Carlos Arroyo,26,ORL,SG,27,0,594,18.8,0.569,0.063,0.357,1.9,10.3,6.2,23.8,1.7,0.1,12.9,23.4,1.3,0.4,1.7,0.135,1.9,-0.6,1.3,0.5,,arroyca01,2006
265,Robert Horry,35,SAS,PF,63,3,1182,13.5,0.499,0.493,0.233,7.3,16.7,12.1,10.1,2.0,3.1,11.3,14.7,1.0,2.5,3.6,0.145,0.4,2.8,3.1,1.5,,horryro01,2006
266,Mickaël Piétrus,23,GSW,SF,52,18,1179,10.0,0.5,0.421,0.342,5.4,10.2,7.7,6.2,1.4,0.6,14.0,21.1,-0.3,0.9,0.6,0.024,-2.3,-0.9,-3.2,-0.4,,pietrmi01,2006
267,Travis Outlaw,21,POR,PF,69,11,1153,12.9,0.491,0.144,0.242,4.9,14.9,9.9,5.2,1.5,3.0,8.3,18.3,0.4,0.5,0.9,0.039,-1.8,-0.7,-2.5,-0.1,,outlatr01,2006
268,Austin Croshere,30,IND,PF,50,26,1148,15.2,0.618,0.491,0.358,6.4,19.8,13.3,9.1,1.0,0.4,12.7,15.3,2.5,1.7,4.1,0.173,1.5,0.6,2.1,1.2,,croshau01,2006
269,Maurice Evans,27,DET,SG,80,1,1139,14.0,0.545,0.34,0.191,7.8,9.2,8.5,8.5,2.0,1.0,9.5,17.0,1.8,1.4,3.2,0.135,-0.4,0.5,0.2,0.6,,evansma01,2006
270,Keyon Dooling,25,ORL,PG,50,7,1137,12.6,0.513,0.106,0.299,1.2,7.1,4.2,16.7,2.3,0.3,15.2,22.5,0.3,0.8,1.1,0.046,-2.4,-0.3,-2.7,-0.2,,doolike01,2006
271,David Lee,22,NYK,SF,67,14,1129,15.4,0.607,0.0,0.535,11.6,21.1,16.3,6.5,1.4,1.5,15.2,13.5,2.0,0.8,2.7,0.116,0.7,-0.6,0.1,0.6,,leeda02,2006
272,Jamaal Tinsley,27,IND,PG,42,27,1122,12.1,0.458,0.181,0.236,3.7,9.8,6.8,33.3,2.3,0.4,20.4,22.2,-0.8,1.5,0.7,0.031,-1.8,0.3,-1.6,0.1,,tinslja01,2006
273,Etan Thomas,27,WAS,C,71,9,1121,13.6,0.56,0.0,0.508,10.0,19.3,14.5,2.0,0.9,4.7,14.5,14.0,1.2,1.3,2.5,0.107,-1.8,0.0,-1.7,0.1,,thomaet01,2006
274,Malik Rose,31,NYK,PF,72,35,1119,10.2,0.466,0.004,0.488,9.0,19.2,14.1,9.7,2.0,1.0,19.0,17.1,-0.3,0.8,0.5,0.021,-2.6,-0.2,-2.8,-0.2,,rosema01,2006
275,Kareem Rush,25,CHA,SG,47,25,1111,9.8,0.471,0.35,0.164,1.8,9.5,5.4,7.7,1.8,0.9,11.4,22.7,-1.0,0.7,-0.2,-0.01,-2.3,-1.1,-3.4,-0.4,,rushka01,2006
276,Keith Van Horn,30,DAL,SF,53,0,1090,13.8,0.54,0.351,0.292,6.1,15.0,10.6,5.7,1.6,0.8,14.0,21.8,1.1,1.2,2.3,0.101,-0.3,-0.9,-1.2,0.2,,vanhoke01,2006
277,Martell Webster,19,POR,SF,61,18,1070,11.6,0.533,0.523,0.204,3.2,11.5,7.3,5.5,1.1,1.0,10.2,18.7,0.8,0.1,0.9,0.039,-0.3,-2.2,-2.5,-0.1,,webstma02,2006
278,Kevin Ollie,33,PHI,SG,70,23,1069,7.8,0.491,0.017,0.282,1.4,9.3,5.4,13.8,1.6,0.2,12.9,9.6,0.5,0.5,1.1,0.048,-3.8,0.1,-3.7,-0.5,,ollieke01,2006
279,Al Jefferson,21,BOS,PF,59,7,1062,16.2,0.53,0.011,0.354,11.4,22.6,17.2,5.0,1.5,3.3,12.4,21.6,0.9,1.5,2.3,0.105,-1.7,-0.4,-2.1,0.0,,jeffeal01,2006
280,Derek Anderson,31,2TM,SG,43,11,1047,10.8,0.496,0.442,0.366,2.4,13.3,8.0,15.7,1.2,0.5,13.3,18.2,0.5,1.1,1.6,0.074,-1.3,0.1,-1.2,0.2,,anderde01,2006
281,Derek Anderson,31,HOU,SG,20,8,582,12.5,0.527,0.387,0.422,2.5,14.1,8.4,16.1,1.4,0.6,15.3,19.8,0.3,0.7,1.0,0.084,-0.4,0.7,0.3,0.3,,anderde01,2006
282,Derek Anderson,31,MIA,SG,23,3,465,8.7,0.453,0.515,0.292,2.4,12.4,7.6,15.1,0.9,0.3,10.4,16.3,0.2,0.4,0.6,0.061,-2.4,-0.7,-3.1,-0.1,,anderde01,2006
283,David Harrison,23,IND,C,67,17,1034,11.8,0.519,0.0,0.592,9.7,18.4,14.2,2.4,1.2,4.2,17.6,20.2,-0.4,1.9,1.5,0.068,-5.1,1.1,-4.0,-0.5,,harrida01,2006
284,Ike Diogu,22,GSW,PF,69,14,1031,15.8,0.596,0.0,0.503,10.0,14.9,12.4,4.9,0.7,2.2,16.1,21.0,1.7,1.0,2.6,0.123,-1.6,-0.6,-2.2,0.0,,dioguik01,2006
285,Marc Jackson,31,2TM,C,64,10,1027,12.5,0.512,0.005,0.222,9.7,15.4,12.5,7.9,0.7,0.6,13.8,21.5,0.3,0.9,1.2,0.057,-2.4,-1.8,-4.2,-0.6,,jacksma02,2006
286,Marc Jackson,31,NJN,C,37,0,433,10.7,0.503,0.0,0.324,8.0,16.2,12.1,9.2,0.6,1.1,14.2,21.4,0.0,0.6,0.6,0.061,-4.0,-0.7,-4.6,-0.3,,jacksma02,2006
287,Marc Jackson,31,NOK,C,27,10,594,13.9,0.519,0.009,0.154,10.9,14.8,12.8,7.0,0.7,0.3,13.6,21.5,0.3,0.4,0.7,0.054,-1.3,-2.6,-3.9,-0.3,,jacksma02,2006
288,Carlos Boozer,24,UTA,PF,33,19,1025,21.4,0.585,0.0,0.343,8.6,25.3,16.9,18.0,1.6,0.6,13.1,23.9,2.2,1.3,3.5,0.162,2.4,-0.3,2.1,1.1,,boozeca01,2006
289,Toni Kukoč,37,MIL,PF,65,0,1018,11.9,0.491,0.493,0.188,3.0,14.7,8.8,21.5,1.7,1.3,17.0,17.4,0.2,0.9,1.1,0.053,-0.3,0.5,0.3,0.6,,kukocto01,2006
290,Qyntel Woods,24,NYK,SF,49,16,1013,12.4,0.572,0.236,0.299,5.2,17.7,11.4,8.0,1.7,1.1,17.5,15.6,0.7,0.6,1.3,0.061,-0.2,-0.6,-0.8,0.3,,woodsqy01,2006
291,Michael Ruffin,29,WAS,C,76,4,1010,8.1,0.479,0.026,0.961,13.6,17.7,15.6,3.7,1.7,2.4,25.8,6.5,0.6,1.1,1.7,0.081,-3.4,0.7,-2.7,-0.2,,ruffimi01,2006
292,Andris Biedriņš,19,GSW,C,68,2,1000,13.6,0.595,0.0,0.389,13.5,18.2,15.8,3.9,1.2,3.5,13.6,11.2,1.6,1.3,2.9,0.137,-2.3,0.6,-1.6,0.1,,biedran01,2006
293,Trevor Ariza,20,2TM,SF,57,10,999,11.8,0.468,0.022,0.562,9.6,17.1,13.3,9.8,3.0,0.9,18.0,15.8,-0.1,1.0,0.9,0.043,-1.8,1.1,-0.7,0.3,,arizatr01,2006
294,Trevor Ariza,20,NYK,SF,36,10,709,10.2,0.459,0.021,0.527,8.3,15.3,11.7,10.4,3.2,1.0,20.4,14.4,-0.4,0.6,0.3,0.02,-2.4,1.5,-0.9,0.2,,arizatr01,2006
295,Trevor Ariza,20,ORL,SF,21,0,290,15.8,0.485,0.025,0.625,12.7,21.5,17.3,8.3,2.6,0.5,13.6,19.3,0.2,0.4,0.6,0.101,-0.2,0.0,-0.3,0.1,,arizatr01,2006
296,Justin Reed,24,2TM,SF,72,6,997,7.9,0.467,0.003,0.407,6.6,8.4,7.5,6.8,1.2,1.1,13.0,18.9,-0.4,0.8,0.4,0.021,-4.8,-1.0,-5.8,-0.9,,reedju01,2006
297,Justin Reed,24,BOS,SF,32,0,291,3.3,0.409,0.0,0.541,5.6,6.5,6.1,3.7,0.9,1.1,14.1,16.8,-0.4,0.1,-0.3,-0.045,-6.6,-2.1,-8.7,-0.5,,reedju01,2006
298,Justin Reed,24,MIN,SF,40,6,706,9.8,0.488,0.005,0.362,7.0,9.1,8.1,8.1,1.4,1.2,12.6,19.7,0.0,0.7,0.7,0.048,-4.0,-0.5,-4.6,-0.5,,reedju01,2006
299,J.R. Smith,20,NOK,SG,55,25,989,12.7,0.515,0.383,0.276,2.2,11.3,6.6,10.3,2.0,0.3,11.6,21.9,0.4,0.8,1.2,0.06,-0.8,-0.2,-1.0,0.3,,smithjr01,2006
300,Robert Swift,20,SEA,C,47,20,987,12.7,0.536,0.0,0.378,11.3,21.1,16.2,1.2,0.8,4.4,14.8,15.0,0.7,0.3,1.1,0.052,-2.4,-1.5,-3.9,-0.5,,swiftro01,2006
301,Nick Van Exel,34,SAS,PG,65,2,986,11.0,0.492,0.449,0.12,0.7,9.9,5.5,20.2,0.9,0.2,13.6,20.2,0.1,1.3,1.4,0.07,-0.9,-0.2,-1.1,0.2,,vanexni01,2006
302,Royal Ivey,24,ATL,PG,73,66,978,8.4,0.467,0.038,0.125,3.7,8.2,5.9,12.2,1.3,0.5,7.6,14.0,0.6,0.0,0.7,0.034,-3.7,-0.9,-4.6,-0.6,,iveyro01,2006
303,Tony Allen,24,BOS,PG,51,9,978,12.9,0.554,0.124,0.489,4.1,9.6,6.9,11.2,2.7,1.4,16.8,18.8,0.6,1.0,1.7,0.082,-2.3,0.9,-1.4,0.1,,allento01,2006
304,Daniel Ewing,22,LAC,SG,66,5,971,7.6,0.458,0.306,0.18,2.9,7.1,5.1,13.2,2.0,0.5,17.2,15.8,-0.7,1.0,0.3,0.017,-3.8,0.6,-3.2,-0.3,,ewingda01,2006
305,Dahntay Jones,25,MEM,SF,71,4,967,8.0,0.462,0.08,0.354,2.5,10.4,6.5,7.0,2.2,1.2,14.1,17.8,-0.9,1.5,0.6,0.029,-5.3,0.9,-4.4,-0.6,,jonesda02,2006
306,Gordan Giriček,28,UTA,SG,37,36,956,8.7,0.482,0.154,0.149,1.9,7.0,4.4,12.8,0.9,0.3,13.4,22.8,-0.6,0.4,-0.2,-0.01,-3.3,-2.3,-5.6,-0.9,,giricgo01,2006
307,Dikembe Mutombo,39,HOU,C,64,23,955,12.7,0.626,0.0,0.958,12.5,24.9,18.8,0.7,1.0,4.9,20.6,8.5,1.3,1.8,3.1,0.156,-2.3,1.5,-0.8,0.3,,mutomdi01,2006
308,Brian Skinner,29,2TM,C,65,5,944,10.5,0.517,0.0,0.35,9.5,19.2,14.3,5.0,1.4,3.4,19.6,11.4,0.1,1.0,1.1,0.057,-3.1,0.4,-2.7,-0.2,,skinnbr01,2006
309,Brian Skinner,29,SAC,PF,38,0,429,10.8,0.544,0.0,0.391,8.3,19.2,13.8,6.0,1.3,3.4,18.2,10.6,0.2,0.6,0.8,0.094,-2.5,1.5,-1.0,0.1,,skinnbr01,2006
310,Brian Skinner,29,POR,C,27,5,515,10.3,0.496,0.0,0.319,10.6,19.2,14.8,4.1,1.5,3.4,20.6,12.0,-0.1,0.4,0.3,0.026,-3.7,-0.4,-4.1,-0.3,,skinnbr01,2006
311,Corey Maggette,26,LAC,SF,32,13,943,18.9,0.584,0.189,0.683,3.6,16.6,10.4,12.1,1.1,0.3,13.8,27.7,1.9,1.1,3.0,0.154,1.6,-0.7,0.9,0.7,,maggeco01,2006
312,Antonio Davis,37,2TM,PF,44,39,940,8.3,0.479,0.005,0.426,11.5,15.5,13.5,3.5,1.3,0.9,18.4,13.4,0.0,0.4,0.3,0.017,-3.2,-1.0,-4.3,-0.5,,davisan01,2006
313,Antonio Davis,37,NYK,PF,36,31,749,8.9,0.487,0.006,0.384,12.0,15.9,14.0,3.0,1.4,1.0,18.8,13.8,0.0,0.3,0.4,0.024,-3.1,-0.9,-4.1,-0.4,,davisan01,2006
314,Antonio Davis,37,TOR,C,8,8,191,5.9,0.44,0.0,0.645,9.2,14.0,11.5,5.4,0.8,0.4,16.7,11.6,-0.1,0.0,0.0,-0.011,-3.5,-1.5,-5.1,-0.1,,davisan01,2006
315,Brian Scalabrine,27,BOS,PF,71,1,938,5.9,0.491,0.451,0.187,3.6,11.0,7.4,8.2,1.2,1.5,19.3,12.7,-0.4,0.7,0.3,0.015,-3.5,-0.1,-3.6,-0.4,,scalabr01,2006
316,Pat Garrity,29,ORL,PF,57,0,938,9.1,0.546,0.533,0.153,4.2,9.9,7.1,6.5,0.7,0.8,12.8,15.0,0.8,0.4,1.2,0.062,-0.9,-1.0,-1.8,0.0,,garripa01,2006
317,DerMarr Johnson,25,DEN,SG,58,21,924,11.7,0.545,0.523,0.137,2.4,9.6,6.1,9.5,1.4,2.1,12.4,17.9,0.5,0.8,1.3,0.07,-0.6,-0.2,-0.8,0.3,,johnsde03,2006
318,Michael Olowokandi,30,2TM,C,48,24,919,8.3,0.456,0.0,0.196,6.7,21.7,14.4,4.1,1.3,2.7,17.4,16.2,-1.1,1.4,0.3,0.014,-5.3,0.3,-5.0,-0.7,,olowomi01,2006
319,Michael Olowokandi,30,MIN,C,32,24,752,8.6,0.455,0.0,0.2,7.4,20.8,14.3,3.7,1.4,2.7,16.2,16.0,-0.8,1.2,0.4,0.023,-5.2,0.4,-4.9,-0.5,,olowomi01,2006
320,Michael Olowokandi,30,BOS,C,16,0,167,6.8,0.464,0.0,0.178,3.7,25.6,15.0,5.8,0.9,2.7,22.4,17.2,-0.3,0.2,-0.1,-0.028,-5.7,0.2,-5.5,-0.2,,olowomi01,2006
321,Joe Smith,30,MIL,PF,44,5,887,16.1,0.533,0.007,0.377,10.9,20.1,15.4,6.0,1.4,1.2,10.1,20.4,1.4,0.9,2.3,0.123,-1.0,-1.0,-2.0,0.0,,smithjo02,2006
322,Monta Ellis,20,GSW,SG,49,3,886,11.1,0.486,0.258,0.186,2.7,10.7,6.6,14.9,1.9,0.9,14.4,20.2,-0.3,0.8,0.5,0.028,-1.9,0.2,-1.7,0.1,,ellismo01,2006
323,Dan Gadzuric,27,MIL,C,74,0,885,17.2,0.55,0.003,0.288,12.0,19.3,15.6,4.9,1.5,3.9,9.1,19.8,1.3,1.1,2.5,0.134,-1.6,-0.1,-1.7,0.0,,gadzuda01,2006
324,Emeka Okafor,23,CHA,PF,26,25,874,14.9,0.464,0.0,0.396,11.7,23.7,17.3,6.0,1.3,4.4,12.5,21.5,-0.2,1.1,1.0,0.054,-1.7,-0.4,-2.1,0.0,,okafoem01,2006
325,Jiří Welsch,26,MIL,SF,58,2,866,9.8,0.482,0.221,0.392,3.0,12.4,7.6,11.0,2.1,0.1,13.6,15.9,0.1,0.7,0.8,0.043,-2.6,0.4,-2.2,0.0,,welscji01,2006
326,Damon Stoudamire,32,MEM,PG,27,27,862,13.7,0.504,0.362,0.216,3.3,10.0,6.7,26.6,1.2,0.1,14.9,20.8,0.7,1.0,1.7,0.093,0.4,-0.5,-0.1,0.4,,stoudda01,2006
327,Othella Harrington,32,CHI,C,72,23,824,11.1,0.53,0.0,0.451,7.6,13.9,10.7,8.0,0.4,1.2,15.7,21.2,0.2,0.9,1.1,0.063,-3.4,-0.4,-3.9,-0.4,,harriot01,2006
328,Jason Hart,27,SAC,PG,66,0,818,7.1,0.444,0.14,0.253,1.7,8.3,5.1,13.4,2.0,0.4,14.9,16.2,-0.7,0.8,0.1,0.006,-5.1,0.4,-4.7,-0.6,,hartja01,2006
329,Jake Voskuhl,28,CHA,C,51,2,818,11.0,0.47,0.011,0.23,8.3,18.3,13.0,7.9,1.6,2.2,10.3,17.4,0.2,0.9,1.0,0.061,-4.4,0.0,-4.4,-0.5,,voskuja01,2006
330,Sasha Pavlović,22,CLE,SG,53,19,813,6.9,0.516,0.453,0.231,2.3,9.4,5.8,4.9,1.2,0.6,15.2,15.7,-0.1,0.6,0.5,0.03,-3.5,-0.1,-3.6,-0.3,,pavloal01,2006
331,Greg Ostertag,32,UTA,C,60,22,807,11.6,0.503,0.0,0.387,12.2,21.7,16.9,11.7,0.4,6.8,24.1,11.0,0.2,1.1,1.3,0.076,-3.3,2.0,-1.4,0.1,,ostergr01,2006
332,Troy Hudson,29,MIN,PG,36,0,800,12.2,0.48,0.303,0.156,1.2,5.3,3.3,23.3,0.8,0.4,10.1,23.5,0.3,0.4,0.7,0.042,-0.1,-2.0,-2.1,0.0,,hudsotr01,2006
333,Aaron Williams,34,2TM,C,48,5,791,11.6,0.551,0.0,0.33,9.4,18.2,13.6,3.6,1.2,2.2,13.0,13.7,0.8,0.8,1.6,0.096,-3.2,-0.4,-3.6,-0.3,,williaa01,2006
334,Aaron Williams,34,TOR,C,14,3,99,7.2,0.578,0.0,0.316,5.9,12.9,9.3,1.5,2.1,2.4,18.8,12.4,0.0,0.1,0.1,0.048,-6.6,0.6,-6.0,-0.1,,williaa01,2006
335,Aaron Williams,34,NOK,C,34,2,692,12.2,0.548,0.0,0.331,9.9,18.9,14.3,3.9,1.0,2.1,12.2,13.8,0.8,0.7,1.5,0.103,-2.7,-0.6,-3.3,-0.2,,williaa01,2006
336,Scot Pollard,30,IND,C,45,32,771,12.3,0.495,0.0,0.247,11.3,21.0,16.3,5.1,2.6,1.9,13.2,11.9,0.6,1.6,2.1,0.134,-2.6,2.1,-0.5,0.3,,pollasc01,2006
337,Darko Miličić,20,2TM,C,55,1,767,15.2,0.52,0.009,0.214,7.2,16.8,12.1,9.2,1.0,7.8,16.6,19.0,0.0,1.1,1.2,0.073,-2.3,2.2,-0.2,0.4,,milicda01,2006
338,Darko Miličić,20,DET,C,25,0,140,10.1,0.507,0.061,0.242,8.4,15.5,11.9,10.2,1.2,7.8,29.1,17.5,-0.2,0.3,0.0,0.016,-6.9,3.5,-3.4,0.0,,milicda01,2006
339,Darko Miličić,20,ORL,C,30,1,627,16.3,0.522,0.0,0.209,6.9,17.1,12.1,9.0,1.0,7.8,14.1,19.3,0.3,0.9,1.1,0.086,-1.3,1.8,0.6,0.4,,milicda01,2006
340,Anderson Varejão,23,CLE,C,48,4,760,14.8,0.541,0.007,0.793,11.9,24.8,18.3,4.0,2.2,1.9,11.8,14.0,1.1,1.3,2.3,0.146,-1.5,0.7,-0.8,0.2,,varejan01,2006
341,James Singleton,24,LAC,SF,59,10,753,13.6,0.587,0.132,0.331,10.2,19.8,15.2,5.9,1.3,2.1,13.9,12.3,1.2,1.1,2.3,0.147,-0.7,1.0,0.4,0.4,,singlja01,2006
342,Jackie Butler,20,NYK,C,55,0,740,14.8,0.587,0.0,0.358,10.9,19.3,15.0,6.1,1.2,3.4,19.9,19.0,0.7,0.6,1.2,0.078,-2.0,-0.8,-2.8,-0.2,,butleja01,2006
343,Jake Tsakalidis,26,MEM,C,51,19,732,17.3,0.632,0.0,0.527,13.1,22.0,17.6,3.2,1.1,3.5,16.1,16.1,1.5,1.4,2.8,0.186,-0.9,0.4,-0.5,0.3,,tsakaja01,2006
344,Carlos Delfino,23,DET,SG,68,1,726,10.6,0.483,0.265,0.296,4.5,14.1,9.3,9.7,1.6,1.5,12.4,19.1,0.0,1.0,1.0,0.067,-3.3,0.4,-2.9,-0.2,,delfica01,2006
345,Hakim Warrick,23,MEM,PF,68,2,724,11.0,0.499,0.0,0.504,7.3,16.8,12.1,7.5,1.1,2.3,16.7,22.5,-0.3,1.1,0.8,0.053,-4.9,-0.1,-5.0,-0.5,,warriha01,2006
346,Scott Padgett,29,NJN,PF,62,1,718,12.5,0.489,0.602,0.169,9.0,18.1,13.5,9.5,2.1,1.4,8.9,15.5,0.6,1.3,1.8,0.123,-0.9,0.8,-0.2,0.3,,padgesc01,2006
347,Malik Allen,27,CHI,PF,54,20,701,11.5,0.504,0.004,0.154,7.2,15.7,11.5,4.9,1.0,1.8,11.4,19.2,0.0,1.0,1.0,0.068,-3.0,0.3,-2.7,-0.1,,allenma01,2006
348,Mark Madsen,30,MIN,C,62,7,676,5.3,0.427,0.106,0.712,9.1,15.7,12.5,2.4,1.8,1.9,23.1,7.9,-0.3,0.9,0.6,0.043,-5.7,0.9,-4.8,-0.5,,madsema01,2006
349,Tim Thomas,28,2TM,SF,29,10,666,12.2,0.535,0.424,0.16,3.8,17.8,10.9,4.4,1.2,0.7,10.5,21.1,0.2,0.7,0.9,0.065,-1.7,-1.4,-3.1,-0.2,,thomati01,2006
350,Tim Thomas,28,CHI,SF,3,0,32,8.5,0.406,0.375,0.0,0.0,14.3,7.2,11.0,0.0,2.4,5.9,24.0,-0.1,0.0,0.0,-0.031,-1.5,-0.6,-2.1,0.0,,thomati01,2006
351,Tim Thomas,28,PHO,PF,26,10,634,12.4,0.543,0.427,0.171,3.9,18.0,11.1,4.1,1.3,0.7,10.8,21.0,0.2,0.7,0.9,0.069,-1.7,-1.5,-3.2,-0.2,,thomati01,2006
352,Jason Kapono,24,MIA,SF,51,2,665,9.0,0.54,0.299,0.186,2.2,10.0,6.3,8.6,0.6,0.3,9.5,14.7,0.7,0.5,1.2,0.085,-2.3,-0.5,-2.8,-0.1,,kaponja01,2006
353,Ryan Bowen,30,HOU,SF,68,19,652,4.0,0.338,0.177,0.113,5.7,10.1,7.9,5.9,1.8,0.8,9.1,10.5,-0.6,0.8,0.2,0.012,-5.8,0.7,-5.1,-0.5,,bowenry01,2006
354,Jannero Pargo,26,CHI,PG,57,0,646,9.9,0.455,0.353,0.072,1.4,9.4,5.4,24.8,1.9,0.2,16.8,25.3,-0.9,0.8,-0.1,-0.008,-2.2,-0.2,-2.4,-0.1,,pargoja01,2006
355,Shandon Anderson,32,MIA,SF,48,1,638,6.2,0.47,0.151,0.143,3.5,11.1,7.5,6.9,1.4,0.7,15.2,11.4,-0.1,0.7,0.5,0.039,-4.1,0.4,-3.7,-0.3,,andersh01,2006
356,Matt Barnes,25,2TM,SF,56,5,631,10.7,0.545,0.107,0.336,8.9,13.7,11.3,7.0,1.6,0.8,15.7,13.8,0.5,0.4,1.0,0.075,-3.0,-0.1,-3.1,-0.2,,barnema02,2006
357,Matt Barnes,25,NYK,SF,6,5,93,9.8,0.409,0.133,0.133,9.1,22.5,15.7,10.9,2.3,0.0,15.9,18.4,-0.1,0.1,0.0,-0.012,-2.3,1.1,-1.1,0.0,,barnema02,2006
358,Matt Barnes,25,PHI,PF,50,0,538,10.8,0.578,0.1,0.391,8.9,12.2,10.5,6.3,1.5,1.0,15.7,13.0,0.6,0.4,1.0,0.09,-3.1,-0.3,-3.4,-0.2,,barnema02,2006
359,Darrell Armstrong,37,DAL,PG,62,2,622,7.3,0.444,0.375,0.328,3.6,12.0,7.8,20.6,2.4,0.4,28.4,15.4,-0.7,0.7,0.0,0.003,-4.2,0.2,-4.0,-0.3,,armstda01,2006
360,Kris Humphries,20,UTA,PF,62,2,619,10.3,0.406,0.025,0.32,10.9,20.0,15.4,8.6,2.0,2.2,11.8,19.7,-0.6,0.8,0.2,0.019,-4.0,-0.5,-4.5,-0.4,,humphkr01,2006
361,Grant Hill,33,ORL,SF,21,17,613,19.0,0.552,0.033,0.42,3.1,12.7,8.1,14.6,2.1,0.8,10.8,24.9,1.1,0.6,1.7,0.13,1.5,0.0,1.5,0.5,,hillgr01,2006
362,Rafael Araújo,25,TOR,C,52,34,601,4.5,0.385,0.007,0.193,8.4,21.5,14.6,3.7,2.1,0.8,21.1,15.3,-1.2,0.4,-0.8,-0.066,-6.7,-1.0,-7.7,-0.9,,araujra01,2006
363,Zoran Planinić,23,NJN,PG,56,1,596,6.9,0.45,0.306,0.361,2.7,12.0,7.3,15.0,1.8,0.5,16.9,20.2,-0.8,0.8,0.1,0.005,-6.1,0.4,-5.7,-0.6,,planizo01,2006
364,Pape Sow,24,TOR,C,42,25,590,9.5,0.496,0.0,0.463,10.7,19.9,15.1,2.0,1.9,2.5,16.8,14.0,0.2,0.4,0.6,0.045,-4.9,-0.9,-5.8,-0.6,,sowpa01,2006
365,Anthony Carter,30,MIN,PG,45,8,589,10.6,0.465,0.109,0.401,1.9,10.5,6.3,26.9,2.2,1.2,19.9,16.2,-0.1,0.7,0.6,0.047,-3.5,1.2,-2.2,0.0,,cartean01,2006
366,Beno Udrih,23,SAS,PG,54,3,586,15.3,0.539,0.3,0.215,3.7,6.7,5.2,27.3,1.3,0.2,17.2,25.1,0.5,0.8,1.3,0.109,0.2,-1.2,-1.0,0.1,,udrihbe01,2006
367,Mikki Moore,30,SEA,C,47,1,583,8.6,0.509,0.016,0.5,9.0,18.1,13.5,6.8,0.6,2.0,20.9,14.7,0.1,0.0,0.1,0.006,-3.9,-1.5,-5.5,-0.5,,mooremi01,2006
368,Lamond Murray,32,NJN,SF,57,1,576,10.8,0.493,0.431,0.221,5.8,21.3,13.4,3.9,1.6,1.0,10.0,18.0,-0.1,1.0,0.9,0.076,-2.8,-0.2,-3.0,-0.1,,murrala01,2006
369,Antonio Burks,25,MEM,PG,57,1,570,5.1,0.367,0.042,0.16,0.9,7.0,3.9,22.1,2.0,0.0,18.9,16.2,-1.1,0.7,-0.4,-0.033,-6.4,-0.4,-6.8,-0.7,,burksan01,2006
370,Chris Andersen,27,NOK,C,32,2,570,14.1,0.562,0.0,1.051,12.4,20.2,16.2,1.7,0.8,5.9,15.4,13.9,0.6,0.7,1.3,0.112,-2.0,0.9,-1.2,0.1,,anderch01,2006
371,Alan Anderson,23,CHA,SF,36,7,564,10.4,0.52,0.32,0.227,4.4,10.3,7.2,9.3,1.0,0.6,13.9,18.2,0.2,0.3,0.4,0.037,-1.7,-1.7,-3.3,-0.2,,anderal01,2006
372,Chuck Hayes,22,HOU,PF,40,0,535,18.0,0.589,0.01,0.429,14.9,24.1,19.6,4.6,2.6,2.1,8.8,12.2,1.2,1.1,2.4,0.212,0.2,1.6,1.8,0.5,,hayesch01,2006
373,Alan Henderson,33,CLE,C,51,3,531,12.2,0.564,0.0,0.538,13.3,17.3,15.3,2.9,0.9,1.7,16.3,11.7,0.7,0.6,1.3,0.116,-1.3,-0.8,-2.1,0.0,,hendeal01,2006
374,Linton Johnson,25,2TM,SF,36,7,524,10.1,0.476,0.242,0.181,8.9,19.1,13.8,4.5,1.2,1.9,14.8,16.8,-0.2,0.6,0.4,0.036,-3.0,-1.1,-4.1,-0.3,,johnsli01,2006
375,Linton Johnson,25,NJN,SF,9,0,35,4.4,0.468,0.0,0.4,0.0,23.8,11.7,10.2,3.1,0.0,25.4,21.2,-0.1,0.1,0.0,-0.065,-9.0,1.8,-7.2,0.0,,johnsli01,2006
376,Linton Johnson,25,NOK,SF,27,7,489,10.5,0.476,0.259,0.165,9.5,18.8,14.0,4.1,1.1,2.0,13.9,16.5,-0.1,0.5,0.4,0.043,-2.5,-1.3,-3.9,-0.2,,johnsli01,2006
377,Linas Kleiza,21,DEN,PF,61,2,519,13.2,0.51,0.075,0.468,8.7,17.4,13.1,4.6,1.0,1.9,7.1,19.4,0.6,0.6,1.2,0.111,-2.9,-0.8,-3.7,-0.2,,kleizli01,2006
378,Jarvis Hayes,24,WAS,SG,21,13,516,12.2,0.499,0.257,0.164,4.2,13.2,8.6,8.7,1.6,0.2,10.1,18.8,0.3,0.4,0.7,0.065,-0.9,-0.5,-1.4,0.1,,hayesja01,2006
379,Jim Jackson,35,2TM,SF,40,1,512,3.0,0.365,0.463,0.081,2.4,14.0,8.3,9.1,1.2,0.8,17.4,17.6,-1.3,0.5,-0.8,-0.078,-6.2,-0.3,-6.5,-0.6,,jacksji01,2006
380,Jim Jackson,35,PHO,SF,27,1,420,3.2,0.367,0.488,0.101,3.0,13.7,8.5,9.6,1.2,1.0,18.2,17.6,-1.1,0.4,-0.7,-0.075,-6.2,0.2,-6.0,-0.4,,jacksji01,2006
381,Jim Jackson,35,LAL,SF,13,0,92,2.1,0.355,0.355,0.0,0.0,15.3,7.7,6.6,1.1,0.0,13.9,17.8,-0.2,0.1,-0.2,-0.089,-6.5,-2.4,-8.9,-0.2,,jacksji01,2006
382,Žarko Čabarkapa,24,GSW,PF,61,0,505,9.9,0.472,0.115,0.483,8.0,16.7,12.3,6.5,1.3,1.0,14.2,21.7,-0.2,0.5,0.3,0.031,-4.7,-0.6,-5.3,-0.4,,cabarza01,2006
383,Boštjan Nachbar,25,2TM,SF,36,13,502,7.2,0.448,0.455,0.282,1.8,12.6,7.1,8.9,1.7,0.8,12.0,18.6,-0.4,0.5,0.1,0.005,-4.4,-0.2,-4.6,-0.3,,nachbbo01,2006
384,Boštjan Nachbar,25,NOK,PF,25,13,405,7.3,0.451,0.46,0.29,1.1,13.6,7.2,8.9,1.7,1.0,12.5,18.4,-0.3,0.4,0.0,0.002,-3.9,0.2,-3.8,-0.2,,nachbbo01,2006
385,Boštjan Nachbar,25,NJN,SF,11,0,97,6.9,0.436,0.438,0.25,4.8,8.6,6.6,8.9,1.7,0.0,10.1,19.2,-0.1,0.1,0.0,0.016,-6.4,-1.7,-8.1,-0.1,,nachbbo01,2006
386,Esteban Batista,22,ATL,PF,57,3,495,7.1,0.489,0.013,0.663,14.4,20.7,17.5,2.1,1.6,1.7,26.9,13.0,-0.2,0.3,0.1,0.011,-6.2,-1.7,-7.9,-0.7,,batises01,2006
387,Fabricio Oberto,30,SAS,C,59,0,490,9.3,0.491,0.022,0.29,14.1,15.5,14.8,8.3,1.0,1.6,21.1,12.9,0.2,0.9,1.1,0.105,-4.3,1.1,-3.2,-0.2,,obertfa01,2006
388,Shavlik Randolph,22,PHI,PF,57,1,487,12.6,0.511,0.0,0.732,13.2,18.8,16.0,5.9,2.0,1.9,14.1,14.0,0.5,0.5,1.1,0.105,-2.5,-0.4,-2.9,-0.1,,randosh01,2006
389,Jeff McInnis,31,NJN,SG,28,1,486,9.2,0.478,0.112,0.203,2.6,9.5,6.0,18.7,1.2,0.3,15.7,17.9,-0.2,0.6,0.3,0.031,-2.9,-0.3,-3.3,-0.2,,mcinnje01,2006
390,Donell Taylor,23,WAS,SG,51,1,465,10.1,0.452,0.125,0.316,3.9,9.5,6.6,15.2,3.4,0.7,18.0,18.1,-0.3,0.5,0.2,0.017,-3.5,1.1,-2.4,0.0,,taylodo01,2006
391,Voshon Lenard,32,2TM,SG,26,6,458,10.9,0.467,0.408,0.162,1.3,10.8,6.1,15.6,2.4,0.7,13.2,23.7,-0.5,0.3,-0.1,-0.013,-1.9,-0.3,-2.2,0.0,,lenarvo01,2006
392,Voshon Lenard,32,DEN,SG,12,6,238,10.1,0.455,0.34,0.126,1.0,12.6,6.9,12.7,1.7,0.6,9.2,22.5,-0.2,0.2,0.0,0.005,-2.1,0.3,-1.8,0.0,,lenarvo01,2006
393,Voshon Lenard,32,POR,SG,14,0,220,11.8,0.48,0.489,0.205,1.6,8.9,5.2,18.8,3.2,0.7,17.3,25.0,-0.3,0.1,-0.1,-0.031,-1.7,-0.9,-2.7,0.0,,lenarvo01,2006
394,Calbert Cheaney,34,GSW,SF,42,0,448,6.0,0.412,0.074,0.074,4.9,10.5,7.6,6.6,1.5,0.3,13.2,12.8,-0.3,0.3,0.0,0.0,-4.7,-0.1,-4.8,-0.3,,cheanca01,2006
395,Josh Powell,23,DAL,PF,37,2,429,9.2,0.546,0.0,0.556,8.0,14.6,11.4,3.2,0.9,0.7,17.9,13.4,0.3,0.4,0.7,0.079,-2.7,-0.9,-3.6,-0.2,,poweljo01,2006
396,Moochie Norris,32,2TM,PG,45,0,424,10.1,0.479,0.125,0.375,3.4,11.7,7.5,20.1,2.6,0.2,20.2,18.2,-0.3,0.5,0.3,0.029,-4.2,1.3,-3.0,-0.1,,norrimo01,2006
397,Moochie Norris,32,HOU,PG,29,0,241,10.4,0.448,0.077,0.262,4.5,12.0,8.3,20.9,3.2,0.3,18.1,17.5,-0.2,0.4,0.2,0.046,-4.6,2.6,-1.9,0.0,,norrimo01,2006
398,Moochie Norris,32,NOK,PG,16,0,183,9.6,0.517,0.191,0.532,1.9,11.4,6.5,19.0,1.8,0.0,22.7,19.1,-0.1,0.1,0.0,0.006,-3.8,-0.6,-4.3,-0.1,,norrimo01,2006
399,Wayne Simien,22,MIA,PF,43,2,414,11.5,0.541,0.0,0.283,11.3,13.6,12.5,2.7,1.6,0.2,15.1,17.7,0.4,0.5,0.8,0.096,-3.6,-0.7,-4.3,-0.2,,simiewa01,2006
400,Željko Rebrača,33,LAC,C,29,2,412,10.7,0.592,0.0,0.427,3.8,13.8,9.0,3.5,0.6,3.5,17.4,15.5,0.2,0.5,0.7,0.086,-3.7,0.9,-2.8,-0.1,,rebraze01,2006
401,Jerome James,30,NYK,C,45,9,406,6.3,0.494,0.0,0.331,11.6,15.7,13.6,5.2,0.4,4.6,26.9,21.2,-0.7,0.2,-0.5,-0.062,-8.2,-1.1,-9.3,-0.8,,jamesje01,2006
402,Jackson Vroman,24,NOK,PF,41,2,406,5.9,0.428,0.0,0.667,9.4,16.0,12.6,4.2,1.6,2.2,19.7,12.2,-0.3,0.4,0.1,0.014,-6.2,0.5,-5.7,-0.4,,vromaja01,2006
403,Brian Cardinal,28,MEM,PF,36,0,402,10.0,0.505,0.261,0.243,3.4,13.1,8.3,14.2,3.2,0.0,18.0,18.1,-0.1,0.7,0.6,0.074,-4.6,1.7,-2.9,-0.1,,cardibr01,2006
404,Lonny Baxter,27,2TM,PF,41,0,400,11.9,0.494,0.0,0.337,13.2,21.3,17.1,1.7,1.5,1.6,14.3,16.2,0.1,0.6,0.7,0.088,-3.7,-0.8,-4.5,-0.2,,baxtelo01,2006
405,Lonny Baxter,27,HOU,C,23,0,281,13.1,0.51,0.0,0.264,16.1,18.9,17.5,1.3,1.7,2.0,13.9,15.8,0.2,0.5,0.7,0.119,-3.6,-0.6,-4.2,-0.1,,baxtelo01,2006
406,Lonny Baxter,27,CHA,PF,18,0,119,9.2,0.461,0.0,0.5,6.4,27.1,16.1,2.6,0.9,0.7,15.2,17.2,-0.1,0.1,0.0,0.014,-3.8,-1.3,-5.2,-0.1,,baxtelo01,2006
407,Sean May,21,CHA,PF,23,1,398,15.3,0.474,0.029,0.374,11.5,20.9,15.9,9.7,2.2,2.3,14.2,25.9,-0.1,0.5,0.4,0.047,-2.0,-0.6,-2.6,0.0,,mayse01,2006
408,Howard Eisley,33,2TM,PG,32,0,394,9.2,0.445,0.408,0.233,0.9,8.7,4.9,25.6,1.4,0.4,15.6,15.4,0.0,0.3,0.3,0.037,-2.6,-0.2,-2.7,-0.1,,eisleho01,2006
409,Howard Eisley,33,LAC,PG,13,0,112,7.2,0.265,0.235,0.0,1.1,12.9,7.3,31.0,1.4,0.0,15.0,8.3,0.0,0.1,0.1,0.04,-3.8,1.5,-2.3,0.0,,eisleho01,2006
410,Howard Eisley,33,DEN,PG,19,0,282,10.0,0.476,0.442,0.279,0.8,7.0,3.9,23.4,1.4,0.5,15.7,18.2,0.0,0.2,0.2,0.036,-2.1,-0.8,-2.9,-0.1,,eisleho01,2006
411,Stacey Augmon,37,ORL,SF,36,3,385,7.6,0.412,0.0,0.411,5.9,10.9,8.5,9.0,1.7,1.2,11.3,12.0,0.0,0.3,0.3,0.033,-2.7,0.6,-2.1,0.0,,augmost01,2006
412,Tony Delk,32,2TM,SG,24,0,385,16.1,0.526,0.292,0.168,4.3,12.2,8.2,15.2,1.9,0.2,9.9,23.7,0.4,0.5,0.9,0.112,0.4,-0.5,-0.1,0.2,,delkto01,2006
413,Tony Delk,32,ATL,SG,1,0,7,16.1,0.532,0.0,2.0,16.7,17.7,17.2,0.0,0.0,0.0,0.0,12.2,0.0,0.0,0.0,0.171,1.1,-3.3,-2.2,0.0,,delkto01,2006
414,Tony Delk,32,DET,PG,23,0,378,16.1,0.526,0.294,0.156,4.0,12.1,8.0,15.5,1.9,0.2,10.0,23.9,0.4,0.5,0.9,0.111,0.4,-0.5,-0.1,0.2,,delkto01,2006
415,Gerald Green,20,BOS,SG,32,3,374,13.1,0.541,0.145,0.268,3.3,9.9,6.7,8.5,1.8,0.8,12.5,21.7,0.2,0.3,0.5,0.064,-2.3,-1.2,-3.5,-0.1,,greenge01,2006
416,Michael Doleac,28,MIA,C,31,3,371,9.9,0.484,0.0,0.341,7.6,18.9,13.5,3.2,1.4,1.4,12.2,14.3,0.1,0.5,0.6,0.079,-3.6,-0.4,-3.9,-0.2,,doleami01,2006
417,Antoine Wright,21,NJN,SG,39,0,370,0.7,0.386,0.185,0.272,2.5,7.1,4.8,5.2,0.6,0.7,18.8,14.2,-0.8,0.3,-0.5,-0.062,-7.9,-0.9,-8.8,-0.6,,wrighan01,2006
418,Michael Bradley,26,PHI,PF,46,1,367,8.4,0.417,0.063,0.038,12.7,21.4,17.1,6.9,0.7,1.4,19.1,12.3,-0.2,0.3,0.1,0.019,-3.2,-1.4,-4.6,-0.2,,bradlmi01,2006
419,Corliss Williamson,32,SAC,SF,37,0,362,8.1,0.506,0.019,0.476,6.9,14.7,10.8,6.2,1.0,0.8,19.4,19.6,-0.2,0.4,0.2,0.021,-5.1,-0.8,-5.9,-0.4,,willico02,2006
420,Bo Outlaw,34,ORL,PF,32,0,355,11.8,0.61,0.0,0.138,11.1,15.6,13.4,6.2,1.5,2.7,21.7,10.5,0.4,0.4,0.7,0.101,-1.5,1.1,-0.4,0.2,,outlabo01,2006
421,Walter McCarty,31,LAC,SF,36,1,353,5.9,0.407,0.455,0.212,5.2,16.7,11.2,9.8,1.2,1.1,14.9,16.7,-0.5,0.5,0.0,-0.001,-4.7,0.0,-4.7,-0.2,,mccarwa01,2006
422,Ira Newble,31,CLE,SG,36,3,353,4.0,0.375,0.228,0.281,7.0,11.9,9.4,3.7,0.8,2.2,15.8,10.0,-0.3,0.3,0.1,0.009,-5.3,0.1,-5.2,-0.3,,newblir01,2006
423,Lindsey Hunter,35,DET,PG,30,1,353,10.5,0.427,0.43,0.04,3.3,10.2,6.7,27.1,3.0,0.2,16.4,16.4,0.0,0.5,0.5,0.066,-3.6,2.0,-1.6,0.0,,hunteli01,2006
424,Vitaly Potapenko,30,2TM,C,33,12,353,7.4,0.535,0.0,0.239,9.1,12.8,10.9,3.9,0.3,0.4,16.9,12.0,0.2,-0.1,0.1,0.012,-3.7,-3.0,-6.7,-0.4,,potapvi01,2006
425,Vitaly Potapenko,30,SEA,C,24,12,321,7.4,0.518,0.0,0.266,9.6,13.7,11.7,3.2,0.3,0.5,16.4,11.9,0.2,-0.1,0.0,0.006,-3.6,-3.2,-6.8,-0.4,,potapvi01,2006
426,Vitaly Potapenko,30,SAC,C,9,0,32,8.2,0.714,0.0,0.0,3.7,3.6,3.7,10.6,0.0,0.0,22.2,12.9,0.0,0.0,0.0,0.068,-4.8,-1.3,-6.1,0.0,,potapvi01,2006
427,Eric Williams,33,TOR,SF,28,11,352,6.8,0.496,0.24,0.507,3.3,14.5,8.7,6.3,1.0,0.4,14.1,14.0,0.0,0.0,0.1,0.011,-4.3,-1.4,-5.7,-0.3,,willier01,2006
428,Mike Wilks,26,2TM,PG,47,0,348,5.8,0.398,0.211,0.456,3.1,10.4,6.7,13.9,2.1,0.2,18.2,17.3,-0.5,0.2,-0.3,-0.042,-5.7,-0.1,-5.8,-0.3,,wilksmi01,2006
429,Mike Wilks,26,CLE,PG,37,0,243,2.0,0.327,0.237,0.203,2.9,10.3,6.6,11.2,1.8,0.3,18.9,15.1,-0.6,0.2,-0.4,-0.075,-7.6,0.1,-7.5,-0.3,,wilksmi01,2006
430,Mike Wilks,26,SEA,PG,10,0,105,14.6,0.503,0.161,0.935,3.4,10.5,6.9,20.2,3.0,0.0,17.1,22.5,0.1,0.0,0.1,0.035,-1.3,-0.4,-1.7,0.0,,wilksmi01,2006
431,Pat Burke,32,PHO,C,42,0,346,9.9,0.517,0.055,0.165,6.9,16.3,11.7,6.8,0.9,2.6,19.5,21.9,-0.3,0.4,0.1,0.009,-6.1,-0.1,-6.2,-0.4,,burkepa01,2006
432,Sergei Monia,22,2TM,SF,26,15,343,6.3,0.413,0.391,0.161,3.8,14.6,9.1,8.9,1.1,1.1,11.4,14.5,-0.3,0.1,-0.2,-0.025,-4.2,-1.1,-5.3,-0.3,,moniase01,2006
433,Sergei Monia,22,POR,SF,23,15,336,6.2,0.415,0.388,0.141,3.9,14.5,9.1,9.1,1.0,1.1,11.7,14.4,-0.2,0.1,-0.2,-0.026,-4.1,-1.2,-5.3,-0.3,,moniase01,2006
434,Sergei Monia,22,SAC,SF,3,0,7,12.1,0.347,0.5,1.0,0.0,16.5,8.4,0.0,7.5,0.0,0.0,18.9,0.0,0.0,0.0,0.062,-6.6,2.0,-4.6,0.0,,moniase01,2006
435,Jon Barry,36,HOU,SG,20,0,342,8.5,0.553,0.492,0.446,0.3,10.1,5.3,12.5,2.1,0.2,22.1,13.9,0.0,0.4,0.4,0.055,-3.0,1.5,-1.5,0.0,,barryjo01,2006
436,Richie Frahm,28,2TM,SG,33,0,342,9.4,0.517,0.7,0.1,1.1,10.2,5.7,10.2,0.6,0.4,7.1,15.6,0.2,0.3,0.5,0.071,-1.4,-0.8,-2.2,0.0,,frahmri01,2006
437,Richie Frahm,28,MIN,SG,25,0,225,8.9,0.491,0.738,0.077,1.6,10.4,6.1,10.7,0.7,0.7,5.6,15.0,0.1,0.2,0.3,0.065,-1.6,-0.6,-2.2,0.0,,frahmri01,2006
438,Richie Frahm,28,HOU,SG,8,0,117,10.4,0.565,0.629,0.143,0.0,9.9,5.0,9.2,0.5,0.0,9.7,16.8,0.1,0.1,0.2,0.082,-1.1,-1.1,-2.2,0.0,,frahmri01,2006
439,Kevin Burleson,26,CHA,PG,39,1,340,5.1,0.367,0.614,0.193,1.3,8.0,4.4,20.8,3.9,0.5,20.8,15.7,-0.6,0.4,-0.2,-0.032,-7.8,1.6,-6.2,-0.4,,burleke01,2006
440,Darrick Martin,34,TOR,PG,40,0,339,11.5,0.474,0.412,0.247,0.7,6.8,3.6,25.7,2.6,0.0,12.2,16.7,0.3,0.1,0.4,0.052,-1.6,-0.5,-2.1,0.0,,martida01,2006
441,Andrew Bynum,18,LAL,C,46,0,338,7.4,0.394,0.0,0.329,11.9,16.0,13.9,4.1,0.6,5.0,15.3,15.0,-0.4,0.4,0.1,0.007,-6.1,-0.8,-6.9,-0.4,,bynuman01,2006
442,Kelvin Cato,31,2TM,C,27,0,333,9.3,0.493,0.0,0.417,7.6,18.0,12.9,1.9,1.0,2.8,15.3,16.7,0.0,0.4,0.3,0.045,-4.9,-0.3,-5.2,-0.3,,catoke01,2006
443,Kelvin Cato,31,ORL,C,23,0,299,9.4,0.503,0.0,0.486,8.1,17.7,13.0,1.1,1.1,2.6,15.5,16.4,0.0,0.3,0.3,0.052,-4.7,-0.2,-4.9,-0.2,,catoke01,2006
444,Kelvin Cato,31,DET,C,4,0,34,7.7,0.417,0.0,0.0,3.5,21.2,12.2,9.7,0.0,4.3,14.3,19.6,-0.1,0.1,0.0,-0.013,-6.6,-0.8,-7.5,0.0,,catoke01,2006
445,Loren Woods,27,TOR,C,27,4,324,12.3,0.476,0.017,0.237,15.9,26.0,20.8,1.8,1.5,5.6,19.7,11.6,0.1,0.3,0.4,0.064,-2.6,0.2,-2.4,0.0,,woodslo01,2006
446,Luke Jackson,24,CLE,SF,36,0,315,7.9,0.482,0.424,0.388,6.0,9.1,7.5,12.4,1.9,0.5,23.8,19.2,-0.3,0.3,0.0,-0.003,-3.3,-0.7,-4.0,-0.2,,jackslu02,2006
447,John Edwards,24,ATL,C,40,4,296,6.4,0.508,0.0,0.172,7.1,12.5,9.7,2.7,0.5,3.9,14.8,12.4,0.1,0.1,0.2,0.026,-6.2,-0.2,-6.4,-0.3,,edwarjo01,2006
448,Andre Barrett,23,2TM,PG,19,0,282,11.3,0.398,0.135,0.115,3.7,7.1,5.4,29.5,1.9,0.0,12.1,20.3,-0.1,0.0,-0.1,-0.019,-1.7,-2.0,-3.6,-0.1,,barrean01,2006
449,Andre Barrett,23,PHO,PG,2,0,21,14.1,0.541,0.143,0.429,5.4,10.3,7.9,13.3,0.0,0.0,10.7,19.9,0.0,0.0,0.0,0.109,0.5,-2.4,-1.9,0.0,,barrean01,2006
450,Andre Barrett,23,TOR,PG,17,0,261,11.0,0.386,0.134,0.093,3.6,6.8,5.2,30.9,2.0,0.0,12.2,20.4,-0.2,0.0,-0.2,-0.029,-1.9,-1.9,-3.8,-0.1,,barrean01,2006
451,Laron Profit,28,LAL,SG,25,1,279,11.8,0.55,0.214,0.286,3.4,14.7,9.1,8.8,2.1,1.4,20.2,19.4,0.0,0.3,0.3,0.05,-2.2,0.4,-1.8,0.0,,profila01,2006
452,Danny Fortson,29,SEA,C,23,1,276,8.5,0.622,0.0,0.843,13.4,20.9,17.1,1.1,0.8,0.6,27.1,15.6,0.2,0.0,0.2,0.038,-6.2,-2.9,-9.1,-0.5,,fortsda01,2006
453,Brandon Bass,20,NOK,PF,29,1,268,9.1,0.434,0.0,0.271,7.8,22.8,15.1,1.8,0.6,2.2,12.3,15.6,-0.2,0.3,0.1,0.013,-3.6,-1.4,-5.0,-0.2,,bassbr01,2006
454,Ronald Dupree,25,MIN,SF,36,0,265,10.4,0.494,0.016,0.651,9.8,12.4,11.1,8.8,2.4,0.0,14.7,17.0,0.0,0.3,0.3,0.056,-4.1,0.2,-3.8,-0.1,,duprero01,2006
455,Calvin Booth,29,WAS,C,33,2,250,8.9,0.451,0.043,0.191,8.6,15.8,12.1,7.2,1.9,2.8,13.6,10.5,0.1,0.3,0.4,0.07,-3.7,1.3,-2.3,0.0,,boothca01,2006
456,Brian Grant,33,PHO,C,21,2,248,6.6,0.445,0.0,0.123,5.0,20.1,12.8,3.8,1.0,0.8,9.3,13.6,-0.1,0.3,0.2,0.041,-5.8,-0.2,-6.0,-0.3,,grantbr01,2006
457,Travis Diener,23,ORL,PG,23,0,246,12.6,0.614,0.826,0.087,2.1,8.3,5.3,10.6,1.5,0.0,12.2,15.7,0.5,0.1,0.6,0.115,1.3,-0.4,0.9,0.2,,dienetr01,2006
458,Rick Brunson,33,2TM,PG,27,0,246,6.3,0.455,0.241,0.222,0.5,9.9,5.3,23.4,1.8,0.3,27.1,15.6,-0.4,0.2,-0.1,-0.025,-4.9,-0.2,-5.2,-0.2,,brunsri01,2006
459,Rick Brunson,33,SEA,PG,4,0,31,7.8,0.625,0.125,0.0,0.0,7.9,3.9,10.5,0.0,0.0,27.3,15.9,0.0,0.0,0.0,-0.058,-3.7,-3.6,-7.2,0.0,,brunsri01,2006
460,Rick Brunson,33,HOU,PG,23,0,215,6.1,0.429,0.261,0.261,0.6,10.2,5.5,25.2,2.0,0.4,27.0,15.6,-0.4,0.3,-0.1,-0.02,-5.1,0.2,-4.9,-0.2,,brunsri01,2006
461,Rawle Marshall,23,DAL,SF,23,9,241,10.1,0.488,0.05,0.483,4.1,11.3,7.7,6.5,1.8,2.2,17.1,17.0,-0.1,0.3,0.2,0.043,-1.8,0.0,-1.8,0.0,,marshra01,2006
462,Gerald Fitch,23,MIA,PG,18,1,239,10.2,0.424,0.292,0.258,3.6,10.9,7.4,21.5,1.5,1.6,13.1,22.0,-0.1,0.3,0.1,0.026,-3.2,-0.3,-3.5,-0.1,,fitchge01,2006
463,D.J. Mbenga,25,DAL,C,43,1,237,13.4,0.538,0.017,0.333,9.8,18.4,14.2,1.4,1.4,8.1,18.9,16.7,0.0,0.4,0.5,0.092,-4.7,2.1,-2.6,0.0,,mbengdj01,2006
464,Lee Nailon,30,PHI,PF,22,0,237,14.5,0.537,0.0,0.188,11.3,9.4,10.4,5.0,1.7,1.3,10.4,18.6,0.3,0.2,0.5,0.096,-1.4,-1.3,-2.7,0.0,,nailole01,2006
465,Dan Dickau,27,BOS,PG,19,0,234,10.4,0.575,0.435,0.391,2.7,5.6,4.2,25.5,2.4,0.3,25.0,14.1,0.3,0.2,0.4,0.09,-2.6,0.2,-2.4,0.0,,dickada01,2006
466,Mateen Cleaves,28,SEA,PG,27,0,230,9.1,0.448,0.225,0.338,1.0,6.4,3.7,27.4,0.7,0.7,14.7,18.6,0.1,-0.1,0.0,-0.005,-2.0,-3.0,-5.0,-0.2,,cleavma01,2006
467,Eric Piatkowski,35,CHI,SG,29,1,228,6.2,0.467,0.541,0.082,2.0,9.5,5.8,8.8,1.4,0.3,14.8,14.7,-0.2,0.2,0.1,0.018,-3.8,0.5,-3.4,-0.1,,piatker01,2006
468,Mario Kasun,25,ORL,C,28,0,213,8.9,0.506,0.0,0.333,14.3,20.3,17.4,2.4,0.5,1.1,15.9,20.9,0.1,0.2,0.3,0.059,-7.2,-1.8,-9.0,-0.4,,kasunma01,2006
469,Ha Seung-Jin,20,POR,C,27,4,212,6.9,0.572,0.0,0.548,7.8,20.2,13.9,0.8,0.8,2.9,26.7,11.7,-0.1,0.1,0.0,0.003,-6.5,-0.7,-7.1,-0.3,,seungha01,2006
470,Robert Whaley,23,UTA,C,23,0,212,7.6,0.411,0.0,0.105,9.1,15.6,12.3,13.8,1.8,3.1,19.0,16.1,-0.2,0.3,0.0,0.004,-5.6,0.5,-5.1,-0.2,,whalero01,2006
471,Andre Owens,25,UTA,PG,23,2,210,5.2,0.421,0.216,0.243,6.3,5.8,6.1,6.8,1.3,0.0,13.7,20.9,-0.3,0.1,-0.2,-0.047,-6.0,-2.3,-8.3,-0.3,,owensan01,2006
472,Charles Smith,30,2TM,SG,22,4,210,12.0,0.53,0.528,0.111,1.7,7.6,4.6,7.6,1.3,2.2,5.0,17.9,0.2,0.0,0.3,0.06,-0.6,-1.1,-1.7,0.0,,smithch04,2006
473,Charles Smith,30,POR,SG,21,4,208,12.4,0.537,0.521,0.113,1.7,7.6,4.6,7.7,1.3,2.2,5.1,17.9,0.3,0.0,0.3,0.066,-0.4,-1.0,-1.4,0.0,,smithch04,2006
474,Charles Smith,30,DEN,SG,1,0,2,-28.1,0.0,1.0,0.0,0.0,0.0,0.0,0.0,0.0,0.0,0.0,22.4,0.0,0.0,0.0,-0.511,-24.5,-8.1,-32.6,0.0,,smithch04,2006
475,C.J. Miles,18,UTA,PG,23,0,203,13.8,0.456,0.263,0.316,10.7,12.0,11.3,14.3,1.9,0.8,9.4,21.8,0.1,0.2,0.3,0.076,-0.2,-1.6,-1.8,0.0,,milescj01,2006
476,Jermaine Jackson,29,MIL,PG,30,2,202,8.2,0.544,0.154,0.538,4.6,11.4,7.9,17.8,1.0,0.4,28.8,10.2,0.1,0.1,0.2,0.047,-2.6,-0.1,-2.7,0.0,,jacksje01,2006
477,Terence Morris,27,ORL,SF,22,0,192,5.1,0.348,0.041,0.061,4.0,20.0,12.2,3.2,1.7,2.1,12.2,14.1,-0.4,0.2,-0.1,-0.031,-5.0,0.6,-4.4,-0.1,,morrite01,2006
478,Doug Christie,35,DAL,SG,7,7,185,6.8,0.416,0.038,0.462,1.3,7.0,4.2,10.9,2.7,0.4,16.1,9.4,-0.1,0.2,0.1,0.035,-2.7,1.6,-1.0,0.0,,chrisdo01,2006
479,Lawrence Roberts,23,MEM,C,33,0,181,13.8,0.471,0.045,0.523,17.6,15.3,16.4,4.8,2.5,0.9,8.5,15.9,0.2,0.3,0.5,0.144,-2.8,-0.1,-3.0,-0.1,,roberla01,2006
480,Sean Marks,30,SAS,PF,25,0,181,17.9,0.531,0.042,0.169,8.0,19.8,14.0,7.0,1.5,2.8,8.4,22.0,0.2,0.4,0.6,0.156,-1.1,1.0,-0.1,0.1,,marksse01,2006
481,Dale Davis,36,DET,C,28,2,178,9.9,0.425,0.042,0.625,13.9,21.6,17.7,4.8,0.0,3.7,11.6,9.2,0.1,0.3,0.4,0.108,-3.3,-0.2,-3.5,-0.1,,davisda01,2006
482,Andray Blatche,19,WAS,PF,29,0,175,10.1,0.45,0.194,0.179,7.7,17.8,12.6,9.5,1.5,3.1,14.2,21.5,-0.1,0.2,0.1,0.026,-4.9,-0.1,-5.0,-0.1,,blatcan01,2006
483,Stephen Graham,23,3TM,SG,22,0,175,6.9,0.479,0.185,0.278,3.4,14.8,9.1,6.9,1.5,0.9,17.7,19.6,-0.2,0.2,0.0,0.009,-6.0,0.3,-5.8,-0.2,,grahast01,2006
484,Stephen Graham,23,HOU,SG,6,0,38,9.7,0.479,0.313,0.25,3.1,18.2,10.8,15.0,2.9,0.0,22.0,28.6,-0.1,0.1,0.0,-0.034,-4.8,1.0,-3.7,0.0,,grahast01,2006
485,Stephen Graham,23,CHI,SG,3,0,20,2.4,0.425,0.8,0.4,0.0,17.1,8.6,7.1,0.0,0.0,14.5,15.5,0.0,0.0,0.0,-0.002,-6.3,-0.6,-7.0,0.0,,grahast01,2006
486,Stephen Graham,23,CLE,SG,13,0,117,6.7,0.487,0.03,0.273,4.0,13.3,8.6,4.2,1.4,1.3,15.9,17.4,-0.1,0.1,0.1,0.025,-6.4,0.2,-6.2,-0.1,,grahast01,2006
487,Will Bynum,23,GSW,PG,15,0,162,8.7,0.457,0.173,0.308,2.0,6.3,4.1,19.2,2.2,0.0,19.2,20.1,-0.2,0.1,-0.1,-0.021,-4.5,-0.5,-5.0,-0.1,,bynumwi01,2006
488,Ronny Turiaf,23,LAL,C,23,1,161,12.2,0.537,0.0,0.9,8.1,19.0,13.5,7.5,1.0,4.7,14.3,13.8,0.2,0.2,0.4,0.115,-3.8,1.1,-2.7,0.0,,turiaro01,2006
489,Jason Maxiell,22,DET,PF,26,0,159,8.0,0.414,0.0,0.778,8.9,12.1,10.5,3.1,1.4,2.3,13.2,24.9,-0.4,0.2,-0.2,-0.054,-6.4,-2.8,-9.2,-0.3,,maxieja01,2006
490,Willie Green,24,PHI,SG,10,2,153,8.6,0.513,0.288,0.076,0.8,10.7,5.7,5.7,0.7,0.0,15.0,23.9,-0.2,0.0,-0.1,-0.038,-2.7,-3.4,-6.1,-0.2,,greenwi01,2006
491,Boniface N'Dong,28,LAC,C,23,1,152,11.0,0.439,0.019,0.17,12.0,16.1,14.1,7.5,0.7,2.5,9.5,19.1,0.0,0.2,0.2,0.058,-3.8,-1.2,-5.0,-0.1,,ndongbo01,2006
492,Ronnie Price,22,SAC,PG,29,0,150,10.5,0.474,0.466,0.207,3.9,7.7,5.8,12.1,2.1,0.0,13.6,22.4,-0.1,0.1,0.1,0.021,-2.5,-0.7,-3.2,0.0,,pricero01,2006
493,James Thomas,25,2TM,PF,22,0,150,5.4,0.556,0.0,0.737,9.3,21.0,15.2,1.0,0.0,1.5,21.8,9.8,0.0,0.1,0.2,0.052,-6.1,-1.0,-7.1,-0.2,,thomaja02,2006
494,James Thomas,25,PHI,PF,15,0,124,4.1,0.574,0.0,1.077,7.5,21.7,14.6,1.2,0.0,1.8,26.8,9.6,0.0,0.1,0.1,0.033,-7.3,-0.8,-8.1,-0.2,,thomaja02,2006
495,James Thomas,25,CHI,PF,7,0,26,11.7,0.5,0.0,0.0,17.8,17.6,17.7,0.0,0.0,0.0,0.0,10.4,0.0,0.0,0.1,0.14,-0.6,-1.7,-2.3,0.0,,thomaja02,2006
496,Luke Schenscher,23,CHI,C,20,0,149,9.3,0.567,0.0,0.5,6.2,16.1,11.2,7.3,0.3,1.6,13.6,11.1,0.1,0.2,0.3,0.095,-3.0,1.3,-1.7,0.0,,schenlu01,2006
497,Lou Williams,19,PHI,PG,30,0,145,9.0,0.485,0.173,0.25,2.4,12.9,7.7,11.6,1.8,0.0,18.4,22.2,-0.2,0.1,-0.1,-0.036,-4.9,-1.4,-6.3,-0.2,,willilo02,2006
498,Chris Taft,20,GSW,C,17,0,144,15.6,0.578,0.0,0.158,14.4,13.5,13.9,2.4,0.7,3.6,4.7,13.2,0.3,0.1,0.5,0.155,-0.8,0.2,-0.7,0.0,,taftch01,2006
499,Eddie Basden,22,CHI,SF,19,0,141,10.3,0.471,0.189,0.27,5.7,17.0,11.4,8.8,3.3,1.1,17.9,16.1,-0.1,0.3,0.2,0.065,-3.9,3.2,-0.6,0.0,,basdeed01,2006
500,Devin Green,23,LAL,SG,27,0,135,4.7,0.336,0.071,0.75,8.7,12.2,10.5,7.3,1.2,0.0,11.8,14.3,-0.2,0.1,-0.1,-0.018,-5.1,-1.5,-6.5,-0.2,,greende01,2006
501,Arvydas Macijauskas,26,NOK,SG,19,0,135,8.3,0.462,0.293,0.366,2.6,6.3,4.4,6.1,2.8,0.0,14.4,19.2,-0.1,0.1,0.0,-0.001,-4.3,0.0,-4.2,-0.1,,macijar01,2006
502,Bracey Wright,21,MIN,SG,7,0,135,12.1,0.534,0.333,0.314,2.7,13.0,8.0,6.5,0.4,0.0,12.1,23.2,0.1,0.1,0.2,0.054,-0.5,-2.2,-2.7,0.0,,wrighbr02,2006
503,Dorell Wright,20,MIA,SF,20,2,132,13.2,0.574,0.14,0.395,1.9,25.6,14.3,9.8,1.2,0.6,21.7,22.6,0.0,0.2,0.2,0.064,-2.6,0.0,-2.6,0.0,,wrighdo01,2006
504,Billy Thomas,30,WAS,SG,17,0,131,9.8,0.465,0.75,0.05,4.3,8.2,6.2,10.6,4.0,0.6,12.8,16.0,0.0,0.2,0.2,0.063,-2.5,2.2,-0.2,0.1,,thomabi01,2006
505,Yaroslav Korolev,18,LAC,SF,24,0,127,4.8,0.392,0.233,0.333,4.8,7.0,5.9,10.3,1.2,0.0,14.9,14.7,-0.1,0.1,0.0,-0.013,-4.7,-0.9,-5.6,-0.1,,korolya01,2006
506,Donta Smith,22,ATL,SG,23,0,127,12.7,0.589,0.148,0.444,2.8,10.7,6.6,11.4,3.3,0.0,11.0,13.0,0.2,0.1,0.3,0.104,-3.1,1.2,-1.9,0.0,,smithdo04,2006
507,John Thomas,30,3TM,C,16,0,127,3.4,0.447,0.0,0.267,9.1,9.6,9.3,2.4,1.3,1.3,32.3,9.1,-0.1,0.1,0.0,-0.017,-6.5,-2.0,-8.5,-0.2,,thomajo02,2006
508,John Thomas,30,MEM,C,3,0,25,3.8,1.0,0.0,0.0,0.0,0.0,0.0,6.5,0.0,3.2,50.0,7.8,0.0,0.0,0.0,0.012,-5.6,0.1,-5.6,0.0,,thomajo02,2006
509,John Thomas,30,ATL,C,11,0,66,3.1,0.514,0.0,0.571,5.3,13.1,9.1,2.2,1.6,0.0,31.3,8.8,0.0,0.0,0.0,-0.023,-5.3,-1.2,-6.5,-0.1,,thomajo02,2006
510,John Thomas,30,NJN,C,2,0,36,3.5,0.167,0.0,0.0,22.5,9.9,16.3,0.0,1.5,2.2,25.0,10.5,-0.1,0.1,0.0,-0.027,-9.2,-4.9,-14.1,-0.1,,thomajo02,2006
511,Eddie Gill,27,IND,PG,41,0,122,9.9,0.408,0.511,0.511,0.0,13.8,7.1,15.8,4.8,0.6,14.0,24.5,-0.2,0.3,0.1,0.02,-4.6,3.5,-1.1,0.0,,gilled01,2006
512,Aaron McKie,33,LAL,PG,14,0,121,6.1,0.272,0.167,0.167,2.9,16.5,9.7,12.5,2.2,0.0,13.4,5.6,0.0,0.1,0.1,0.041,-4.5,2.1,-2.4,0.0,,mckieaa01,2006
513,Aaron Miles,22,GSW,PG,19,0,118,6.0,0.405,0.0,0.222,0.0,13.6,6.6,29.5,1.7,0.6,35.8,11.6,-0.2,0.1,0.0,-0.015,-5.7,0.8,-5.0,-0.1,,milesaa01,2006
514,Awvee Storey,28,WAS,SF,25,1,116,9.2,0.456,0.171,0.341,7.8,14.5,11.0,5.6,1.3,0.7,9.6,20.0,0.0,0.1,0.1,0.039,-4.6,-1.6,-6.2,-0.1,,storeaw01,2006
515,Ime Udoka,28,NYK,SF,8,0,114,6.1,0.413,0.125,0.25,3.2,15.1,9.1,8.4,0.5,0.0,7.0,11.4,0.0,0.0,0.0,0.001,-3.3,-2.2,-5.4,-0.1,,udokaim01,2006
516,Melvin Sanders,25,SAS,SG,16,0,113,10.5,0.548,0.091,0.303,4.3,19.4,12.0,4.3,2.4,0.0,17.6,19.2,0.0,0.2,0.2,0.093,-5.5,1.6,-3.9,-0.1,,sandeme01,2006
517,Anthony Grundy,26,ATL,SG,12,0,108,16.6,0.589,0.395,0.368,1.1,18.3,9.5,14.7,3.4,0.0,16.9,22.4,0.1,0.1,0.2,0.095,-1.3,0.9,-0.4,0.0,,grundan01,2006
518,John Lucas III,23,HOU,PG,13,0,107,7.7,0.417,0.25,0.0,2.2,3.2,2.7,20.3,2.5,0.0,16.3,19.2,-0.2,0.1,-0.1,-0.027,-3.8,-0.5,-4.4,-0.1,,lucasjo02,2006
519,Nikoloz Tskitishvili,22,2TM,PF,17,0,99,8.3,0.417,0.081,0.378,10.3,14.4,12.4,4.2,0.5,1.4,12.2,22.4,-0.1,0.1,0.0,-0.023,-4.8,-2.7,-7.5,-0.1,,tskitni01,2006
520,Nikoloz Tskitishvili,22,MIN,PF,5,0,13,-6.7,0.307,0.0,0.5,0.0,18.0,9.2,0.0,0.0,0.0,29.1,25.1,-0.1,0.0,-0.1,-0.331,-13.1,-5.5,-18.6,-0.1,,tskitni01,2006
521,Nikoloz Tskitishvili,22,PHO,SF,12,0,86,10.6,0.431,0.091,0.364,11.9,13.9,12.9,4.8,0.6,1.6,9.5,22.0,0.0,0.1,0.0,0.024,-3.5,-2.3,-5.8,-0.1,,tskitni01,2006
522,Anthony Roberson,22,MEM,PG,16,0,88,11.7,0.549,0.323,0.065,0.0,8.2,4.1,10.7,0.6,0.0,8.6,19.3,0.1,0.1,0.2,0.088,-1.7,-0.7,-2.3,0.0,,roberan02,2006
523,Dwayne Jones,22,BOS,PF,14,0,87,9.2,0.445,0.0,1.3,14.4,28.7,21.7,3.3,0.6,2.6,16.0,9.9,0.0,0.1,0.1,0.081,-3.8,-1.0,-4.8,-0.1,,jonesdw02,2006
524,Vin Baker,34,LAC,C,8,1,85,11.2,0.589,0.0,1.2,2.9,22.2,13.0,7.0,2.5,3.5,28.2,17.4,0.0,0.2,0.1,0.072,-4.9,2.5,-2.4,0.0,,bakervi01,2006
525,Noel Felix,24,SEA,SF,12,0,82,-1.1,0.316,0.12,0.32,4.4,14.9,9.6,3.5,1.3,2.8,21.9,20.0,-0.3,0.0,-0.3,-0.197,-10.0,-2.5,-12.5,-0.2,,felixno01,2006
526,Ervin Johnson,38,MIL,C,18,0,81,3.1,0.419,0.0,0.118,7.2,28.4,17.6,3.7,0.6,2.0,21.9,12.9,-0.1,0.1,0.0,-0.01,-9.2,-0.7,-9.9,-0.2,,johnser02,2006
527,Von Wafer,20,LAL,SG,16,0,73,-1.6,0.241,0.447,0.211,8.1,4.8,6.4,8.2,2.2,0.0,2.4,26.6,-0.3,0.1,-0.3,-0.174,-9.9,-4.1,-14.0,-0.2,,wafervo01,2006
528,Anfernee Hardaway,34,NYK,SF,4,0,72,2.0,0.336,0.071,0.143,0.0,17.1,8.4,17.0,1.5,0.0,28.7,13.1,-0.2,0.0,-0.2,-0.101,-6.1,0.4,-5.7,-0.1,,hardaan01,2006
529,Reece Gaines,25,MIL,PG,12,0,54,6.7,0.472,0.167,0.333,0.0,0.0,0.0,8.7,1.0,0.0,6.8,12.5,0.0,0.0,0.0,0.004,-3.1,-2.0,-5.1,0.0,,gainere01,2006
530,Amar'e Stoudemire,23,PHO,C,3,3,50,17.8,0.42,0.037,0.333,13.6,21.7,17.8,5.9,1.0,4.2,3.1,28.7,0.0,0.1,0.1,0.085,-2.0,-2.4,-4.4,0.0,,stoudam01,2006
531,Zendon Hamilton,30,2TM,C,12,0,49,17.6,0.593,0.0,1.286,7.2,19.5,13.3,0.0,4.3,0.0,21.5,26.3,0.0,0.1,0.1,0.098,-2.0,0.4,-1.6,0.0,,hamilze01,2006
532,Zendon Hamilton,30,CLE,C,11,0,46,18.2,0.624,0.0,1.231,7.7,20.8,14.2,0.0,3.5,0.0,23.0,26.2,0.0,0.1,0.1,0.108,-1.4,0.1,-1.3,0.0,,hamilze01,2006
533,Zendon Hamilton,30,PHI,C,1,0,3,8.2,0.266,0.0,2.0,0.0,0.0,0.0,0.0,17.3,0.0,0.0,28.6,0.0,0.0,0.0,-0.057,-12.4,5.1,-7.3,0.0,,hamilze01,2006
534,Earl Barron,24,MIA,C,8,0,45,-2.8,0.366,0.0,0.25,5.5,20.1,13.1,0.0,0.0,0.0,22.0,23.4,-0.2,0.0,-0.2,-0.167,-13.4,-4.3,-17.7,-0.2,,barroea01,2006
535,Dijon Thompson,22,PHO,SG,10,0,43,22.0,0.541,0.44,0.08,10.6,17.7,14.2,3.9,3.5,1.6,7.2,29.1,0.1,0.1,0.1,0.146,1.7,1.2,2.9,0.1,,thompdi01,2006
536,Jamal Sampson,22,SAC,PF,12,0,39,24.4,0.635,0.0,0.286,15.2,38.6,27.0,20.8,0.0,7.5,0.0,9.3,0.2,0.1,0.2,0.293,4.8,5.0,9.8,0.1,,sampsja01,2006
537,Marcus Fizer,27,NOK,PF,3,0,39,14.1,0.559,0.059,0.118,3.0,18.8,10.7,5.3,0.0,0.0,10.1,23.8,0.0,0.0,0.0,0.056,-1.4,-2.3,-3.7,0.0,,fizerma01,2006
538,Amir Johnson,18,DET,SF,3,0,39,20.3,0.85,0.3,0.4,9.0,3.1,6.1,13.4,0.0,3.7,25.4,19.2,0.1,0.0,0.2,0.208,1.1,-0.7,0.4,0.0,,johnsam01,2006
539,Alex Acker,23,DET,SG,5,0,35,-2.4,0.281,0.313,0.0,3.4,13.7,8.5,17.9,1.6,0.0,20.0,27.2,-0.2,0.0,-0.2,-0.23,-11.0,-4.2,-15.3,-0.1,,ackeral01,2006
540,Julius Hodge,22,DEN,SG,14,0,33,4.2,0.393,0.0,0.615,17.9,7.0,12.4,29.3,3.1,0.0,32.6,33.3,-0.2,0.0,-0.2,-0.219,-8.9,-2.8,-11.7,-0.1,,hodgeju01,2006
541,Derrick Zimmerman,24,NJN,PG,2,0,32,5.5,0.667,0.0,0.0,3.6,11.2,7.3,34.2,0.0,0.0,57.1,10.3,0.0,0.0,0.0,0.004,-7.7,-2.7,-10.4,-0.1,,zimmede01,2006
542,Maciej Lampe,20,2TM,C,6,0,28,-4.4,0.168,0.0,0.182,16.9,21.3,19.0,10.0,0.0,0.0,20.2,25.2,-0.2,0.0,-0.2,-0.332,-11.9,-6.4,-18.3,-0.1,,lampema01,2006
543,Maciej Lampe,20,NOK,C,2,0,16,-6.1,0.0,0.0,0.0,7.2,22.9,14.9,17.5,0.0,0.0,20.0,14.6,-0.1,0.0,-0.1,-0.257,-10.6,-2.6,-13.1,0.0,,lampema01,2006
544,Maciej Lampe,20,HOU,C,4,0,12,-2.1,0.254,0.0,0.286,29.8,19.2,24.4,0.0,0.0,0.0,20.2,39.3,-0.1,0.0,-0.1,-0.432,-13.8,-11.4,-25.2,-0.1,,lampema01,2006
545,Samaki Walker,29,IND,PF,7,0,22,-6.2,0.347,0.0,1.0,0.0,15.3,7.9,0.0,0.0,3.3,41.0,10.3,-0.1,0.0,0.0,-0.091,-13.9,1.7,-12.2,-0.1,,walkesa01,2006
546,Randy Livingston,30,CHI,PG,5,0,22,-3.0,0.0,0.0,0.0,5.2,15.6,10.4,6.0,2.3,0.0,33.3,6.2,-0.1,0.0,0.0,-0.045,-11.9,3.3,-8.6,0.0,,livinra01,2006
547,Anthony Goldwire,34,LAC,PG,3,0,22,-5.5,0.143,0.286,0.0,0.0,5.1,2.6,12.8,0.0,0.0,12.5,16.8,-0.1,0.0,-0.1,-0.245,-9.0,-4.0,-13.0,-0.1,,goldwan01,2006
548,Jonathan Bender,25,IND,SF,2,0,21,26.4,0.85,0.0,0.4,0.0,21.3,11.0,18.5,0.0,3.5,0.0,13.0,0.1,0.0,0.2,0.359,5.9,3.9,9.8,0.1,,bendejo01,2006
549,Pavel Podkolzin,21,DAL,C,1,0,18,2.3,0.323,0.0,3.0,0.0,45.9,23.4,0.0,0.0,4.2,30.1,17.2,-0.1,0.0,-0.1,-0.135,-8.3,-0.9,-9.3,0.0,,podkopa01,2006
550,Josh Davis,25,3TM,PF,6,0,17,13.6,0.361,0.286,0.429,20.4,7.1,13.7,8.8,6.0,0.0,10.7,24.8,0.0,0.0,0.0,0.018,-2.0,0.2,-1.7,0.0,,davisjo02,2006
551,Josh Davis,25,MIL,PF,4,0,12,5.2,0.25,0.25,0.0,19.4,10.1,14.9,12.5,4.4,0.0,20.0,19.0,0.0,0.0,0.0,-0.089,-6.3,-0.3,-6.6,0.0,,davisjo02,2006
552,Josh Davis,25,HOU,PF,1,0,0,,,,,,,,,,,,,0.0,0.0,0.0,,,,,0.0,,davisjo02,2006
553,Josh Davis,25,PHO,PF,1,0,5,33.7,0.463,0.333,1.0,22.7,0.0,11.1,0.0,10.0,0.0,0.0,38.7,0.0,0.0,0.0,0.275,8.5,1.4,10.0,0.0,,davisjo02,2006
554,Sharrod Ford,24,PHO,PF,3,0,13,0.6,0.667,0.0,0.0,8.7,16.7,12.8,0.0,0.0,5.4,40.0,17.2,0.0,0.0,0.0,-0.032,-16.2,1.2,-14.9,0.0,,fordsh02,2006
555,Randy Holcomb,26,CHI,SF,4,0,11,8.2,1.0,0.0,0.0,10.5,0.0,5.2,0.0,0.0,0.0,0.0,4.1,0.0,0.0,0.0,0.15,-1.0,-0.8,-1.7,0.0,,holcora01,2006
556,Alvin Williams,31,TOR,PG,1,0,10,-4.7,0.129,0.667,0.667,0.0,38.3,18.3,0.0,0.0,0.0,0.0,17.9,-0.1,0.0,-0.1,-0.278,-10.6,-4.5,-15.1,0.0,,willial02,2006
557,Martynas Andriuškevičius,19,CLE,C,6,0,9,15.5,0.0,0.0,0.0,13.0,39.8,26.3,0.0,11.9,0.0,0.0,5.1,0.0,0.0,0.0,0.155,-1.8,7.0,5.2,0.0,,andrima01,2006
558,Stanislav Medvedenko,26,LAL,PF,2,0,6,11.0,0.5,0.0,0.0,0.0,0.0,0.0,28.4,0.0,0.0,0.0,15.2,0.0,0.0,0.0,0.114,-0.7,-0.8,-1.4,0.0,,medvest01,2006
559,Deng Gai,23,PHI,C,2,0,5,0.0,,,,0.0,0.0,0.0,0.0,0.0,0.0,,0.0,0.0,0.0,0.0,-0.015,-3.6,-3.5,-7.2,0.0,,gaide01,2006
560,Matt Walsh,23,MIA,SG,2,0,3,-2.4,0.532,0.0,2.0,0.0,0.0,0.0,0.0,0.0,0.0,34.7,44.3,0.0,0.0,0.0,-0.642,-8.8,-6.9,-15.7,0.0,,walshma01,2006
561,Nenê,23,DEN,PF,1,0,3,-54.4,0.0,0.0,0.0,0.0,0.0,0.0,0.0,0.0,0.0,66.7,44.8,-0.1,0.0,-0.1,-1.312,-56.5,-14.2,-70.7,0.0,,hilarne01,2006
562,Bryon Russell,35,DEN,SF,1,0,3,16.4,,,,0.0,38.5,19.5,43.2,0.0,0.0,,0.0,0.0,0.0,0.0,0.194,3.2,5.1,8.2,0.0,,russebr01,2006
563,Alex Scales,27,SAS,SG,1,0,0,,,,,,,,,,,,,0.0,0.0,0.0,,,,,0.0,,scaleal01,2006
